-0,06198639
0,5052189
0,5954439
-0,3062328
0,3503642
0,5866349
0,2326544
-0,5024462
0,1686718
-0,2712253
0,3814724
0,2830957
0,1184278
0,2512074
0,4448292
-0,06537062
-0,07137966
-0,9694368
-0,1067906
0,1308185
0,4671707
0,06351453
0,2504533
0,1117753
-0,5955014
-0,4533441
0,4051026
-0,1440366
-0,1307182
0,1057305
0,1975319
-0,213648
-0,084351
0,2592582
0,4242628
0,2734072
-0,4335493
-0,1344392
0,03886634
-0,03999597
-0,06276709
0,1051334
-0,05843872
0,2245331
-0,4085951
0,2163601
-0,1349245
0,06535774
0,09525913
-0,1433937
-0,3067914
-0,4539222
-0,3552059
-0,1750662
-0,1873223
0,1503672
0,3638549
0,08109003
0,3913715
-0,3143297
-0,4109058
-0,283036
-0,1132494
-0,275336
-0,08805877
0,4577603
0,2488134
0,1662276
-0,3586795
-0,3129227
0,3064023
-0,4451066
0,2105528
0,1116386
-0,09883887
0,2837033
-0,2979465
0,13324
-0,476299
-0,05825514
-0,2636914
-0,07106811
0,07287961
0,1274643
-0,2950972
-0,1999857
-0,3891315
-0,2518691
-0,1649464
0,1767151
-0,4237236
0,0408017
-0,4562486
-0,2888608
0,09504205
0,4429923
0,1240644
0,2378164
-0,3256156
0,06380934
-0,06222028
0,193125
0,3010256
0,4850516
0,2630731
0,4065546
0,04193908
-0,1616601
0,3866538
-0,1243876
-0,3529674
-0,4320716
-0,05242294
0,2992547
0,3625339
-0,2622827
-0,1957131
-0,3358104
-0,1001633
0,4079562
-0,3414677
0,07592076
-0,448787
0,1780867
0,1920106
-0,3116398
0,1727004
0,4191695
0,2528545
-0,3770354
-0,2983233
0,3720936
0,09437054
-0,4754763
0,1200867
0,3940204
0,4057779
0,2937248
-0,1343747
-0,03816992
-0,1038932
0,09007841
-0,1608694
0,3731358
0,4578719
-0,3681555
-0,4455085
-0,2034381
0,1685389
0,01373237
-0,1141794
-0,4969286
0,3355181
-0,07073861
0,3098073
0,1303978
-0,09498042
-0,4999201
-0,1076296
-0,2565113
0,3353713
0,4594742
-0,3929433
-0,1194164
-0,2602302
-0,3100539
0,2874205
-0,1184308
0,3231235
-0,4553587
-0,3419492
0,4961125
-0,4436299
0,2249194
-0,2468048
