0,6622871
-0,8145806
-0,4282528
-0,3555139
0,2561752
-0,03907529
0,01690581
0,09191406
0,4426432
0,324647
-0,6275132
-0,3845023
0,2222974
0,01426917
-0,4700593
0,2685107
0,2822074
0,7880144
-0,02417487
0,4652797
-0,3861713
-0,06114876
0,2221595
0,3821766
0,4614431
-0,07112946
-1,43322
0,04347086
-0,1362772
-0,4495135
0,9316176
0,1565676
0,1288779
-0,7717807
0,5943074
-0,7921805
0,3304634
-0,7866666
0,3436921
-0,7096295
-0,3735257
0,9769547
-1,457813
0,003968
0,2972082
-0,7318304
0,8751286
0,07577311
0,2590663
0,5213703
0,6110165
0,141059
0,1471339
0,8525599
0,344543
-0,6034485
0,3270029
0,9187369
0,510435
-0,8639666
-0,5863346
0,6192511
0,1211649
-1,188186
0,4802384
-0,7069484
-1,734364
-0,8683361
-0,1044297
0,326703
0,2483783
-0,1614805
-0,8195648
-0,05088258
-0,8994287
-0,07271659
0,2702605
0,02103525
-0,1039626
-0,5849747
-0,2455011
-1,308069
0,56316
0,2162995
0,3692349
-0,3980343
0,8537687
0,1280769
0,1173998
0,976188
-0,03761292
0,2087205
-1,128151
-1,12154
-0,1086885
-0,2801082
-0,6490839
0,4627904
-2,572123
1,362716
0,9405028
-0,1269754
0,09063655
-0,2921041
-0,02880347
0,1726775
0,4360374
0,4171251
0,2126519
0,1170849
0,2620007
0,7416806
0,3109398
-0,2081158
-0,1452811
-0,4049312
-0,8725189
0,5104153
0,6291899
0,9829869
-0,2531571
-0,6428709
1,293403
0,02559148
-1,219405
0,0994873
-1,204352
-0,3212753
0,459958
-0,3401331
-0,6419178
0,05652326
0,2689006
-0,7329326
-0,6229681
-0,7555122
-0,933746
1,221249
0,6236216
-0,1994395
-0,08338356
-0,5225824
-1,05655
0,4701959
-0,2899827
0,6669694
0,4355792
-0,1466276
0,1016084
0,2312756
-0,8448026
0,2419909
0,4435812
-0,7447605
0,5609872
0,8724686
0,2954462
-0,3427287
0,9164678
1,024884
0,8004527
-0,1303193
0,6239337
2,020021
-0,7100116
1,213208
-1,077702
0,2822291
-0,04827672
0,03663182
-0,9960146
1,274775
-0,9346513
0,3602301
0,7342447
-0,5512814
-0,7596626
-1,141365
0,627139
0,2137151
0,536858
0,4268461
-1,077733
0,2067644
0,1926489
-1,413224
0,2338301
0,3638371
-1,270995
0,2976556
-0,2675282
-0,5382575
0,3260515
0,5070028
-0,03794497
0,1514541
0,7566904
-0,2379171
-0,1338458
-0,1252381
0,2736464
-0,7795308
0,8365284
-0,6327177
1,168182
1,141414
0,6227646
-1,114968
1,060878
0,2444763
0,5681677
-0,1287541
0,9644473
0,4624438
0,2093449
-0,543543
0,5358928
-0,06837514
0,09515762
-0,7696211
0,1726992
1,649442
0,1869954
-0,2887967
1,193361
-0,20326
0,7573824
0,4370606
-0,1418669
1,307276
-0,8060454
1,210693
-0,2798385
0,8771831
-0,7423714
0,4978122
0,2881795
0,4895753
-0,6222681
-0,166218
-0,6492785
0,03503072
-0,4964762
-0,4624394
0,4034137
-0,1283621
0,1533734
-0,1130641
-0,4577958
-0,005432904
-0,6462722
0,6600312
-0,1643709
-0,07302862
0,436249
-0,1761023
0,2430826
-0,1346301
-1,06726
-1,047668
0,1343424
-0,04507202
-0,5037355
-0,3235095
0,2672938
0,698852
-1,050042
-0,815175
0,6838752
0,4213657
0,4107008
0,3462356
-0,1642451
-0,4611163
0,2437649
-0,9818251
1,293405
-0,3911277
0,05242614
-0,2173622
0,2169093
1,040824
-1,737967
0,579549
-0,4666376
0,2298345
-0,5674503
-0,03715016
0,2191427
-0,448933
0,5168322
0,3303741
-1,483968
-0,136986
-0,3450362
-0,02182597
1,186998
-0,5639176
-0,5378541
1,439659
-0,6102102
-1,3051
-0,01198125
-1,015959
0,6583751
0,2066479
0,4708704
0,6110522
-0,3544776
0,02928132
-0,5699559
-0,5647385
-1,067984
0,4063479
-0,5637903
-0,5317956
-0,6610331
0,1715494
-0,5657277
0,1739403
0,6015545
1,249846
0,8000977
1,153115
0,5146745
0,4599918
-0,4651447
-0,06024577
-0,2811913
0,00596863
-0,1966015
-0,2131565
0,5349758
0,08878899
0,6277078
0,4489514
0,4637081
-0,5559793
0,4326469
-0,4891694
-0,3703014
0,3727558
0,01868296
-0,06065716
-0,1154411
0,4966377
-0,3915557
-0,987757
0,47951
0,1062441
0,06588398
0,3172985
-0,611807
0,5593011
0,007041454
-0,7083182
0,2475292
-0,7359465
0,35364
-0,193281
0,353806
1,114475
0,2917402
-0,1306241
-0,4288951
-0,3809924
-0,6723292
0,03148675
0,1427479
-0,5383029
-0,2839301
-0,865609
0,3902721
-0,2734603
-0,7104227
-0,05631371
0,009497792
0,9393454
0,7438917
-0,498216
0,6281037
0,7920775
0,3674576
0,4458035
0,263438
0,3290719
-0,9166442
-0,036093
0,3696085
0,1343917
-0,1085352
-0,05294241
-0,245566
-0,8392989
-1,168576
-0,394035
-0,5836371
-0,2158056
-0,2525155
-1,571893
0,9931891
-0,7722245
0,4002075
-0,04592015
-1,165835
-0,1105975
1,341303
0,5767277
0,7478285
0,1124384
-0,9869869
-0,258407
-0,01377141
-0,07669264
0,4901971
0,8436408
-0,3197957
-0,8806583
0,6837484
0,8448976
0,6356568
0,01208609
-0,4296632
-0,6450359
-0,04426515
0,7157348
-1,267862
-0,4530749
-0,6908253
-0,2093134
0,569462
0,4142358
-0,2605441
0,2090237
0,1492703
0,6898747
-0,3510162
0,04426742
0,01427013
-1,067277
-0,11741
-0,3140936
1,651146
1,530634
0,05907154
-1,091761
-0,3106287
-0,4431641
-0,6503637
0,7480462
1,1107
-0,9526714
-0,752799
0,007886812
1,430499
1,212766
0,1479837
-0,2879667
-0,6257278
-0,4261181
-1,070415
0,3939412
-0,8174196
-0,4686648
0,002971336
0,615202
0,9262383
0,4480193
0,3762109
0,007593036
-0,4568871
0,1523434
-0,7810619
-0,5401145
-0,8662772
-0,3120494
-0,5696833
-0,5335944
-1,576766
0,1518207
-0,1864383
0,5895784
2,141326
0,9024042
0,6627302
-0,8630701
0,4437733
-0,3149517
-0,2223832
-0,9776874
0,2213743
-0,5901852
-0,06856811
-0,189174
-0,104906
0,3677358
0,1269683
0,3667662
1,263205
-0,3109337
0,1183104
-0,3227275
-0,6409725
-0,6572334
0,06587398
0,8223482
0,4835471
0,05397283
-0,1010017
0,6243431
0,02093977
0,05835545
-0,3686486
-0,4262583
-0,01112032
-0,5647541
0,08217928
-0,1099808
-0,2899748
0,2209827
0,6346632
0,1524487
0,6266472
-0,6852399
-0,895916
-0,1932194
0,5678603
1,054713
0,2317317
-0,03212452
-0,07991874
-0,2853801
0,3141902
-1,080205
0,1547466
1,050871
-0,6844878
0,8145494
0,03401119
-0,01658279
0,1844482
-0,1955727
0,1950472
-0,5375288
0,6299981
-0,6911302
0,1636941
1,280027
-0,3264121
0,4359179
0,5094507
0,03055912
-1,957372
0,3973302
-0,4492997
0,09510565
0,4158646
0,5084079
-1,447032
-0,3058123
0,7821522
0,1615392
0,5427551
0,05332881
0,7638168
-0,0881049
0,1377194
-0,07054868
-0,5311772
0,2900911
0,2054029
1,16408
-0,4871684
0,0697794
0,371282
0,186728
-0,5559164
-0,2459624
0,2831391
0,03403312
-0,9985434
0,05431323
-0,09537977
0,04715796
0,1690865
0,625614
0,6118798
0,180146
-0,5949885
0,3929195
-0,3973029
1,073811
-0,08775218
1,167394
0,04868031
-0,5448911
-0,3416513
0,7986532
-0,3526346
-0,1064276
-0,246948
0,4297511
0,6261946
0,5745788
-0,3951589
-0,2805932
0,2886704
-0,3278123
-0,00174129
-0,1353499
-0,08954215
-0,5031852
0,4132792
-0,4345608
-0,299634
-0,07297756
-0,355013
0,5380715
-0,3298997
1,476766
0,4327328
1,014247
0,4238652
0,3814921
-0,2427273
-0,06462669
-0,1214339
-0,1090056
0,1797755
0,1830351
0,05305837
-0,8817989
-0,5161219
0,4387997
0,3462276
-0,4119146
0,4706005
0,890618
0,6571231
-0,3287805
0,899625
-0,07442488
1,067257
-0,1654777
-0,1820468
0,5502495
-1,186544
-0,9373257
0,721353
0,4329882
-0,4877139
-0,4244442
0,3953043
0,6793511
0,8327501
-0,1635917
-0,2410408
-0,08167815
0,3892691
0,1637091
-0,8576039
-0,8808095
0,1286575
-0,2117452
0,4930273
0,3881801
0,4464809
-0,5432577
-0,2920928
-1,254546
0,3129039
0,1014236
-0,9275141
-0,9973531
-0,5955898
-0,9457657
0,8261599
-0,3087288
1,023545
-0,6937283
-0,02558428
-0,6212488
-0,4966919
0,5820506
-0,102351
0,1246289
1,796334
0,6072055
-0,7121353
-1,024642
-0,7435499
0,8974158
-0,3824674
-0,06236304
0,7569054
1,719851
0,4365285
0,2602441
0,1051185
0,4826638
-0,9394828
-0,06277508
-0,1272441
0,2987558
0,5200826
0,2284786
0,3835914
0,0217666
0,3315265
0,7073708
-0,2382871
0,9270408
-0,7929649
0,7275117
0,4908963
0,1048537
-0,2680813
0,0905991
-0,1280856
0,7175394
-0,04088104
-0,7686392
0,8224224
-0,7140073
0,1916776
-0,3546894
0,326833
-0,1732732
0,2524627
1,900455
-0,1734921
-0,6656978
1,179607
-0,2619569
-1,010987
1,254383
0,2909341
0,593865
-0,9275348
0,2099427
-0,004814267
-0,4351062
-0,5992399
-0,6107903
-0,565953
-0,3011305
0,8407868
-0,1723348
0,3315462
0,8898904
-0,1934865
-0,7773529
0,6270756
-0,04495209
-0,216583
0,1490968
0,3601834
0,1097147
0,6258444
-0,464754
0,4679177
0,8574067
-0,7031925
-0,159355
0,4087386
-0,7380813
-0,8301483
0,348264
0,2967619
1,104528
-0,100382
-0,3537339
0,6120473
-1,557539
0,5212679
-0,3240402
-0,03060234
-0,5407346
-0,05704685
0,6839449
0,4014724
-0,6043816
-0,5519757
0,2628517
0,1901754
0,4995891
-1,303707
0,1908517
-0,2724393
1,154908
-0,933787
-0,5684762
-0,05510503
0,3378365
0,925126
-1,641215
0,07186113
-0,4759486
0,2054027
0,3858591
0,2258057
0,4756795
0,8509783
-0,05346268
0,05142719
0,09013349
1,792016
0,5244342
-1,010775
-0,4710749
-0,1324723
0,180243
0,1147912
0,6717518
-0,5519931
-0,2078399
-0,496038
-1,385955
-0,5238298
-0,1200077
0,9699527
0,7034278
-0,2440962
0,08458319
0,05369198
-0,5673406
0,6435053
0,1622831
0,3162326
-0,06082298
-0,06865489
0,1635343
0,7593796
-0,2830402
-0,3771374
-0,003015101
1,100513
-0,1170797
1,135866
-1,032089
-0,8859035
0,4149516
-0,481978
0,07656217
0,4169882
-1,082696
-0,7185143
0,8709877
0,7834771
0,006303489
-0,4481342
-0,09213346
-0,8227174
1,269265
0,3201035
1,023247
1,289627
0,9901006
0,3123585
-0,1987441
1,061021
0,6582478
0,1060777
-0,723146
0,1069003
0,309733
-0,9681388
0,1549705
1,348109
-0,5280023
-1,419509
0,5937876
0,7875624
0,1227301
-0,6689119
0,36645
-0,9253457
-0,4551361
0,1417698
0,08105612
-0,794305
-0,5955571
-1,326566
0,159754
0,07351267
-0,8335237
0,8099717
0,06153971
0,7738158
0,8610432
-0,5775886
1,009251
-0,2221656
-0,6869128
0,08097768
0,3436134
-0,540657
0,09753267
0,2525908
-0,8456054
-0,3335649
0,2153294
1,865355
0,1341072
-0,7138649
0,04462725
-0,5372167
-0,1164658
0,6193795
-0,7940873
0,2294187
-0,5580086
0,9809613
0,555207
-0,3851563
0,5729167
1,563068
0,6137621
0,8597231
-0,6080291
0,7133679
0,08704841
0,5446065
-0,5573932
0,200826
0,577581
-0,250411
-0,0305509
0,1341646
-0,5173988
-0,6099447
-0,8030785
1,207926
0,8809915
0,4221656
-0,1987199
0,1847089
0,744785
0,6208399
0,1431191
0,4662673
-0,2806407
0,3175274
0,4559377
-0,2033309
0,3159128
-0,7129489
1,23367
0,2055701
-0,4345623
0,7856052
-1,172554
0,6906236
0,1209272
0,5009157
0,0009757876
-0,482496
0,7313041
0,5445935
-1,072417
-0,4174081
-0,6646892
-0,2510255
-0,4931266
1,106183
-0,526372
0,7192286
0,9164184
1,147609
-1,035274
0,1454684
0,4322845
-0,4040179
0,9230387
-1,230924
0,4403395
0,3448241
-0,1117854
-2,043767
-0,4954989
-0,6154708
0,4236886
-0,1366121
0,4868307
0,506834
1,268459
0,5793632
0,0470615
0,1135511
-0,834624
0,8294675
-0,2071084
0,4180117
-0,1130282
0,6951439
1,333428
0,2776499
-0,8161008
0,289389
-0,09381765
0,8400128
-0,4849653
0,03943193
-0,1419232
0,8139675
0,2866424
-0,1167764
0,325873
-0,1298215
0,04846406
0,3032411
0,09081769
0,3980538
0,2825193
2,053343
0,3545468
1,214177
0,8376558
-0,4845341
-0,3358403
-0,1633414
-0,02922121
0,0869417
-0,2298979
-0,7388602
0,401355
0,7046725
-0,4903578
0,5266829
-0,09730037
-0,9235356
0,324038
1,226581
0,1039614
0,1654682
-0,8608547
0,1373141
-0,2713271
-0,4312053
1,128492
0,1771798
-0,8729249
-0,04954953
0,9742335
0,6129078
-0,3752463
0,4769104
0,6930574
-0,4023319
1,087628
0,03842431
1,208544
0,4337537
-0,3549032
0,7400892
-1,084664
0,5611285
0,009277523
-0,5719056
0,1010703
0,5096512
-0,202391
0,01719421
0,8706239
0,06948894
-0,6593378
-0,7720438
-0,2701045
-1,38277
-0,3531434
0,5471891
-0,8738601
0,3817803
0,6376256
-0,9669067
0,5043361
0,4300687
0,02427912
0,7130945
-0,337266
-0,0701285
-0,9151372
-0,2542043
-0,4922607
0,4649798
-0,07233179
0,1087635
-0,03795016
0,8428311
0,6087166
0,9630865
0,1308336
0,09209216
-0,426461
0,2711454
-0,6322451
-0,09430301
0,07734017
-0,7871322
0,4251167
0,1301997
0,7641912
0,2075702
0,2043549
1,030394
0,1014365
-0,2564128
-0,2454055
-0,8571994
-1,161512
-0,1678447
0,3884358
0,01821756
0,4358495
0,3909347
0,1883702
1,236349
-0,03936745
0,6154793
0,1478481
-0,4519988
-0,08648622
-1,363064
-0,00882414
0,7681732
-0,1367076
-0,5615461
-0,2774037
0,3404518
-0,5040464
-0,8683769
1,620355
-1,592395
0,3558552
0,1610864
2,768565
-0,4797295
0,4069701
0,2768873
0,03982842
-1,320463
0,1748502
0,6858345
0,1671885
-0,3448895
0,1909423
0,4152352
0,01689184
-0,1797318
-0,4075068
-0,06670035
0,1496854
1,007973
-0,3566999
-0,3323354
-0,09053504
-0,632463
0,4031222
0,711992
-0,4649304
-0,5056171
-0,2223964
-0,1904854
0,01696889
-0,3076039
-0,3378649
0,5745365
0,2710433
0,3775844
-0,7187853
-0,3372259
0,1178661
-0,7748246
0,09428799
-0,5544418
-0,2175278
0,3622156
-0,5016774
0,2070579
0,9656392
0,05631207
-0,0677135
-0,04037565
0,5079543
0,04837513
0,5688491
0,5668023
0,02223527
-1,065273
0,5688849
-0,6271062
0,1933083
0,4785431
-0,513166
-0,001863897
0,1224203
0,1428907
0,6080109
0,6685348
-0,2032439
-0,03135782
0,4981667
0,7486151
-0,2313572
-0,5829002
0,524037
-0,05893713
1,379106
0,190852
-0,4926413
0,06426583
-0,02320915
0,06506187
-0,05946147
0,7642562
-0,03583384
0,03193521
-0,1219701
-0,8796018
-1,007073
1,073927
0,8051238
-1,247332
0,4243563
0,7126863
-0,1238961
1,332732
1,45744
-0,4754401
0,1768302
0,7691723
0,1537881
-1,460167
-0,4598606
-0,2747674
0,9119887
-0,2339563
-0,8080412
0,2189175
0,5815094
0,009618029
0,5563341
-0,2428158
-0,3028451
-0,02012295
-0,2983076
0,1973853
-0,02087247
0,4345531
0,3408259
0,6550587
0,7508247
1,193025
-0,08304143
0,1057986
-1,02762
0,7139264
-0,1747218
-0,4545144
0,6083054
-0,2922369
0,8989679
0,8743566
0,383103
0,1863852
-0,06498176
0,3034191
-0,9254595
-0,512293
0,4988965
1,13169
-0,4686651
0,3663623
0,03317451
0,2326093
-0,6820332
0,02671939
-1,224728
0,6746793
-0,3272868
-0,7935631
0,3820859
2,179401
0,1359943
-0,7869419
-0,1761554
0,05321369
0,1992642
0,6406044
0,07414961
0,6370509
-0,5467945
0,2157187
-0,7345451
0,4900464
-1,154329
1,315525
-0,2308868
0,2967309
0,4842718
0,4260601
-0,5257552
0,2183231
1,668333
-0,11248
-0,2060098
-0,9063745
0,4018332
-0,1119719
0,04327272
0,3557369
0,949164
-0,6612793
-0,550393
-0,01725
-0,5836838
-0,00956285
-0,2231101
-0,3906921
0,3741034
-0,5222743
0,003591597
0,1306443
-0,3099005
0,433356
-0,5170649
2,119301
-0,02876812
0,6737496
0,1599415
0,8989087
-0,6926465
0,1027711
-1,267678
0,2093105
0,5857204
0,07604688
0,2256991
0,2777157
-0,5782636
-0,7957848
-1,234524
0,6820077
0,7740017
0,1844149
-0,1413131
-0,3775436
-1,449287
0,8198447
0,1308782
-0,2527301
-1,439151
0,8931305
-0,2012384
-0,4951999
0,3137606
0,2495243
-0,07422251
-0,5572624
-0,4108948
-0,3055238
0,1054925
-0,6722095
-0,07015407
-0,786619
0,7768511
0,1960948
0,401447
0,1541902
0,408731
-0,5148047
0,4797183
-0,7009258
-0,2310212
-0,8367205
0,6022906
0,6581661
0,3726558
-0,4018517
0,5748118
0,3328891
-0,08180827
0,6001283
0,7232499
-0,1254058
-0,06656379
0,374303
0,3205903
0,5962679
1,063699
0,319021
-0,9952263
-0,2760001
-0,004453421
-0,8954299
-0,4171419
0,2740298
0,7945727
0,962925
-0,5615174
-0,2397877
-0,4808475
0,1352144
0,8207513
0,5280291
-0,141475
-0,168435
-0,5334716
-0,490092
0,8803381
-0,1293061
0,7831454
-0,4104467
1,492365
0,1730175
-0,1856163
0,02207077
-0,3021884
0,07128268
-0,5958785
0,5886179
-0,3229362
-0,445066
-0,1983615
0,03947693
0,07804231
-0,03231555
-1,125228
0,4952069
0,1671006
-0,6185675
-0,1693562
0,1765577
0,32331
-0,2712227
-0,3992239
-0,493368
1,0466
-0,03794414
-0,6401415
0,440856
-0,8085937
-0,214712
1,237498
-0,4805255
-0,4161962
0,9817914
0,2773895
-0,01334667
0,6789783
0,3100438
0,3214303
-0,4901385
0,6783211
-0,2362948
0,5276537
0,6851801
0,5510098
-0,3215085
0,8749108
0,2974758
2,111562
0,1519088
-0,2051782
0,5736626
1,593356
0,5378974
-1,143247
-0,3613793
-0,5043607
0,5859757
-0,391899
1,466168
0,5740629
-0,4146724
0,56644
1,954152
-0,2486263
-0,4771723
0,3889343
-0,5104687
-0,4295891
0,5802199
-0,2229319
0,1502492
-1,749864
0,7118822
0,07694185
0,2492883
-0,008203566
0,5840116
-1,033384
0,5119147
0,632404
0,6020516
0,02127737
-0,3952948
0,3632963
0,01924062
-0,4031411
0,3178781
0,1690393
-0,2727493
0,7778026
-1,146063
-0,9635299
0,1265162
-0,1921921
0,4526308
-2,054322
0,5937361
0,06483793
0,6194786
-1,769099
-0,1631041
1,450712
-0,7425121
0,5571673
-0,8044088
0,9694592
-0,2595558
0,608144
-0,6845482
-1,158222
0,8230929
-1,22719
1,612658
0,8376535
-0,1703641
-0,7110599
0,02389514
0,9027131
-0,03605808
1,024671
0,2082577
-0,8610998
-0,3253869
0,4482565
0,7665794
1,270545
0,4126971
0,5396092
0,4433452
-1,023419
-0,7502602
-0,2490373
0,04382384
-0,7747098
0,4524825
0,0093095
0,5147008
0,01649773
-0,661142
0,3285104
-0,03070921
-0,6420509
0,2290829
-0,1958387
-0,4941829
-0,05764031
0,80215
-0,3128704
0,641934
0,9383291
0,2238313
0,1934368
-0,1367233
0,1528125
-1,368141
0,2972744
0,2278004
-0,2512101
-0,125623
-1,432532
-0,8200563
-0,7176378
-0,3927991
0,5190475
-0,8091201
-1,42392
-0,5775536
0,4294766
0,2569487
0,4863899
0,5573682
0,7230955
-0,1398143
-0,3704761
0,03281796
0,768234
-1,10124
0,4582306
-0,5183456
-0,4248192
0,5516402
0,3324059
0,3232834
-0,6166446
-0,1094946
0,9134527
0,704866
0,3645957
-0,7436123
1,620492
0,5111587
-0,02329618
-0,02480298
-0,4711452
0,2733707
0,2055904
0,1889625
0,06260949
0,7111821
0,5767759
-0,5110201
-0,3108656
-0,02375008
0,1551993
-0,05600172
0,2897175
0,4914476
0,3753403
-1,433323
1,134228
0,2098872
-0,653571
-0,2216194
-0,1634491
-0,2791967
0,7075149
0,22675
0,4273346
-0,6274549
-0,3406807
-0,06670612
0,3215699
0,5201724
0,1461833
0,2136069
0,177972
-0,5885476
-0,2095914
0,348398
0,1777391
0,1526965
-0,06746644
-0,5425153
-0,6686767
-1,115286
0,7707697
1,229512
-0,7528242
0,07594639
0,9453341
0,4222676
-0,4831368
-0,06953052
-0,3130754
-0,2771824
0,09948592
-0,7998098
0,09778374
-0,7934344
-0,6999404
1,210819
0,5026621
-0,1180655
-0,0914681
-0,646962
-0,690515
-0,9236959
0,7313739
-0,08624464
0,08180904
-0,2421671
0,5950658
-0,5532545
0,2360104
-0,381339
-0,7080708
0,4611433
-0,5017604
-0,02069002
-0,4325458
0,592743
-0,03659919
-0,6440112
-0,1430299
0,2420663
-0,1876872
-0,4728251
0,4298111
0,306926
-0,6707678
0,416942
-0,6038961
-0,269491
-0,0422228
0,06492043
1,390568
-0,1013727
0,6854956
0,3148489
-0,4513365
0,6553653
-0,7617717
-0,6305892
0,2048511
-0,5513775
0,09972112
0,1331653
-0,6823802
-0,3240705
0,1404217
-0,004425049
1,173951
0,2933173
-0,1351346
-0,7630612
-0,4873705
-0,02413255
-0,9343901
0,02462423
-0,7959437
0,4969678
0,1193181
-0,09237325
0,1580665
0,2562557
-0,4004027
-0,3972253
0,5312091
1,419666
-1,169804
-0,2068531
0,3614384
-0,352087
-0,03725868
-0,3580077
-0,1833451
-0,305711
-0,3044507
0,1543171
0,6103902
0,9550906
0,06872666
-0,1108462
-0,1283759
-0,3102368
1,22742
1,108232
0,6499375
-0,853672
0,01136988
0,6218201
-0,6599109
-0,5537106
0,2020178
0,3392744
0,5494288
-0,6490893
-0,05068892
-0,5291001
-0,3577562
-0,3409007
-0,6613559
-0,3899429
-0,9109312
-0,3728684
-0,3572934
0,1876123
-0,04397768
0,9306874
-1,324534
1,148402
0,4119002
-1,166861
1,372032
-0,1105934
-0,8997706
-0,5437465
-0,7313237
0,4612833
-0,2056766
-0,2053996
0,2501114
-0,5655628
-1,344005
0,6244865
0,3452089
0,285443
0,1764598
1,281242
-0,4521511
-0,359718
0,2609869
-1,244944
-0,5010489
0,936283
0,05069199
0,2509416
-0,7533402
-0,2049655
-1,175643
0,1133453
-0,715986
0,5227718
0,6514952
0,8272705
0,9808667
-0,670476
-1,651442
-0,5214224
0,4885707
0,7696082
-0,09208727
-0,1035157
0,9577901
-0,5783269
0,1598703
0,06185126
0,5317863
0,8110815
1,307302
-1,266399
0,4075118
-0,6493206
-1,579872
-0,1175891
-0,8067561
0,3399505
-1,142782
0,8594452
-0,7683061
-1,009244
0,6129452
0,5955261
-0,2272501
0,2601271
-0,4328867
-0,5756573
-0,9826852
-0,6235281
-0,3682361
0,2483106
-0,3709692
1,181789
0,4439769
-0,7083805
-0,8985018
-1,002726
0,01004839
-0,7322945
0,858489
-1,120754
-0,64754
-0,002292037
-0,1643094
0,2442543
-0,5857301
-1,033302
-0,09534603
-0,6267602
0,2200487
-0,4010717
-0,224591
0,9979336
0,1920297
1,268886
0,3473759
0,1526222
-0,8136483
0,2659758
-1,021722
1,122694
0,2559956
-0,09417033
-0,5651128
-0,598523
0,4510793
-0,2435162
-0,1900148
-0,12734
-0,09680319
0,9807519
0,5378253
-0,9386848
0,4394479
-0,04331321
-1,152435
-0,6618432
0,1317118
0,456542
-0,3294675
-0,106985
-0,1937124
1,031313
-0,912315
-1,244307
-0,9964965
-0,4381987
-0,6398998
-0,1385225
0,1167201
-0,2702414
0,4748424
0,2406861
-0,2993682
-0,3575765
0,04171437
-0,3714345
-0,03290564
-0,01558685
0,6278473
0,1402802
0,5450886
-0,8288963
-0,7095968
0,4505427
-0,5222864
0,6658722
-0,8059115
-0,05977251
0,07833117
-0,0605644
0,3285066
0,03306657
2,051992
0,2685147
-0,1717765
0,8875908
0,1497843
0,4750158
0,2890188
0,1936383
-1,225362
-0,5317721
0,07037412
-0,810119
-0,3440477
0,3930959
-0,6319995
0,5171974
0,1829568
-0,3758057
-0,5062888
-0,7416181
-0,1476271
-1,521226
1,439785
-0,7978725
0,3122887
0,8561219
1,0567
-0,9512018
-0,001601398
0,14099
0,2128318
0,6165237
-0,02976143
0,6375664
0,3881763
-0,6400522
1,008579
-0,213875
-0,5993201
-0,1004833
0,1327972
-1,166161
-0,9491374
0,2439539
-0,6230096
0,573475
0,4750836
-1,048121
0,6756086
-0,950582
0,3464799
-0,07384908
1,15803
-0,1271337
0,3755623
0,7338655
0,0556345
-0,7638756
-0,8810955
-0,8752686
0,1580611
0,7306052
-0,6779198
-0,5467149
-0,4967963
0,784847
-0,07770568
-0,3511454
0,3375814
1,802086
-0,4156148
0,910055
0,1572992
-1,456056
0,1806089
-0,2304089
-0,770822
0,7860758
-0,2886345
-0,9203877
-0,8804089
-0,506604
0,5089954
0,394083
-0,4612213
0,4500645
-0,6241503
-1,050953
-0,7514636
-0,0738318
0,80936
-0,2240491
0,5549315
-0,6164948
0,1468645
1,293341
-0,1944347
-0,1751341
0,2556351
-0,3307551
0,7612243
-0,5298672
1,219893
-0,3789071
0,2744064
-0,0950098
-0,5314915
0,462675
-0,1711563
0,1523575
-0,1008972
-0,1904977
-1,265033
-0,09599227
-0,1241465
-0,4325293
-0,2869737
0,4617386
0,8813159
0,2365615
0,4751932
0,167483
0,769954
-0,2084401
-1,327587
0,0003220439
0,6579922
1,232033
-0,02395178
0,3639597
0,04040176
0,7122559
-0,5166491
0,1827368
-0,9905567
0,09560007
0,9204754
0,4691899
-0,4556712
-0,2960888
0,3750744
0,1456823
0,3647409
-1,034554
-0,4830291
-1,289027
-0,1815907
-1,651413
-0,2250117
0,02282773
0,05640662
-0,175119
-0,4824459
-0,584104
-0,05759455
-0,4625813
0,2444858
-0,5365397
-0,0402596
-0,9283339
1,182774
-0,1058083
0,3836063
0,1776356
-1,017237
0,5563741
0,3432439
0,1601909
0,3151511
-0,6423452
-0,9786848
0,1439165
0,7411027
-0,2685089
1,306614
0,5801277
-0,2077993
0,6065589
-0,2382978
0,07557434
0,2939057
0,2329551
-0,5126153
0,8915252
0,2658836
-0,2958019
0,4977235
0,2232656
-0,1284735
-0,634065
0,2170777
-0,215394
-0,1700137
0,5633254
0,05713075
0,6101289
0,8702625
-0,4197401
0,2388061
0,4088947
-0,09753904
0,07478021
-0,3445969
-0,0402714
0,09189576
0,323364
0,2297457
0,01365566
-0,3549825
0,4106518
-0,1764606
0,02687472
0,2796854
-0,08768988
0,9958424
0,7811882
-0,3928657
0,163455
0,001038134
-0,4209366
-0,7445855
0,06106156
1,003693
0,6741161
0,7903895
1,553441
0,8060364
-0,5276482
-0,794915
-0,3564882
0,217164
-0,7944832
-0,6228488
0,5045133
-0,5295097
0,1607956
-0,4645491
0,1412378
0,8877434
0,6727264
-0,1122361
0,1762771
-0,4722021
-0,6240784
-0,01428296
0,47838
-0,002424657
-0,2080709
0,1321064
-0,533462
-1,348715
0,5895151
-0,9327541
0,3766779
1,471852
-0,507879
-0,3575957
0,8315174
-0,264869
-0,1767926
0,3949092
-0,006636143
0,9734737
0,2430928
-0,7912527
0,4489301
-0,8076343
-0,03095146
0,2242141
0,9435682
0,9450741
0,2780759
1,034876
0,6093061
-0,5678504
-1,065724
-0,06185545
0,3960196
1,230432
-1,125767
-0,4365115
0,6019762
-0,1238867
-0,3771351
0,9519072
-1,491543
0,02411722
-0,09442593
0,4999375
-0,1014143
0,1700667
0,4414855
-0,6446571
-0,2709516
-0,5538473
-0,3513306
0,463582
0,3374191
-0,2842002
-0,2156848
0,7373424
-0,6844453
-1,423252
-0,03037335
0,01452073
1,146785
-0,1547012
0,5468993
0,4899822
0,3555405
-1,545545
0,2945845
-0,2476779
0,8020304
0,6500317
0,1070081
0,5204351
0,8310893
0,1648157
-1,292668
-0,01231545
-0,4319327
-1,933957
0,06970768
0,06362242
0,7505932
0,3697603
0,5664263
0,5080117
-0,5511789
0,3271754
0,4075749
-0,7506196
0,7702346
-0,05366325
-0,5378938
0,6920202
0,3389565
-0,4312467
-0,2401153
-0,4640579
-0,7203541
-0,746397
0,5643878
-0,8216953
-0,8541371
0,5639336
-0,3280264
-0,8078492
0,7086161
-0,02022696
1,776603
0,1147122
-0,3998571
-0,5269195
0,2943447
-1,070177
-1,081582
0,5069816
0,561395
0,5353599
-0,8141562
-0,740202
-0,0716536
0,05846286
0,5931163
-0,1237419
-0,1511405
0,5078021
0,472916
0,174213
-0,8163306
-0,6727477
-0,5668716
0,5923163
-0,5953806
-0,7286416
-1,041241
-1,37948
-0,4865566
0,0942452
-0,5842507
1,237546
-0,9366578
-0,3316272
-1,080538
0,423797
-0,5524021
0,6973254
0,3566044
-0,09994155
-0,7205069
-0,2932698
-0,1975416
0,7789743
-0,482305
0,9502919
0,2936812
-0,8956807
-0,413519
1,048375
-0,2783074
0,7054064
-0,03868932
0,2360141
1,39087
-0,4569867
0,7032737
-0,1729994
-0,2829866
-0,5665231
-0,002782285
-0,3552782
1,190255
0,2918252
0,8271636
-0,2739932
-0,3229065
0,3739462
-0,4072574
-0,5687613
0,08402817
-0,9790003
-0,9893482
-0,06793368
0,1028497
-0,5996094
-0,06175143
-0,7626714
-0,4029723
0,4606726
-0,2707977
-0,581727
0,3108841
0,5127913
-0,08983076
-0,4826575
-0,2498316
0,862973
-0,06396389
0,08402403
-0,3265318
-0,9140155
-0,1886182
0,4116898
-0,4671308
-1,021566
-0,1554587
-0,8159621
-0,4447075
-0,628566
-0,2338867
0,581665
0,3943952
-0,5608408
0,4720879
0,4011991
-0,505034
0,3486599
0,5761101
-0,1428635
-0,4462999
1,124562
-0,1684503
-0,5466275
-0,9044811
0,09274583
0,2004122
-0,007358387
-0,3236265
0,2054832
-0,05142815
-0,8813667
0,7794046
0,7892985
0,9493776
-0,281631
0,6252837
-0,6945848
0,7440928
0,4242696
0,2444057
-0,3297045
0,07587992
0,1300585
-0,06712991
0,4360104
-0,257892
-0,2460717
0,5375246
-1,338016
1,286437
-0,06632359
-0,8406628
0,7258499
0,5954306
-0,656052
0,9753439
-0,7560755
-0,2219209
1,102178
0,3196862
-0,6261917
-1,220111
0,3458369
-0,5012105
0,4599825
0,1568478
0,7932499
-0,3375486
1,096501
0,003581882
-0,07834375
-0,1856622
0,762826
0,9537284
-0,1118403
0,5106971
0,2915219
0,6117829
0,4007355
-0,3851785
0,3021131
-0,1430526
-0,2775301
-0,2069674
-0,08908552
1,148682
0,9790773
-0,9107157
0,1085777
0,6488518
0,1874048
0,6510648
0,1721878
0,1134278
-0,6311976
0,7423394
-0,2108916
-0,5637274
1,088792
0,09718585
-0,1468079
0,588536
0,07292289
-0,251806
0,5514237
-0,6386589
-0,0962401
-0,2223384
-0,2046327
-1,020786
-0,6204516
-0,5116708
-0,6413785
-0,02242996
0,9999413
-0,1857933
1,232238
0,06927562
0,1092849
0,06007814
-0,5494024
-0,6166521
-0,00616771
-0,1109385
0,219337
0,859615
-0,4997106
-0,1444515
0,6555316
-0,9131776
-0,2298414
0,1589513
1,516874
1,087269
0,6784062
-0,07774097
-1,471501
-0,1733774
-0,3718949
-0,169575
0,5284156
-0,1543274
1,007715
-1,027713
0,76426
0,538241
1,004107
-0,7197691
-0,4268641
-0,5902559
-0,6173041
0,0423978
-0,1380217
-0,668088
-0,3191324
-0,9148563
1,021755
-0,3612766
-0,408817
0,60485
0,9166392
0,1374585
-0,6381493
0,7837273
-1,980397
-0,3594649
0,5780719
1,114516
-0,8427685
-0,7569402
0,87877
0,7991109
-0,6659954
0,1862687
-0,3671356
0,04876912
0,4936249
-0,6436564
-1,182023
1,159971
0,01292944
-0,7065448
0,1018493
-0,4500594
0,9398732
-0,01946872
0,312253
0,8300846
-0,4526005
-1,474218
-0,4936444
-0,6595165
-0,0621385
0,1643172
0,4706634
0,5648714
-1,558561
1,076621
0,5300909
-0,3040154
-0,3212357
0,7064147
0,1257638
0,05915993
0,7624428
-1,613193
0,2951513
-0,9266705
-1,54665
0,3398958
-0,3953641
-0,462441
-0,7135409
-0,3012924
0,1170252
0,268025
0,4913506
-0,8343181
-0,8914135
-1,006143
-0,5669752
0,5448374
-0,3567189
0,7248568
-0,3676251
-0,4633256
1,128861
-0,3747866
1,010976
-0,4784498
-0,1188829
0,5107778
1,081226
-1,073309
-0,147731
0,1705905
-0,4858568
-0,5555553
-0,6119038
0,4285125
0,03923416
-0,1044343
-0,2923936
-0,1244559
-1,338682
0,2269593
0,833231
0,4179913
-0,5517055
-0,9731831
-1,157897
0,5744178
-0,2123817
0,5944852
-0,07853211
0,9535142
-0,1017636
0,7645997
1,356873
-0,8269652
-0,4669501
-0,09032673
-0,3120678
-0,2500407
-0,7350008
-0,7796077
-0,5980104
-0,0828346
-0,3367955
-0,9656479
0,9110423
0,09270567
0,7138897
0,3255662
-0,4983144
-1,539845
-0,2363991
-0,7768492
-0,1140045
-0,4998798
-1,552258
-0,3876418
-0,2367702
-0,1886317
0,4635154
0,4677176
0,3976037
-0,07748061
-0,3453122
-0,04946835
-0,6963097
0,1773124
-0,1990752
0,09164487
0,4225013
0,7545389
-0,5986071
0,3108684
-0,4806943
1,309006
-0,4302784
0,09402561
-0,6787511
-0,36942
-0,05736727
1,129051
0,8806985
0,2294394
-0,2866284
-0,6506235
-0,3908839
0,4711533
0,249028
0,1105944
-0,1486384
-0,5493965
0,1785509
-0,2016746
-0,05342758
-0,4423531
0,2438047
-0,2565945
0,9666631
-0,7985753
-0,003521919
0,1880842
-0,7195017
0,8697587
0,7510915
0,5657668
0,4521065
0,3857956
-0,1283116
0,7824968
-0,1004974
-0,2561895
0,191811
0,1527103
-0,2079327
-0,05363281
-0,3387763
0,8067316
0,8841752
0,6958348
0,3254925
-0,4260777
-0,9528056
1,029544
-0,3921404
-1,285662
1,063232
-0,4488642
0,001934588
0,2885612
0,4425312
-0,7509191
-0,2722225
-0,3114068
0,4213552
-0,2249661
0,3946435
-0,6294066
0,3683972
0,6228113
-0,1239437
-0,181429
1,07104
-0,06319954
0,3689258
-0,4613861
0,1989774
0,02908272
-0,02898985
0,8445249
-0,7171581
0,6138684
0,4241443
0,4123623
0,01810473
-0,4095386
0,5010172
-0,6343049
0,3472307
-0,7968629
-0,4975564
-0,4133886
-0,1043582
0,5565191
0,7639619
0,07893944
1,797158
-0,128627
-0,3455959
0,6377942
-0,1125721
0,6386552
0,8263735
-0,3226776
-0,07325435
0,4436625
0,7044793
-0,8772058
0,2919011
-0,160825
-0,6881956
0,5485817
0,05068022
0,8808293
-0,01335408
-0,1181759
0,5360376
0,1128539
0,5432113
-0,1475011
0,4186287
0,5249532
0,7892395
0,5030224
0,08275241
-0,1304453
-0,6396635
0,3360254
-1,108104
0,09761469
-0,4944721
-0,1187622
0,4541146
-1,529873
0,598956
0,7421861
-0,1685989
0,5828736
0,07849322
0,03961122
0,3468363
0,2984034
-1,106877
0,08390319
0,5311868
0,2838749
1,436605
0,2227871
1,328241
-0,9552589
0,1275071
0,07322806
-0,9717651
-0,6093538
-1,632493
0,09452188
0,7340277
-0,7814894
0,2502127
-0,2270275
0,008714482
0,1102313
0,05082422
0,1297136
-0,1491704
-1,141835
-1,341805
-0,0452732
0,2860615
-0,2023097
-0,6402745
-0,3493448
-1,841653
0,534366
-0,5562282
0,2320936
0,4177739
-0,5177269
-0,2038949
0,150969
-0,3949267
-1,057292
-0,8801263
0,2156639
0,7767369
0,0008535981
0,1345245
-0,1517795
0,5321537
0,3729146
0,01117884
-0,02029365
-1,203765
0,4613376
-0,4422617
0,4379721
0,3421249
0,02410787
-0,7681413
-0,2388383
0,3311027
0,01694429
-0,3358971
0,8873633
0,5667067
-0,3748097
-0,9936733
-0,179308
-0,2003824
0,4619664
-0,3984121
-0,2862746
0,8487275
-0,5079144
-0,6817897
0,1577623
-0,05231452
0,469127
0,1660549
0,1657274
0,5916707
-0,4789359
0,1097762
0,3928397
0,1359626
0,1455245
0,4288126
-0,523478
1,157348
0,9336422
0,4868698
0,4195924
-0,3832673
0,5556905
0,155097
-0,02667058
-0,2352628
0,2506396
-0,7864366
-0,4001369
-0,09425622
-0,07872248
-0,8160497
0,1279065
-0,1026312
1,030482
0,1594822
0,06946528
-0,5093619
0,5715911
-0,2620708
0,1259062
0,0917691
-0,06674784
-1,028743
0,3364288
-0,1668453
-0,3038888
-0,0273115
0,09662086
-0,2016097
-0,3304328
1,037013
0,1108133
-0,2570004
-0,8586445
-0,376187
-0,1967493
-0,07157446
-0,9793724
0,002107605
2,044534
-0,5673118
-0,003565133
-0,4089711
-0,6997286
-0,2728927
-1,071539
-1,038064
-0,2748196
0,4933018
-0,296545
0,3396924
-0,6405329
-0,1808681
0,2413206
-0,3748279
-0,009137511
0,2164618
-0,2667353
0,09813152
0,5905191
0,1856019
-0,1472036
0,6025853
0,4740523
-0,1699126
0,4759228
0,7846459
-0,6465887
1,823845
-0,423004
-0,9135479
-0,7459006
0,5503286
0,2997164
0,6450227
-0,1420971
-0,2760891
1,249182
-0,5168914
-1,85822
-1,279629
-0,6505433
-0,6153887
-0,1505185
-0,4640751
0,352063
0,005566776
-0,5389377
-0,6077901
1,361465
-0,0003174543
1,377038
0,6908188
0,2699893
-0,001746535
1,09225
-1,130015
-0,1615036
-0,5627497
-0,5017753
-0,04327267
0,1755515
-1,05656
0,5338932
-2,20479
-1,226467
0,1392391
0,3377965
-0,6523504
-0,1450135
0,2365928
0,9469975
-0,04918666
0,1302685
0,01374739
0,3889617
-0,1165915
-0,3703283
-0,1015006
0,3430017
-0,04740649
0,6658354
1,115225
-0,1208595
-0,2807704
-0,596588
0,3447506
0,7484208
-0,5272673
-0,3961382
-0,8040111
-0,6823769
1,13656
0,3285933
-0,2043396
-0,1361354
-0,2066407
-1,375985
0,2383145
-0,4717591
1,41718
0,8585915
-0,6072537
-0,4575251
-0,5078026
-0,8913013
-0,5744756
0,392034
0,8372029
-0,9734126
0,1373805
-0,1242127
0,6417955
-0,1047461
0,4416187
0,6366314
-0,8479028
-0,1038306
-0,3925856
-0,6284475
0,1053176
-0,1738377
1,208459
0,9797441
0,1975264
0,7382197
-0,30255
0,2670643
0,1100386
-0,7724372
-0,5434122
-0,6116672
0,6794674
0,9721441
0,480105
-1,894627
-0,2126474
0,7292003
-0,3268442
-0,4546868
-0,1949403
0,7411979
-0,2252535
-0,9809803
-0,691066
0,8982707
0,2852669
0,06619112
-0,115366
0,1933169
-0,04179376
1,204623
-0,1308399
0,4518
0,614226
0,3084285
-0,127044
-0,09225197
0,2233365
0,9596382
0,1164404
0,6979597
-0,1644661
0,2551731
-0,7910111
-0,9579518
-0,293227
-0,6780111
-0,1913594
0,07970399
-0,4566488
0,5396222
-0,6059727
-0,3947122
0,2533558
0,1717717
-0,2730548
0,7669625
-0,141819
-1,133633
0,5363918
0,9442983
-0,03542049
0,08296502
-0,7622302
-0,7856433
0,4879172
-0,7625033
0,8344525
-0,8572301
0,0684853
0,206059
-0,05544519
-0,126102
0,6484352
-1,06389
0,5306211
0,2631811
0,1797287
0,865777
-0,007520497
0,07897395
2,492406
0,3922698
0,7290756
-0,235139
0,007898375
-0,4053847
0,7279487
-0,1770135
-0,04931259
0,3512232
-0,3189715
1,985731
0,6143082
-0,6512477
0,6950133
-0,423411
-0,6751542
-0,5464308
-0,259467
0,409924
-0,7282762
-0,332396
0,4393479
1,029419
1,260028
0,334745
-1,180056
-0,2857569
0,3090701
-0,3912212
1,480904
-0,2924998
0,2784055
-0,5182537
0,08272618
-0,3117968
-0,02216363
1,01461
0,01246417
-0,9518135
-0,6256348
1,505594
-0,7784963
-0,3472923
0,7284461
0,5134166
0,2866672
-0,1106192
0,2021044
1,279708
0,8773271
0,1112565
-0,04054636
-0,02473694
-0,5462318
0,4700796
0,1597264
0,2648149
0,1823436
0,2112141
-1,670791
0,04289097
-1,40838
-0,6443133
1,065055
-0,3981159
-0,0246771
-0,01035607
0,9303313
0,991021
-0,9205
0,07869807
-0,08178115
0,4562991
-0,03826852
-0,3540551
0,09610248
0,8115201
-0,6755074
-0,8614968
-0,4521644
0,042705
-0,04419571
-0,5240312
-0,4519159
0,4634817
-1,336017
-0,09827876
0,6433528
0,08132218
0,07945649
-1,033355
-0,7370254
-0,200617
-0,1870857
0,4100647
1,437054
-0,3839497
0,3979572
0,0395481
-0,1411851
-0,9119271
0,4727967
0,5644027
0,4669779
-0,7459846
0,3907305
-0,7477983
-0,2991951
0,2344012
-1,414307
-0,537771
0,1238285
-0,3071861
-0,3410123
-1,632172
0,8220834
0,4679809
0,5282453
-0,5310323
0,06665331
0,103242
0,7078973
-0,4881051
-1,327666
0,7484987
0,8524075
-0,2150221
0,3428426
0,09322833
0,07341439
0,1566343
0,203217
-1,33821
0,3184671
1,092712
0,4524155
-0,2672504
-0,5968346
0,7809605
0,4907723
-1,149639
-0,6786307
0,1912585
0,05322027
0,1928241
0,5555232
-0,370651
0,6288585
-0,6254531
0,5186332
0,1734348
-0,2550838
-0,3721871
0,5649112
-0,565367
-0,5096987
0,3075452
-0,1723236
-0,07034355
-1,151542
0,8385631
-0,1511827
-0,1150684
0,2970736
0,03322321
-0,1856618
-0,1042614
-0,4019485
-0,3831514
-1,578585
0,4698388
-0,1076707
0,9664275
-1,175901
0,1024523
-0,6547336
-0,5094043
-0,3931774
0,2814071
-0,6680681
0,2955208
0,9528035
-0,3667476
0,661581
-0,17975
0,2969269
-1,160511
0,3715281
-0,2850949
-0,2424738
-0,698656
-0,8389649
0,7151318
-0,3926716
-0,8188633
-0,2910051
-0,408254
0,3309403
0,9597968
-0,2182178
-0,9489813
-1,484452
-0,6277323
0,933925
0,6657202
0,9549085
0,6097077
0,01300222
-0,3541549
0,2515807
-1,371958
-0,6133425
-0,8399208
-0,02151191
0,8093887
0,5665383
-0,09650369
0,3654229
0,2275846
0,6693614
0,2464081
-0,5014661
0,0357874
-1,463109
-0,02880579
0,8274536
-0,6232026
-0,1532415
0,3659573
-0,1554086
-1,198393
0,5710827
-0,4928458
0,8390979
0,7543907
-0,380038
-0,6759854
0,04520333
0,07550977
0,6503984
-0,82227
0,2634021
0,08607888
-1,085997
-0,4561869
-0,5166947
-0,3036042
-0,789239
-0,4712075
0,1151633
0,1493025
0,2899177
0,0659375
-0,1532992
0,5102842
-0,2090029
-0,3174111
-0,4323639
0,4722567
1,448509
0,09034872
0,2807663
0,7251804
-0,02825023
0,5500131
1,820199
-0,8890002
0,7035008
0,05552322
-0,2284369
-0,6924748
-0,8662331
-0,3627798
-1,199704
0,1780711
0,9624323
0,1115888
0,8842314
-0,9553426
0,2596757
-1,417981
-0,6559582
0,08953905
0,01073901
-0,5530668
0,2412159
-0,0762074
1,016572
-0,1903591
-0,009594142
-0,2751814
0,3757412
0,461369
0,152253
1,252111
-0,4657477
-1,30819
0,6023003
0,4226977
-0,4539099
0,7260752
-0,3330227
-0,8563062
-0,05160713
-0,6386151
-0,5667921
0,740487
-0,7573021
-0,06103219
0,1296147
-0,6439131
-1,029958
0,04406242
-0,2213107
-0,8268839
-0,2001144
0,3435352
-0,1535375
-0,1188495
0,9441683
0,9152725
-0,4208825
-0,6079295
-0,1300091
-0,6484047
-0,1978566
-1,079193
-0,5184817
-0,5970344
0,1237471
1,095228
-0,1432845
0,105648
0,2969351
0,6712773
0,1430271
0,05277601
1,27475
0,5031433
1,256049
-0,6755365
-0,1325675
0,4171788
0,8602141
-0,4794506
0,7925515
-0,3880286
0,6034992
0,627342
-0,1172745
0,104422
-0,7568974
0,7580495
-0,8363474
0,6280587
0,5860626
1,012917
-0,02385598
0,3173251
-0,6025895
0,5697352
1,130362
0,5892535
0,2606985
-0,4833637
-0,792147
0,5444785
0,1133528
0,4842433
-0,09062049
-0,002103657
0,299708
1,035073
-0,5634975
0,8389206
-0,5144938
0,7119408
-0,9898735
0,07249582
0,3562023
0,7827432
0,5297883
-0,6409832
0,1308116
-0,388994
0,9565894
-0,2315318
0,6913623
0,2853281
0,7755011
-0,1800539
-0,8762737
-0,4539682
0,6134848
-1,054769
-0,2107648
0,3336226
-0,3261595
1,449774
0,1118934
-0,07926959
0,2524225
-0,2320097
1,034337
0,1339009
-0,4569951
-0,01427378
0,2017096
0,8125106
0,1652508
0,3400573
0,1326542
1,465696
-0,4684261
0,1895607
-0,1610549
-0,6656122
-0,193267
0,5829209
0,1444499
1,964687
0,2964627
-0,3042617
-0,2215495
-1,065969
-0,7111095
0,08724785
-1,74812
-0,7867116
0,3744872
-0,2302477
0,3930181
0,2968666
-0,04732001
-0,01649797
0,2094463
0,7148074
-0,1816894
0,4603088
-0,2964122
-0,6716571
-0,1193165
-0,5298324
0,1603988
1,149625
-0,1742622
-0,3874056
1,294288
-0,4175411
-0,242873
-0,9978851
-1,154216
0,9926611
-1,743029
-0,203411
-1,203409
0,01374976
0,07264517
-0,2667331
-0,6665661
-0,3038543
0,7179824
-0,4386874
-1,53302
-0,5438157
1,72676
0,1384953
-0,8969536
-0,8321435
-0,2634013
0,4469944
0,06029367
-0,3472485
-0,06053628
1,015897
-1,359507
-0,4802299
0,2535394
0,1806947
1,408827
-0,5700336
-0,3440633
-0,06263526
0,8483768
0,9328496
0,3524902
0,2038664
-0,237663
0,6967733
-0,5532612
0,04201168
-0,3113596
-0,1101394
0,3471435
-0,07153994
-0,196884
-0,1323942
0,07041019
-0,3332654
-0,3926577
0,2206871
0,7942399
0,1994904
-0,8685248
0,01393205
0,4426357
-0,4802671
1,007043
-0,1582828
-0,236483
-0,4977253
1,328411
1,724519
-0,5528224
-0,6057166
0,4220899
-0,1257296
0,8099335
0,5890021
-1,798982
-0,5437921
0,6112317
0,2487699
-0,322044
-1,200685
-0,5858091
-1,10285
0,8705449
0,5818329
1,294079
1,28368
0,5119292
1,46382
-1,251537
-1,164465
-1,142006
0,4294143
-0,8755988
0,3963649
1,47412
0,002676055
-0,182166
-0,6441494
0,3271615
0,02288437
-0,06198199
-0,3361547
0,5288031
-0,07194227
0,5777068
0,1820809
0,3220211
-0,07662737
0,3487591
-0,5484695
-0,1729
1,451706
-0,4282509
-0,2960835
0,2240136
-0,001062393
0,8203346
0,3087807
0,8651264
-0,6426254
0,4017053
-0,9592737
-0,2714503
-0,9463918
-0,1145952
-0,8814287
0,05679332
0,6463737
0,01135415
-0,4265034
-0,004625753
-1,146935
0,6500695
0,2639744
0,7262105
0,5579888
-0,2503806
-0,06143415
0,2564838
0,3740564
0,00992775
-1,011161
1,039862
0,08154523
-0,5641683
-0,4557776
0,09824932
-0,1583343
-0,273831
0,3897353
-0,2248601
-0,8619777
0,5114036
-0,4784628
-1,208398
-0,1221798
0,597801
-0,2570311
-0,7713491
-0,3623685
0,3618234
0,2411485
0,9516008
0,2434079
0,3560525
0,1104251
0,7192323
-0,5510767
-0,6610867
0,4017093
-0,3858662
-0,4785763
0,1374839
0,4132243
-0,4972631
0,1633926
-0,7997717
1,270454
-0,5602522
0,2939765
-1,187734
0,3048102
-0,2434137
0,6961765
-0,3425602
0,9912868
0,6131318
0,2716306
-0,5170599
0,1696292
0,1455943
-0,1442934
-0,1102065
-0,3151407
-0,9429229
-0,7850987
-0,3052796
0,281051
0,284266
-0,2175575
0,2146325
-1,193907
-0,4645359
-0,1288711
0,8269382
-0,2955454
-0,1131691
0,6034123
-0,189256
0,8993466
0,98603
0,1746337
-0,3199758
-0,7575234
0,1813285
-1,106563
-0,8736705
-0,890774
-0,3000877
0,5463886
0,0455783
0,04260468
0,8405111
0,6505688
0,05452511
0,06004965
0,7460797
-0,1102342
0,2037563
-0,7153891
-1,230204
-0,3626043
0,4548238
0,04250371
0,5006157
0,09940682
0,4580153
-0,737516
-1,543082
-0,1372642
-0,07673514
-0,6503046
0,0689652
0,6532663
0,5303943
-0,4085743
0,05434638
-0,1438081
-0,2084376
0,7549974
0,8915753
0,09430152
-0,4014916
-0,1483727
-0,03425103
-0,3447065
-0,2143247
0,5552888
-0,1473177
0,6768547
0,3210698
-0,02583337
0,1282074
-0,08937722
0,3320042
0,4333262
-0,0003001392
-0,5580925
-0,1130903
-0,3835026
-0,6731842
0,3824276
0,1390704
-0,09449674
-0,05940837
0,4862642
0,3029494
-0,4976913
-1,003536
-0,5787591
-0,6122617
-0,09975302
1,026948
0,07364547
-0,2928674
0,1490015
0,07052201
-0,2119336
0,3724279
-0,1810004
0,02419826
0,7760933
-0,2834941
0,2036736
0,2756945
-0,07337733
0,01911736
-0,02299994
-0,6101049
-0,747551
0,6072383
0,1507568
0,5351214
-1,400774
-0,6216906
-0,05663729
-0,8263271
0,3951721
-0,7250826
0,7425238
-0,379256
-0,41829
0,2525745
-0,1282207
-1,246296
-0,4152361
-0,2293474
0,8269745
-0,3935506
0,6151674
0,2907719
0,074875
-0,7940233
0,1568154
1,538031
0,5138016
0,1211532
-0,6786044
0,1135464
-0,1906357
-0,9186966
-0,5035902
0,7774611
-0,8348019
-0,1224028
0,6262462
0,354873
0,4441618
0,09784311
-0,8361075
0,889223
0,9121916
0,5668523
0,1729635
0,08334875
-0,5572745
1,102268
0,1068482
0,5699996
0,2239395
-0,4564779
0,3366969
-0,2125663
0,02097744
0,2050241
-0,1375273
0,534153
0,6177492
0,3441906
-0,1834226
1,241665
0,8486719
0,3367712
0,05936933
-0,5115598
-0,661165
0,1056167
-0,2327761
-0,04417241
0,6904426
-0,3841518
0,06426686
-0,5917663
1,376836
0,352232
-0,1487245
1,185416
-0,6710632
0,7705262
0,4376208
-0,4443179
0,5870685
-0,02417856
1,728109
-0,9763418
1,190846
-0,03326161
-0,1842636
0,9361236
-0,01295608
-0,2152066
-0,6319647
-0,08116752
-0,7207723
-0,6051259
0,09395349
0,7959114
0,1689516
-0,1538769
0,2391144
-0,01842129
-0,814872
-0,3694653
-0,452595
-0,1727682
-0,7789023
-1,031309
-0,1842853
0,472807
0,4604288
0,6327677
-1,111664
-0,1177796
0,1674614
0,483023
0,8663383
-0,9951627
-0,732133
-0,2963933
-1,164769
0,2036161
0,9512987
-0,1546947
-0,3827212
-0,525221
-0,300936
-1,08573
-0,5965008
-0,2667807
1,040602
-0,1548204
-0,6886979
0,8668706
0,2944139
3,098176
-0,08492935
-0,4225679
-1,574912
0,07568829
0,1598627
-0,6024421
0,6350297
-0,09092623
0,885323
-0,01858187
-0,601016
-0,002056062
1,258554
0,2945661
0,01992702
0,05558836
0,5208284
0,1003652
-0,57887
0,4808146
0,003669441
0,4350522
0,03841341
-1,335514
0,229615
-0,3591723
0,2201312
-0,4127174
-0,9361296
-0,03482854
0,2743372
-0,5336927
-1,431861
0,8384783
-0,1366742
-0,9346607
1,549183
0,9713211
-0,9605335
-0,5222347
0,4577479
-1,288432
-0,7672383
0,2849713
0,1117856
-0,2921169
-0,3480092
0,2387288
-0,0008707643
-0,8223325
-0,2335925
-0,8632572
-0,1802581
0,6631745
-0,02700245
-0,2111303
-0,2676759
-0,3276043
0,1475376
1,020808
0,0934422
0,3512536
0,3376279
0,7271128
-0,2717486
-0,6094942
-0,5754924
-0,8210651
-0,02336454
0,2791938
1,319605
1,167779
0,4021646
0,1601381
-0,04211247
0,4062279
-1,086724
-0,2730477
0,8898695
1,343776
0,4221268
0,06522208
0,2635761
0,7592146
0,5551816
0,01339024
0,8796318
-0,9782833
-0,5190769
-0,221166
1,044291
-0,3987443
-0,07574308
0,4132327
0,2756403
1,569383
-0,7320435
-0,2445341
-0,4630233
-0,8508961
-0,4332049
-0,5715496
0,2001653
0,1015772
0,3204951
0,09040493
-0,3320923
-1,335048
0,07928091
0,5828164
-0,8653298
-0,1602263
0,2353101
-0,5888541
1,105712
-0,7797742
0,8806186
-1,048148
-0,2610782
1,009772
-0,5063757
-1,198138
-0,7812801
0,6928468
-0,8679102
0,5601658
0,3677182
-0,365924
0,8706646
-0,6865983
0,3222346
-0,4026967
0,3931843
1,541384
-0,4358357
-0,02138051
0,3561042
-0,394582
0,6858777
0,6917233
-1,042755
0,3703244
-1,253508
0,06899735
0,2573907
0,0712316
0,2637054
-0,008108944
-0,6388241
0,108296
-0,4433029
0,09099489
-0,2240883
-0,0847618
0,03914438
-0,2862772
0,6216564
-0,6947807
1,740265
-1,506983
0,5080345
-0,7345375
-0,5667938
-0,01277316
0,6934402
0,1685752
0,5401171
-0,6122019
-0,8640755
0,3695676
0,1047676
0,8239607
-0,1591998
0,957614
-0,1988913
0,3781658
-0,5316476
-0,3854455
-0,08268672
0,1121703
-0,1794099
0,1528914
0,2329109
-1,054245
0,1957051
-0,314133
0,4387598
0,2174358
0,2046115
-0,7750387
-0,1722531
0,6199215
1,141112
-0,2220121
-0,1495115
-0,8086624
-0,09592097
-0,182489
-0,5094389
-0,5588648
-0,76597
0,004215717
0,6350234
0,9541104
0,5637118
-0,4924649
0,9009481
-0,3202237
-0,378112
0,7757751
-1,172164
-1,362071
0,03662342
1,064203
-0,8389981
0,4021434
-0,1510628
0,7753565
-1,423226
-0,5065237
-0,01402141
-0,9813066
-0,8348642
-0,2769566
0,3682994
-1,077971
0,1600468
-0,7228923
-0,424809
0,1705813
0,7341233
0,7360339
-0,4988563
0,5131543
-0,9388927
0,5362194
0,1196839
-0,9118972
0,02177012
0,7518664
0,9433951
-0,1121335
0,2857101
-0,1606162
-0,03975619
0,05644208
0,2133
0,1544687
-0,9126844
-1,076239
0,7195227
-0,9239075
-0,3321685
-0,6844
-0,7370128
0,4211255
-0,8822233
0,3884427
0,1149617
0,8356575
-0,1604162
1,346123
1,115861
-0,3319766
-0,2991779
0,1621107
-0,04445785
-1,185895
-0,8854669
1,562649
0,4467224
-0,2107501
-0,6703427
1,036532
1,009842
-0,1393928
-0,1758351
0,6962256
0,4202273
0,5423549
-0,965392
-1,334957
-0,7765855
0,5251867
0,6061643
0,3549083
-0,2858202
0,07281518
0,1106535
0,1914686
-0,4933359
-0,6323947
-0,2779713
-0,1667475
0,4687613
-0,1673982
0,4057013
1,303537
1,226421
0,01845789
0,4068578
0,663753
-0,004727855
0,7211534
0,317443
0,1250641
1,062553
0,8794702
-0,3335731
-0,9889766
0,07825027
0,9140375
-0,2518347
-0,4150532
-0,2736133
-0,2719397
1,249098
0,6273884
0,3406157
1,203621
-0,283926
0,08054483
-0,7282985
0,1454547
-0,04940915
-0,8068649
0,6070068
-0,6606212
0,4504616
0,1794904
0,3825841
-1,085835
0,458171
-1,003051
-0,0720122
-0,4686757
-0,08122134
-0,2264584
0,2512169
-0,7496318
-0,560603
0,2770628
-0,6598644
0,4151865
0,2163723
-0,2181499
-0,1260178
0,2619674
1,169373
0,6044476
0,5339886
0,5137479
1,279812
-0,2853475
-1,234428
-0,02142498
1,020833
0,01075423
-1,29044
0,9850726
0,9115769
0,3540006
-0,3115305
1,311818
-1,703773
-0,03025782
-0,29321
-0,5209993
0,6693479
-0,8677517
-0,1093153
-0,6837425
0,06648159
0,3625454
-0,5946468
0,2451066
0,03425485
0,3817632
0,01824486
-0,3431146
-0,6876869
0,5443432
-0,2689106
-1,034907
-0,939369
-1,095971
-0,89937
0,6301339
0,7934343
-0,08208968
0,3900708
-0,1663786
0,184775
-0,6849523
0,3982085
0,1853711
0,1562611
0,9946638
-0,3021384
0,281189
0,5420825
0,4485148
-1,038642
-0,809559
0,5280173
-0,1884037
1,26628
-0,5975967
-0,7886319
-0,8820155
-0,1142104
-0,6600586
-0,1327718
0,7602438
-0,4966652
0,3199266
-0,3467314
-1,17459
-0,2733172
-0,2777401
0,3751088
-0,2851945
-0,7774566
0,1809965
-0,1960629
0,2809721
0,9598355
0,01591884
-0,9905885
-0,04641671
-0,09107038
-0,3048468
0,5662749
-0,1223749
0,6515368
1,104352
0,3012893
0,4315889
-0,9307099
-0,09833181
-0,2707919
0,09259574
-0,1834469
-0,4070974
1,088335
0,7167453
-0,2557062
0,1702519
1,113312
-0,09879696
-0,0904025
0,3715881
-0,2906584
-0,3441603
-0,09222455
-0,09388454
-0,8259162
-0,05327034
-0,4185522
1,036672
-0,4108933
-0,7703887
0,8294649
0,1247299
-0,7458273
-0,6543427
-0,7000736
-0,006385386
0,6550241
-0,729769
-0,48842
0,4207206
-0,3328507
-0,375137
0,8767141
1,237168
0,04141158
0,4330223
-0,03393036
-0,2801227
0,7012609
-0,3767216
-0,321565
0,2918579
0,6417674
0,643894
0,09505951
-0,3744777
-1,10759
0,4875523
-1,099384
-0,23582
1,194994
0,03527766
0,9254733
0,1573263
-0,5201401
0,7648855
-0,6688105
-0,2215338
0,3745781
-1,485754
1,406569
0,0942021
-0,8854024
-0,8509688
-0,1956754
0,2245613
-0,02984083
-0,2910689
-0,4527
-0,1663945
-0,111692
0,1424423
0,143787
-0,708009
0,4624733
-0,3013622
0,6396345
0,6620605
1,066307
-0,5170319
0,2057813
-1,212043
0,00984405
-0,1490925
-0,2791669
0,431971
0,7243446
-0,1815537
0,8349587
-0,3734031
-0,4855561
0,5627535
-0,5023162
-0,5527871
-0,03633714
-0,273718
0,1214716
-0,03376061
0,7481217
-0,2903177
-0,2191073
0,6053013
0,05611312
0,5285786
-0,9147804
-1,232251
0,5951788
0,6101745
0,03379852
-0,3985303
0,3006573
-0,2397054
0,2057586
-0,07904136
-0,3979003
-0,4122127
-0,1610899
-0,02278544
0,6777929
1,299161
-0,876372
0,8345503
-0,01106496
-0,5374094
0,5086194
1,655983
0,7938124
0,6782027
-0,05216348
-0,3524908
0,06708467
0,4612709
-0,1158497
-0,5119053
-0,1558996
-0,06419146
-0,7197801
0,6134344
-0,8295822
0,2336682
0,5125014
1,530375
-0,5938549
-0,245041
-1,069618
0,1630811
0,2286465
-0,1606529
0,1376683
0,9804005
0,1150408
-0,662912
0,1971014
0,007749438
0,9278504
0,2793437
-0,7233271
-0,781966
-0,739778
0,06860948
0,09340134
-0,05596817
-0,7199516
0,7717328
0,4906496
0,001113355
-0,03144503
0,4484782
0,401999
0,5116751
0,3236698
0,7393581
0,9017059
0,1541321
0,4681617
0,3796681
-0,08491135
0,02444559
-0,7334053
-0,2243154
1,140273
0,7620277
0,7073115
0,2621117
1,270004
0,141826
-0,1238732
-0,1023542
-0,2297576
-0,05025704
-0,2792706
1,196693
-0,01338613
0,184354
0,2035085
1,016362
0,2979943
0,034253
1,154401
-0,6866751
0,4281521
-0,08217938
-0,5632979
-0,5665769
-1,500349
0,2877399
-0,9283214
-0,7076744
-1,356745
-0,129176
0,8021401
0,8225673
-0,4563593
1,098295
1,384572
-0,5288598
-0,1865344
-0,3907578
-0,4876449
-0,1807494
-1,188426
0,5759644
1,195188
0,4228472
-1,054338
0,5407391
0,9547088
0,07427615
1,05083
-1,350288
-0,4939717
0,2061776
0,2013422
0,5260115
-0,05609375
0,4525126
-0,420545
0,7654313
-0,1468113
-0,656427
-0,4045465
0,05109447
0,0315308
0,1054815
0,5861543
-0,4813015
0,894545
-0,1666894
0,8438064
1,007085
0,2010771
0,0659816
-0,9731013
0,01363224
-0,1616299
0,4306741
0,2587736
0,7412641
-0,4463404
-0,5170652
-0,344957
-0,08171037
0,1505382
-0,5929225
0,02453184
0,6583852
-0,6967684
-0,81631
-0,4152858
-0,7096704
0,1459352
0,02680612
0,7021304
0,04197508
-0,2811575
0,05238813
-0,4488383
0,5828897
0,03856742
-0,4957334
0,2945576
0,3752955
0,1108233
0,7932634
-0,6265417
-0,1719176
0,01848805
-0,2002327
0,4829876
0,5404537
0,1736153
-0,02099431
-0,09566396
0,03262323
-0,1218137
-0,5416894
-0,2838252
0,4913898
-0,343132
-0,5364474
0,3297525
-0,1755781
0,9704335
-0,9317881
-0,391001
-0,01425099
-0,163523
-0,3053423
0,2787625
-0,2965003
-0,2214494
-0,6542525
-0,9597553
-0,6979854
-0,2542652
-0,7208498
0,3447869
-0,2461385
-1,102308
0,06464219
1,056781
-0,8548467
0,9353499
0,05441765
0,5702828
0,5149641
0,129933
0,04350846
-0,9954408
1,749219
-0,01037008
1,185598
-0,4355098
-0,6368575
-0,3561472
0,2284127
0,7165345
0,2310364
-0,7202009
-0,5493703
-0,8055549
0,5819307
0,06729066
-0,09283441
-0,2678921
-1,011409
0,7536541
0,5759256
-0,8064741
-0,1553991
-0,6523176
-0,3755131
-0,1929305
-0,8088949
0,2600499
0,3452082
-0,3110892
-0,3232551
1,967607
0,3111798
-0,6046917
0,1628439
-0,268989
0,1180965
0,7539619
0,460486
-1,299745
0,3472763
-0,0002735257
1,253813
0,3700706
-0,1772933
0,8018011
-2,194954
-0,2727045
-0,7171868
0,3498817
-0,9704632
-1,269365
0,665005
0,4062925
0,1023645
-0,4127016
-0,4463558
-0,4769986
-0,09407218
0,1936598
0,1414423
-0,831367
0,4531394
-0,4179039
0,6125492
-0,4585491
-0,5552669
-0,8634009
0,387685
-1,062809
-0,1477379
-1,070223
-0,09430291
-0,9791457
0,2210879
0,321579
-0,4676988
-0,2952164
0,6957435
-0,07048841
0,2654689
0,4114238
-0,7506795
0,8471565
-0,4119352
0,4634314
-0,6618782
0,1905123
0,924028
-0,01021683
-0,5289096
0,9105274
-0,8065833
-0,09093356
-0,7545983
0,2233317
-0,1600326
-0,166308
0,00994812
-0,2301474
0,04946786
-0,6588392
0,6426541
-0,2875923
0,3310043
-1,237864
-0,5265891
-0,8510351
0,05639204
-0,1086704
-1,010942
-0,6433132
-0,7588166
-1,723516
-1,238131
0,09835583
0,6720092
-0,216594
0,3759734
-0,1339128
0,496931
1,144178
0,5340475
0,3524467
-0,1848058
0,1135496
0,2662998
0,1421337
0,1469671
0,2022861
-0,5511817
-1,381183
-0,9853783
0,196737
-0,1843864
0,1120076
0,1929059
-0,1921192
-0,9888846
0,4682688
-0,05208838
-0,07758617
-1,563899
-0,8144132
-0,02352571
-1,008083
-0,6276338
-0,6084298
-0,0896706
0,2049139
1,177727
0,7408185
0,8005791
0,9265877
-0,3505659
-0,3111121
-0,01042336
-0,1708331
-1,287055
-0,8566428
-0,1074526
-0,3776544
-0,005028665
0,8502297
-0,2366862
0,1648996
0,7824726
1,134361
-0,3905284
-0,2458608
-0,2521029
0,6460136
-0,3745544
-0,016359
0,1510506
0,1348457
0,2133981
0,1623237
-0,8538126
0,3466729
0,3162813
-0,01627785
-1,270926
0,09065297
0,1799062
-0,2185201
-0,7064402
-1,20698
0,6436592
-0,6523055
0,2667141
0,2244357
-0,7715749
-1,413758
-0,2197906
-0,4142226
-0,5398946
0,2098724
-0,006715134
-0,01713663
-0,1514009
-0,3632301
-0,6689242
1,321031
-0,6060715
0,1716283
-0,1185151
0,07338434
0,714748
-1,133628
-0,4016761
-0,4989545
0,7277691
-0,935955
-0,4211526
-0,1513155
0,4416389
0,1864925
-0,4231887
0,9094192
0,2269332
0,3976965
-0,07427341
-0,365431
-1,316036
-0,4910067
0,6337789
0,6077385
-0,2169559
0,5132695
-0,116752
-0,3153448
-0,1884744
0,2933818
0,1343763
-0,3284394
0,1650683
0,3249658
0,07440346
-0,2630851
-0,03878549
0,1523152
-0,2004652
0,5135921
-0,302256
0,7928969
-0,8285446
0,865723
-0,4911763
-0,6286036
0,4424176
-0,3241256
0,09624171
-0,5753458
0,8869875
-0,04743999
-0,2063582
0,1120894
-0,5480033
-0,5340828
-0,4433541
-0,2905558
0,5051134
-0,1045965
-0,2892754
0,3280598
1,327176
-0,3073177
0,4921139
0,8632324
0,7343804
-0,4820908
0,2761495
0,7641486
0,2559327
-0,4513993
-1,842969
-0,3389872
0,1635635
-0,7754938
0,04348511
-0,09055924
-0,3172191
0,06311136
0,2015536
-0,8110198
0,5492618
-0,01056114
0,6078936
-0,05833024
1,087304
-0,8165089
0,4739667
0,1934723
0,8356361
0,5512304
-1,321532
0,3470632
0,2056156
-0,9769512
-0,3864056
0,3347699
0,08494133
-0,1155194
-0,1073151
0,1671899
-0,2820363
0,1091132
-1,146243
0,4360104
0,1146138
0,5220826
-0,740273
-0,5260208
-0,2432068
0,2566618
0,1042902
-0,2243766
0,08973931
0,6749414
-0,2587886
-0,6811655
-0,3677409
-0,5247995
-2,750127
-0,08303261
-0,2361082
-0,1549718
-0,2964087
0,6914278
-1,232434
0,1564612
0,3362495
-0,8859335
-0,01406395
0,02971929
0,2914385
-0,08666694
-0,8086572
0,5344669
0,2083363
0,926968
0,3889236
-0,1746364
0,09625892
-0,8236767
-0,1774306
-0,1143441
0,4310827
-0,6779497
-0,5362537
-0,2677348
-0,9005083
-0,1828786
-0,07565159
-0,7527483
-0,4155071
-0,1199397
-0,3334739
0,3104192
0,1179023
-0,2802256
-0,6957394
-0,2378174
0,03425747
-1,795235
0,5063506
0,3236176
0,4570343
0,3853819
-0,327381
-0,3382829
0,2413164
0,4799533
-0,05043477
-0,3206841
-0,5589928
0,4637961
0,9364511
-0,1836231
-0,6401953
1,080212
0,3816296
1,108235
1,305041
0,0139066
0,1202158
0,7553887
0,6687251
0,5748831
0,9798319
0,5101942
-0,6249149
-0,8428054
-0,3164156
0,1555365
-0,8853115
-0,4253407
-0,5996939
0,09854215
-0,5417867
-0,2789767
1,234473
0,2046828
0,08496104
-0,4776437
-0,8934151
-1,284008
0,1165885
0,1080426
0,7350327
0,1252172
0,2376327
0,1664376
0,4777761
0,591404
-0,2691404
0,9252372
-0,1004539
0,3602836
0,7631025
0,53087
-0,5512419
0,3932002
0,8016166
0,07749031
0,9942215
-0,5999241
0,1655415
0,244444
0,7874896
-0,7895451
0,01578671
0,4530584
-0,4808818
0,9057459
-0,2133946
-0,4359319
0,7584898
-0,9093402
-1,025379
0,4608696
-0,2178419
-0,4709197
1,242319
-0,6426675
-0,9753517
-0,1172263
0,8922188
0,263452
-0,0556584
0,4107649
-0,003182486
0,07781945
0,5190591
-0,2223251
0,1691663
0,3882987
0,4755456
0,853175
0,07073283
-0,02103901
-0,1978542
0,2052806
-0,1691231
-0,5605422
-0,1224608
0,3149992
-0,0426293
0,2216787
-0,356222
-1,366083
0,4353535
0,3799154
0,6562752
-0,4648804
0,3917322
0,2307236
-0,9337434
-0,02309549
-0,2062016
0,2217073
-0,9245488
-1,085437
-0,4743559
-0,3929738
0,2169327
-1,070422
-0,4745482
-0,3377678
-1,276841
0,170902
0,627836
1,163959
-1,056493
-0,3590301
-0,7350439
0,1085015
0,5347942
0,856125
0,2948693
0,3242235
-0,50521
0,1953218
0,2891592
0,1007013
-0,04985595
-0,1115482
0,3822476
0,8204952
0,4779791
0,6787133
0,9317261
-0,7549137
-0,576362
0,9005293
-0,21401
0,1384673
0,5991325
1,053523
0,4566767
0,1394953
0,8816882
0,6412296
-0,8754045
0,7016812
-0,9865694
0,5415853
-0,00622502
0,1903535
0,2065069
-0,2593113
1,412914
-0,1129838
-1,681575
-0,4461683
0,4910609
0,09139782
0,8677912
-0,6478774
-0,7312885
0,5009281
-0,1511056
-0,05927534
0,5432886
0,0610081
-0,2122747
-0,01959926
0,4385312
0,3931332
0,02711046
1,998366
0,7866781
-0,3060997
0,2001707
-0,3789891
-0,8484936
0,0003609061
-0,2323268
0,8537866
0,8965523
0,2908102
-0,1106991
-0,9609519
0,1229779
0,5932389
-0,6694101
0,556111
-0,01840992
0,290191
-0,5594354
-0,72406
-0,1642945
-0,3624319
0,6003717
-0,1703736
-1,091798
-0,1191947
-0,2860348
-1,17858
0,2530174
-0,9910223
-0,02606159
0,9612802
-0,2679101
-0,1946808
-0,269842
-0,5957408
0,8808784
0,6900959
0,8202246
0,3709169
0,1959962
0,236507
-0,2121795
-0,4401792
0,1233567
0,3556849
-0,4031895
-0,3034587
0,2617862
-1,112851
0,3115502
0,8296061
0,5949095
-0,05689412
0,2673588
-1,464924
-0,3582725
-0,7710935
1,330908
0,5564352
0,8675257
0,2041997
-0,7600423
-0,01492608
0,1548018
0,6447538
0,578018
-0,2928696
-0,6948245
-0,1560836
0,0462309
0,3325779
-0,3587899
0,1787615
0,035923
-0,7720116
0,477043
0,6004288
-0,1908335
-0,3415419
-0,1507974
-0,9223086
0,3687356
-0,1074055
0,1417637
0,0278285
0,4033806
0,1896498
0,5869036
0,6102941
-0,2467937
1,237193
0,03452119
-0,2635658
-0,6409374
-0,3433248
0,6602915
-0,06289804
-0,7474595
1,247395
0,09569292
0,4026924
-0,9155181
-0,5396385
-1,022484
-0,2862812
0,0394327
0,001648545
-0,3008639
-0,1613607
0,851944
0,1465646
-0,06387955
-0,4243459
1,025645
-0,301452
0,4009254
-0,06316686
0,342948
0,09417516
0,7995977
-0,2015416
-1,04199
-0,1994891
-0,3258541
0,08043812
0,7673975
-0,6661321
-0,03773296
-0,05112565
0,2210569
0,2691528
0,02404386
0,1716145
-0,2046515
-1,33852
0,6043668
0,2884653
0,07449493
1,033268
-0,3696381
0,2652313
-0,8081014
-0,4637091
-0,07972103
0,06397204
-0,5237302
0,38356
0,3377486
0,7804716
-0,6246657
-0,9179827
-0,5105125
-0,03762627
-0,01763445
0,1982412
0,6753132
-0,7293782
0,0445267
0,5345273
-0,007526949
0,5635789
-0,3832163
-0,4438478
-1,588245
0,4003714
0,6889825
-0,8775175
0,2993564
-0,03455669
-0,3109103
0,8650443
-0,2672125
-0,4486998
1,140028
0,1875237
0,05201481
0,134507
0,04108125
0,2111474
-0,1557708
-0,1024852
0,2760859
-0,2360622
1,186402
-0,4248931
1,386215
0,2702524
-0,01808053
-1,455213
0,05971389
0,3917271
0,9708156
-0,4865367
-1,114463
-0,2485217
-0,06821501
0,03207403
-0,7168115
0,3348057
0,7416707
-0,2995371
0,008025035
0,0145154
-0,07685274
-0,3008374
-0,3942685
-0,2870731
-0,21782
1,501581
0,1297568
0,04642378
0,7342681
0,04855537
0,5515797
0,2956699
1,107156
1,194782
-0,7339227
-0,7370385
0,3766669
-0,4014359
1,38662
0,3179527
0,5409487
0,1811631
0,3488823
-1,697082
0,3208854
0,1326401
-0,1519516
1,742229
-1,46676
0,3537917
-1,230374
-0,1414531
-0,3733515
0,1622923
0,3870158
-0,8639734
0,719545
-0,298888
0,8140718
-0,07209164
1,277214
0,9061083
-0,631914
-0,2037486
-0,1301003
0,5986758
0,09607846
-0,08840759
1,303825
-0,8356509
0,5974962
0,4644346
0,2071531
0,316111
-0,2580692
0,1113494
-0,3966599
-0,3049515
0,159479
-0,3972133
-0,5824893
0,4752781
0,6879341
-0,480504
0,5311527
-0,06762058
0,08791794
-0,9556674
-1,473769
0,3351928
-0,2528444
0,5008159
-0,005384207
0,4381709
0,062778
-0,0960778
0,4656984
0,7826732
-0,4020089
0,9064519
1,496395
0,3522753
0,4098749
-0,195273
0,039886
-0,3995948
0,6612076
-0,3877192
0,01225728
0,6528025
0,1943122
-0,3116076
0,272662
0,4342263
0,266893
-0,5311989
-0,1017243
-0,03992647
0,8534046
-0,7555098
-0,1191521
0,2694187
0,2201139
0,7330216
-0,2524597
-0,7685474
0,138157
-0,2733273
-0,09041503
0,6340748
0,9162869
-1,708639
-1,01157
-0,4897149
0,3529524
1,035384
0,8609595
0,5216359
0,4843053
0,7585175
0,3189319
0,219411
0,1824413
0,3005287
-0,4046569
-1,182479
1,059411
-0,08059901
0,7702432
0,2840952
1,189177
0,3887265
0,7745093
0,2701221
0,7199059
-0,1697941
-0,1904767
-0,4688866
0,5701657
-0,06922829
0,7256872
-0,9854212
1,447905
-0,5658858
-0,4813111
0,377297
-0,9244567
-0,1070169
-1,084302
-0,3566428
-0,1986167
0,9221747
-0,3583288
1,720336
-0,1215026
0,5469568
-0,211741
-0,7162354
-0,1943889
-0,01016936
0,8358417
-0,8751268
1,21622
0,2330147
-0,3021654
0,3222554
-0,5985146
-0,758474
0,05494669
-0,2574586
0,1962726
1,422879
-0,1397088
0,1027138
0,6141282
-0,07294285
-0,310881
-0,7128807
-0,5150064
-1,205797
0,9095656
0,251292
-0,05306947
0,1689573
0,7830662
-0,2241457
-0,812258
-0,1217599
-0,651745
0,5360608
0,162871
0,687833
0,04681051
0,3988675
0,3613148
0,0124189
0,1320841
-0,1413504
-0,5616292
0,3046086
0,8853578
0,3553721
-0,4398196
0,5578579
0,5600091
-0,17107
-0,5855664
-0,3689188
0,006493151
0,2073168
0,3126844
-0,1302372
-0,5374632
-1,2204
-0,0603376
1,530819
0,1142805
-0,4999642
0,5705495
0,6444623
0,9155687
0,4442407
0,4317566
-0,6696481
1,192198
-0,3310983
-0,3482731
0,7092614
-0,8231697
-0,4474137
-0,9456272
-1,191018
-0,2764709
0,6534666
0,2569791
0,1343241
0,9935199
0,04217774
0,01710874
0,784125
-0,8160063
-0,07976907
-0,2876907
0,4420508
-0,3934515
0,4206751
-0,4394919
-1,061662
-0,08485748
0,6757755
0,07803941
-0,273228
-0,3209528
-0,7450197
0,7504777
1,157331
0,4739941
1,194447
-0,6899498
0,9072089
0,6906416
-0,6739116
0,5159448
0,1602361
-0,8235269
-0,4141869
0,1429789
0,6073095
0,7209881
-1,188012
-0,4343358
0,04940182
0,4011116
-0,3136185
0,7430141
-0,01370972
0,08207153
-0,2136191
-0,06232256
-0,5251142
0,6564117
0,2451962
-1,025749
0,9163223
1,08421
0,695135
-0,2789929
1,060154
-0,7973458
-0,2425378
-0,8089958
0,2202396
0,4689571
-0,4621503
-0,00912106
-0,1162362
0,08234376
0,3213412
0,3443218
0,5110219
-0,09986182
-0,3355017
-0,5595806
0,3573275
0,001874566
0,1974156
0,2350381
-0,1130521
0,4610663
0,007428467
0,8224943
-0,7136354
0,3061689
-0,1201617
0,4353272
-0,2632015
0,06116223
0,8030064
0,208772
-0,7763937
-0,1027029
-1,079019
-0,3207857
-0,4804612
0,5249791
-0,1657711
-1,372984
-0,3578097
0,04202503
-0,5566902
0,6854179
0,1377564
-0,8665625
-0,2899014
0,879854
0,1690113
0,2314126
-0,8567864
-0,4463415
-0,1541566
0,5103161
0,9886083
0,03752029
-0,2011353
-0,1276383
-0,3943632
0,2577729
-0,6129887
0,07382832
0,5929859
-0,4461957
0,557331
-0,7510549
0,8330823
0,9634267
0,03371924
-0,1082736
-0,6903572
-0,5282068
-0,03866036
0,4461149
0,3528945
-0,3803771
-0,06495672
0,7328922
0,7279566
0,2260306
-0,4911562
0,5407387
0,006555289
0,4265189
0,3739595
0,1705366
0,4391046
0,7557907
-0,1950785
0,3944698
0,4113915
0,6575416
-0,7270158
0,7959339
-0,2037868
1,369781
0,5281219
-0,3508407
0,4868493
-0,1450074
-1,268845
-0,9468622
0,2424285
-0,08553912
1,489773
-0,1292505
0,5486925
1,511817
0,005303144
-0,4468426
-1,01208
-0,008672237
0,2986447
-0,7271879
0,646911
-0,5462765
0,7116637
0,3756365
0,3543965
-0,08240354
0,200452
-0,2411105
1,034764
-0,4676776
0,651496
0,3857868
0,5890548
-0,9460025
-0,5552664
1,148558
0,06097668
0,2558679
-0,03480017
0,4545938
-0,09838873
-0,5942125
1,16658
0,9993561
0,579535
-0,1010546
-0,602047
0,1373163
-0,2886814
-1,393469
0,3156661
-1,330224
0,1056627
-0,3438691
0,1510488
1,625884
-0,4239606
0,539638
-0,3046954
-1,136426
-0,5148063
0,8496245
-0,157671
-0,3376417
-1,004052
0,3284709
-0,05130877
-0,1168172
-0,2267447
0,5191645
1,115641
1,462407
0,0003287196
-0,3702336
0,9701753
0,3766189
0,5697078
0,3949555
-0,6309524
-1,254295
-0,4262292
0,7228578
0,3221627
0,3573404
0,6451495
0,2578849
0,2064999
-0,07270002
0,4504538
0,3252067
0,09991759
-0,2777656
-0,4695355
0,1727528
0,6986746
-0,3421939
0,2453067
-1,33368
0,06537065
0,4350647
1,068504
-0,038992
0,4239241
0,2983174
0,3383896
-0,7689357
-0,04260117
-0,6344556
0,03654397
-0,9843865
0,1984389
-0,1054087
0,08559325
1,230762
0,004083157
0,3066812
0,1244537
1,238611
0,1014726
0,354679
-0,09000218
0,2572036
-0,7812864
0,05550486
0,8298948
-0,6252926
0,1758783
0,7471973
-0,166091
0,4832123
-0,3416619
-0,5370053
0,5579966
0,212836
0,521126
-1,023685
0,8568425
0,3461345
-0,5095359
0,1652931
-0,5693812
-0,3802931
0,6967231
1,288613
-0,8958831
0,02721697
-0,729349
0,364979
-0,1068687
0,5591149
-0,9652552
0,2543108
0,9365598
1,058244
0,7227802
0,4662534
-0,1051123
-0,2407199
-0,6429504
0,1747903
-0,4967279
0,7669879
-1,308012
0,2425666
0,1334368
0,2993702
-0,5559676
-1,974347
-1,050802
0,03548098
-0,3080229
-0,7934915
-0,3180456
-0,4698204
-0,4000303
1,866871
-0,9943229
-1,083286
0,5976265
-0,1465218
-0,3695071
-0,997162
0,5944725
0,2845302
0,1259887
1,141832
-0,9391961
0,6889902
1,081903
-0,138017
0,5272292
0,1566464
-0,809247
-0,5514986
-0,7575213
0,3529233
-0,3869401
-0,5657325
-0,9997635
-0,0348253
-0,4162813
-0,2142721
0,5536348
-0,3755195
0,6672749
-0,7492557
-0,6736791
-0,152533
-0,2777122
1,113714
-0,250989
0,8183305
-0,1617752
0,4810666
-0,717654
0,1840965
-0,3032067
-1,467019
-0,06830275
0,1727161
-1,123494
-0,3384781
0,2144223
-0,2142084
-0,2386361
0,06904763
-1,728787
0,3738128
-0,3233104
-1,228189
-0,7744212
0,2243032
0,119852
-1,234128
1,119467
-0,3623818
0,4408276
0,3882089
0,04311007
0,09256816
0,5575114
0,1860222
0,9418036
-0,396197
0,1032204
0,8128176
0,263827
0,9150559
-0,1791114
-0,9187426
0,7500224
-0,2345661
-0,1123458
-0,05412774
-0,612417
-0,06179208
-0,08609064
-0,1371845
-0,2900956
0,3107579
0,02659599
-0,9011014
0,3153082
-1,114707
-0,6108665
-0,7193914
0,8181145
-0,6385115
0,2308277
-0,09066756
-0,1170722
0,4897863
-0,05968833
-0,8752288
0,5550752
-0,2325958
0,6460317
0,1686855
-0,1318774
-0,5054892
0,3174207
0,7923127
-0,9494486
-1,174783
0,7217386
-0,3852267
-0,3287919
0,7963165
-0,5920181
-1,176147
-0,7009942
0,3179908
0,279099
-0,01862842
-0,2745557
-0,5498611
-0,07757545
-0,784761
-1,27091
0,2391967
0,4933943
-0,3006139
-0,01815057
0,7635942
0,3408273
-0,1887725
0,3924558
0,4881184
0,2573906
0,5632629
0,3283253
0,8227091
-0,5142307
-1,6054
0,3091896
-0,7278864
-0,86442
0,9133317
0,8826048
-0,4309805
-0,678929
-0,1397445
-0,2496181
-0,1248751
1,1906
1,081065
-0,8166184
-0,3045943
-0,06748825
-0,481891
-0,596701
0,7313693
1,14033
-0,2898907
0,1743667
-0,6965633
-0,1727607
1,425973
0,03474997
0,006460607
-1,056798
0,7065085
0,6627447
0,3433408
0,3607227
-1,090068
-0,1247964
1,083455
0,6108278
0,5107259
0,1869137
0,7082242
0,3111407
-0,3226779
-0,244175
-0,4203528
-1,045224
0,4976619
-1,525157
0,8521938
1,298895
0,3422253
0,5941281
0,425538
0,1323013
-1,329967
-0,08242168
0,5814737
-0,1667668
0,3345004
-1,12788
-0,1980208
0,6735401
0,1612254
0,1987802
-1,758534
0,2027588
0,008222044
-0,6488124
0,1324564
1,611474
0,1699066
0,03892702
1,437573
0,6693573
-1,277384
0,08559388
0,6302059
0,2542118
-0,1198194
0,6974882
-0,1368691
-0,2413531
-1,628669
0,9416684
0,03836012
0,7142392
0,8471716
-0,2501848
0,5510648
0,2441916
0,2075712
0,4141795
0,1030297
-0,805511
-0,7512894
-0,1393434
0,521463
0,201492
0,5820372
-0,2082711
0,1106947
-0,5730345
-0,5958154
1,061429
0,1902639
0,4602215
0,2628539
-0,4969805
0,02755135
-0,5040173
-0,8873824
0,328639
0,6731574
0,1225075
0,2713815
0,6943065
-0,4931521
-0,03548196
0,1595049
-0,02316296
0,508697
0,05855255
0,6838917
-0,3191632
-0,5662792
-0,16601
-1,726636
0,1521033
0,6141655
0,2667017
-0,2389815
-0,7100396
0,6783443
0,1817036
0,03883791
0,4753439
-0,0652439
0,5891535
-0,767787
-0,1975923
-0,6486871
0,7473963
0,555512
0,7592002
0,3727393
-0,9430663
1,322852
0,7775089
-0,6367736
0,2030955
-0,4258726
-0,09487307
0,9504241
-0,8438314
-0,400052
-0,4727492
1,197704
0,7847838
-0,118846
-0,3143653
0,7053578
0,1203194
-0,4984813
1,227122
0,2531333
0,8410872
1,081669
0,03881991
-0,5154735
-0,2908576
-0,8127964
-0,004106581
-0,167367
-1,108485
0,7062122
-0,2951542
-0,6254021
0,7740772
0,8375058
0,1664062
0,2820475
-0,4145054
-0,2871218
0,3758363
-0,1638569
0,1158003
-0,5345695
0,297074
-0,8778381
0,01831383
0,2999507
-0,09883326
0,9043028
-0,4627195
-0,6368666
0,3442653
0,07866836
-0,5392551
-0,6452856
0,5018669
-1,206438
-0,3467516
0,06419919
-0,3068537
0,3073882
0,4532465
0,4231267
0,6367755
-1,055028
-0,1351001
-0,3729389
0,4091273
1,10986
0,2145459
-0,1381723
-0,7000595
-0,3223017
1,212987
-0,03634675
-1,220213
0,1129981
-0,1820886
-0,7226892
-0,6479548
0,6459306
0,3751859
-0,5670311
0,384433
-0,05256678
-0,2208517
1,029904
-1,62961
-0,6292459
0,2963519
0,1146924
-0,6310886
-0,1237822
1,224123
0,9766865
0,07636611
-0,1080558
0,7345108
0,09748012
-0,9925476
0,3984408
0,16453
0,6340513
-0,02425313
-0,5149791
-1,726021
-0,8577102
0,3236909
-0,4246327
-0,1088441
0,3093935
0,01202351
-0,1995705
-0,6828936
-0,382857
-0,1768329
-0,3474349
0,351514
-0,5084944
-0,1435127
-0,04012215
0,7212275
-0,9238362
-0,2542938
-0,03602564
-0,002438188
0,6231641
0,5371585
1,537028
0,1131109
-0,213033
-0,09490848
0,4268157
-1,824058
0,2822701
-0,1625605
-0,3592976
0,1332612
-0,6509814
0,2709382
0,1911359
0,1308203
0,9608761
0,2739491
-0,1252245
0,9047461
0,09559111
-0,6303263
-1,002717
-0,5346804
0,2567238
0,1712458
0,1429703
0,484646
0,9078235
-0,01616207
-1,152052
0,3377542
-0,01456869
-0,4193328
-0,2132637
0,6052324
-0,1384671
0,1826174
0,6493329
0,744286
-0,464936
-1,034742
-0,5216019
0,8189757
0,1184453
0,3249139
-0,3091924
-0,1840683
-0,5886307
-0,8210705
0,5775951
-0,5248947
0,7037817
-0,1742128
0,01152134
0,2162902
-0,2215214
1,035497
0,2613812
-0,2103532
0,130929
-0,6258107
-0,7530509
-0,2448164
-0,5742537
0,2875562
-0,6102584
0,3184858
1,24921
-0,4448733
-0,3316123
-0,1302564
0,6512743
0,1144414
0,1437415
-0,4266678
-0,2372956
-0,9861429
0,83847
0,1336307
-1,342229
-0,6513327
-0,6033425
-0,8640933
0,9501241
-0,2556528
-0,2466056
-0,576363
0,7075729
-0,1963736
0,3896994
-0,04388642
-0,5418791
-0,311873
1,214991
0,1535953
0,4754874
-0,3706568
-0,2999368
0,9174498
0,06865591
0,3199708
0,2879821
-0,1182836
-1,635212
-0,4504888
1,019907
-0,1915696
0,007806003
0,4095022
-0,1090484
-0,2642286
-0,2653486
0,4700861
-0,3062247
0,6302277
-0,2662818
0,03085744
0,3384094
0,5872352
0,2034422
0,0007209778
-1,159708
0,377745
0,5019572
0,3308647
0,3455482
0,8945065
-0,01404744
0,03256834
-0,06111312
-0,3445891
0,7721301
-0,4720951
0,6451738
0,8434164
0,1253216
0,7423925
-0,1988944
0,386419
-0,0128022
-0,6491888
0,08014435
0,5954229
-0,4999561
0,3883896
0,05479288
-0,8383181
1,385402
0,09217802
0,3903367
-0,4740539
0,7920606
-0,1986179
0,238925
-0,4562942
-0,6663498
-1,312958
-0,5273944
-0,1202701
-0,01969746
-0,1435326
0,730309
-0,2203771
0,0006860942
-0,1064796
0,1099021
0,06437956
0,854158
-0,2309745
1,236718
1,101604
0,9723917
-0,2899996
0,2321219
1,29043
-0,2592057
0,08775401
0,5613359
-0,522101
-0,5870652
0,09541333
-0,2600816
-0,07308322
-0,2333073
0,1051055
0,6421184
0,3491677
1,008155
-0,4906392
-0,05811048
-0,2594728
-0,1650565
0,3991467
-0,1985093
-0,1895827
-0,1037204
-0,5969282
-0,07453144
-0,3147984
-0,09139675
0,1412743
0,7368425
-0,5034914
0,6976404
-0,7014717
-0,2189501
-0,5266754
-0,1068617
-0,3568165
-0,9537767
0,2336398
-0,3915996
0,4469464
0,2994699
-0,2459711
-0,4321064
0,5477568
0,1641218
-0,3541779
-0,2297916
-0,03263462
1,682589
0,9899371
-0,2844887
-0,9484606
-0,3535477
-0,518353
0,1934904
-0,5479876
0,1782939
0,004633248
0,2292946
-0,7068406
-0,6448815
0,9716325
-0,3685284
0,2947517
-0,1098267
0,5887603
0,7138321
-0,6827503
0,9603217
0,5980523
0,1156511
0,1103241
-1,167411
-0,00315243
0,5216448
0,2107116
-0,08412355
-0,4876001
1,332824
-0,4145917
-0,04975951
0,03160493
-0,3460334
-0,4200158
-0,3691191
-0,1484374
-0,07079375
0,2988964
0,2928328
0,0210766
0,3322743
-0,4188587
1,255912
-0,3349772
1,466517
1,572246
0,2847506
0,04855524
0,2391798
0,0005196333
-0,9202926
0,3770565
0,063049
-0,7847254
-0,2788826
-0,7399858
0,2735467
-0,2707839
-0,4374687
-0,859024
-0,5220223
-0,4477564
0,3255609
-1,473556
-0,0841589
-0,5927487
0,5776165
0,9993705
-0,5691057
-0,1398325
0,07181883
-0,7350608
-0,9640096
0,3321953
0,5647873
-0,3667859
-0,7446895
0,6233961
-1,086757
0,05363683
-0,2366168
0,06227671
-0,05581309
-0,6100863
0,4098626
0,5021623
0,1848709
-1,050024
-0,4965917
-0,1173349
-0,1002052
0,5834842
-0,06638923
-0,4475297
-0,397495
0,1995333
0,860967
-0,4714066
0,5282443
-0,6177195
-0,2090931
0,27681
-0,158612
-1,855714
-0,5900577
-0,4124096
0,605026
-0,8094371
0,906508
-0,7590438
-0,3081929
-1,040934
-0,4825057
-0,6189132
0,2516986
-1,642852
-0,5288039
0,2133892
-0,2607562
1,155119
-0,623736
-0,4102294
-0,2183993
1,028337
0,2984959
0,01995409
0,147386
1,083932
0,6747913
0,770888
-0,7989917
-0,2266642
0,5714644
0,3617244
-0,5261934
-0,4477185
-0,9029945
0,8661806
-0,6998419
0,4103809
0,422281
-0,5245883
-0,3202883
0,2846826
-0,3104656
0,6243452
0,1947073
1,092736
0,4380187
-0,348363
-0,7069958
-0,2391138
0,0397304
0,1129561
0,2061616
0,1243894
-0,3743472
-0,381733
-0,3079886
0,2067462
0,03834336
-0,1924407
0,366017
-0,911974
0,009233117
0,3759298
-0,1158146
0,6565221
0,9724085
-0,09438086
1,281042
0,1777049
0,7912282
-0,2270578
0,9039679
-0,3627287
-0,2450584
0,4323083
-0,05860008
-0,817934
-0,4888369
-0,2102508
0,1181145
0,2182696
1,19858
-0,1462001
-0,5052681
0,4683687
1,669737
-0,09752291
0,2919091
0,4097524
1,012324
-0,9039438
-0,1494246
0,8118114
-0,8228666
0,3840809
-0,143831
0,1123722
-1,107743
-0,06099004
0,3721704
-0,1081849
0,08212197
0,4758705
-0,1496993
-0,6309861
-0,3053279
0,4302865
-1,749574
0,8175365
0,3620015
-0,9637983
-0,5564025
-0,4209875
0,4271491
-1,452791
-0,4239305
0,379108
0,2598296
-0,8615928
-0,532729
0,5948204
-0,9362202
-0,1449055
0,1784541
0,2460231
-1,369618
0,2739884
0,7046745
-0,1104435
0,06820178
-0,9010767
0,6679952
-0,3555664
0,1321303
-0,239028
0,3716632
-0,8025297
0,6429638
0,1163879
-1,382822
-0,537847
0,3292902
-0,2921141
0,4401176
0,07931459
1,104744
0,295797
-0,03006163
0,03959358
0,2171363
-0,9225606
0,07828259
-0,5598364
-0,4502641
0,1849049
0,4714113
0,2462821
0,111093
1,184311
0,02423364
-1,087674
-0,8618488
1,282856
0,02053748
0,0312385
0,03954707
0,06635636
0,6590391
0,2299711
0,2083791
-0,3231771
0,4990666
0,1124371
-0,4186985
-0,1074813
0,7193945
-0,2280728
0,73825
1,040122
0,08302236
-0,6197672
-0,09450155
0,3085724
0,4542604
-0,9375873
-0,08230442
-0,6579826
0,004697427
1,058789
0,1557893
0,8998814
0,5684411
-0,08428451
-0,4386126
-0,2643676
0,5104327
-0,3901903
-0,5889469
0,6463227
0,4113731
0,6868407
1,280551
-0,1292414
-0,1389181
0,1209839
0,3378928
-0,9971954
-0,3477786
0,3595429
1,200534
-0,09061748
-0,5537005
-0,7712482
0,6562856
-0,5541385
-0,6414472
0,5528701
-0,001678765
0,3265114
0,4739549
0,5995688
0,5731112
0,8788984
0,2369979
-0,05104411
-0,7088507
-0,2212368
-1,077901
-0,124093
-1,383977
1,091077
-0,2550161
0,6761254
0,427586
-0,7410365
-0,4823663
-0,7728875
-0,7981104
-0,1738611
-0,1358213
-0,6580319
0,7751786
0,0174467
-0,5052525
-0,1873099
0,1250684
-0,4049587
0,7205795
-1,030856
-0,2415241
0,4726205
-0,1695264
-0,1817053
0,8834647
-0,7498273
-0,3836154
-0,3761768
-0,8811562
1,144293
1,069051
-0,1634284
-0,1574138
-0,6073376
0,8092712
1,12648
0,4050631
0,2374963
-0,6093159
0,9229204
0,05487144
0,01792693
-0,001346767
-1,602438
-1,031307
-0,9637807
0,2931453
-0,291577
-0,2441928
-0,7292724
-1,668902
-0,7830265
0,4006191
-0,3373572
-0,0534665
0,1539412
1,159551
-1,281393
-0,052113
-0,1720778
0,6667693
0,2672886
-0,2494682
-0,1132311
-0,4223078
-0,5931415
0,7959903
0,01619315
-0,6487442
0,01087898
-1,519271
0,4480043
0,7526495
-0,9305748
-0,4964928
-0,8207614
0,5071595
0,3677524
-0,261653
-0,1273997
0,3890598
0,5568538
0,4446647
0,3326459
-0,9575244
0,5049315
-0,6750033
-0,7076714
-0,9023365
0,002465755
0,03053546
0,09251958
0,7217129
-0,4016293
0,274164
0,2944906
-0,4771098
0,3651829
-1,067164
0,5198845
0,4745333
-0,08585635
-1,571329
-0,5355047
0,3062314
-0,409942
-0,09622562
-0,3203949
0,224656
-0,3639767
0,6720675
-0,0369454
0,3584897
0,4836363
-0,1696749
0,917381
-0,1939937
-0,03949524
-0,3267145
0,8445561
0,3759831
0,3629589
-1,624153
-0,8299942
0,0758062
-0,3492279
0,2546375
-0,1211866
-1,057729
0,0791195
-0,1890985
0,4541045
-0,3434108
-0,4386345
-0,1136351
-0,6407804
-0,04846466
0,3721945
0,2284452
-0,3461975
0,80091
0,9318978
-0,5510441
0,2636537
-0,2164827
0,05027393
0,7252831
-0,7203237
-0,178199
0,6900718
-0,5564764
1,453802
-0,1501859
0,4099758
-0,4261277
0,03178096
0,9452019
0,7067276
-1,057304
0,3512445
0,569666
-0,7101786
1,739465
0,4234845
0,3863783
0,3863366
-0,05836101
0,8127463
-0,0355804
0,378837
0,02034383
-1,062841
-0,2612414
-1,406086
0,6196306
0,2756416
0,74
0,2761796
0,5753186
1,670086
0,8312423
0,002298683
-0,7027342
-0,3317643
-0,5471371
-1,138746
0,2592778
0,4255744
0,752867
-0,1938051
0,8479206
-0,3601083
0,03765409
0,0638693
0,132934
0,08240592
-0,2544522
-0,6141535
0,5654309
0,2881716
0,2645073
-0,197741
-0,1033131
-0,001151383
-0,604592
-0,2601112
-0,682452
-1,114896
0,4601852
-0,476325
0,8021532
-0,6323064
0,3836532
0,2845799
0,4132441
0,593125
-1,745023
0,5338708
0,5739725
-0,4211445
0,3297662
0,08469117
-0,6822748
0,525301
0,09606543
-1,024037
-0,8298709
0,1240942
-0,2096226
0,2949756
0,1793139
0,1067034
-0,2686201
0,1910361
0,8629933
-0,092031
-0,004609719
2,289677
0,5102062
0,9909552
-0,7588568
-0,282159
0,02709389
0,7390015
-0,2426968
-0,07091488
-0,9275416
-0,9792553
0,1013611
-0,1347808
0,4012733
-0,3351381
-0,09646985
0,7811523
-0,3677234
1,271271
-1,184134
-0,1893494
-1,342503
1,06673
0,2809928
0,3816255
-0,3032224
0,1749612
0,8832223
0,6081821
-0,08810002
0,114777
-0,6901591
0,3522086
0,9373441
-0,2094202
0,8714074
-0,8929609
0,4388641
0,3819194
-0,09420341
-0,2574297
0,4244412
0,4229667
-0,9370753
-0,7879038
0,5255089
-0,372717
0,8606067
0,5411406
0,4757716
-0,008478165
0,3396444
0,4350411
-0,1799962
0,270937
0,9947983
0,1205637
-0,381673
-1,331973
0,3468116
0,4154618
-0,4214548
0,4050605
0,06996936
0,4043111
-0,3964591
0,4004477
-0,02248085
-0,3775963
-0,3915782
0,8496479
0,6489789
0,628365
-0,2210293
-0,2754501
-0,3163313
0,115993
-0,7924883
-0,2412027
-0,07276195
0,3904479
-0,04071438
0,07829505
-0,3310225
-0,4261779
-0,7536972
-0,278574
-0,2997735
0,2672185
0,6124381
-0,9136262
-0,3081894
0,3380217
-0,2777768
0,8248057
-0,4498373
0,3585589
0,1323656
-0,8576906
-0,1137268
0,3685532
0,1905941
-0,4492625
-0,0926986
-0,08719641
-0,3560777
0,6969702
0,629191
1,115544
-0,008633018
-0,5015298
0,2976299
0,2944992
0,2931847
-0,0208261
-1,342547
0,1152276
1,606946
0,3176261
0,4084722
-0,6231303
-1,251673
-0,7426552
-0,6691379
1,257688
-0,3597757
-0,2282609
0,7354159
-0,8382747
-0,1480106
0,2321767
-0,06952918
-0,231348
-0,5053989
-0,2155177
-0,5939621
-0,1103789
-0,3385227
1,089682
-0,586294
-0,7430671
0,5769646
-0,6357971
0,8767582
-0,2686337
-0,07713783
0,418377
-1,017119
-0,1792952
0,1109354
-1,117661
-1,2872
-0,1819103
0,1500635
-0,1830371
-0,5257008
-0,3852765
0,1469419
-0,08257915
0,8160723
-0,5753844
0,03156017
-0,8431389
-0,1448676
0,6955879
-0,4201036
0,9832772
-0,2127364
-0,4618589
-0,1152486
-0,4559301
-0,6390873
0,5812864
-0,3048691
0,1002102
0,005921364
0,1318596
0,4688022
1,13157
-0,5286768
0,7477127
-0,5594748
0,3425643
-0,1657156
0,3164394
0,3384581
0,5174413
-1,82148
-0,2011161
-0,3789566
1,806201
0,1550975
0,2237363
-1,279437
-0,2668739
0,2874317
-0,1902307
0,0217346
0,4701947
0,05863619
-1,790051
0,1360733
-0,9377592
-0,4635457
1,436607
-1,166366
0,6134406
0,5585477
-0,8527218
-0,2232104
0,397517
0,9627756
-1,057256
-0,2427924
0,2051019
-0,3917779
-0,02517112
-1,114722
-0,09158617
0,573185
1,457527
0,004539847
0,6574564
-0,178128
0,5236948
0,6325358
0,4565234
0,1252496
-0,9227403
0,1711945
-0,3348972
0,6113956
-0,3744287
0,197508
0,1494461
0,3236898
-0,7179571
0,2842116
0,1294399
-0,3040799
-0,5770813
0,2185765
1,014231
0,6978792
0,5648087
0,5627474
1,997263
0,6323262
1,244857
0,1759426
0,2401435
0,1454204
0,6962629
0,5668343
-0,3280318
-0,1469327
-0,4020615
-0,0042146
-0,6266438
0,1809078
0,1213745
0,54197
0,9020548
0,459083
-0,5880952
1,153633
-0,265546
1,081709
0,3382618
-0,4113472
-0,6162394
-0,900535
-0,4517893
0,4210363
-0,484288
-0,005436897
-0,2842481
-0,1517676
-0,3223881
-0,04349995
-0,8331361
0,4949843
0,3211985
-0,5697993
-0,5034767
-1,156364
-0,4872503
0,5496231
0,5463381
-0,173033
-0,5759737
-0,2540441
-0,04936069
1,156667
-0,3583826
0,4313919
-0,6940285
-0,580543
0,05439633
0,3313733
0,2610813
0,6215545
-0,3863464
0,2603292
-0,4530681
0,5605101
-1,439361
0,200347
0,1520361
0,04038906
-0,4970474
0,8492867
-0,2624118
1,272339
1,793171
-0,5766564
-0,2372719
0,4264621
0,1446042
0,3187753
-0,01656395
-0,003916025
0,1324899
0,0177387
0,4561319
0,5460448
0,296569
0,1554427
-0,1792431
-0,2258259
-0,4882752
-0,05123502
0,3398797
-1,138559
0,1643445
-0,2884652
1,343575
0,2959238
0,2486697
0,03118402
-0,6812096
-0,08414376
0,6799159
1,510203
0,6711468
-0,8626045
-0,04061675
-0,07361203
-0,4525793
0,8844184
-0,4439197
0,4726133
0,3839243
0,05603962
-0,9177646
0,5006269
0,5955892
-1,29215
0,4030048
0,1104168
-0,2062801
-0,3375353
-0,9830008
-0,3999629
-0,623767
-0,4849541
-0,5935033
-0,01281387
-0,4292998
0,2167581
0,510229
-0,4081474
-0,2978647
0,4413086
0,07531659
0,191543
-0,4381205
-0,5265729
-0,318218
0,1987071
-0,03820962
0,7963927
-0,6991351
0,4265338
-0,0620988
0,459793
-0,1343417
-0,2902911
-1,280471
-0,1801203
0,782567
0,0547415
0,4019899
-0,6091865
-0,09009713
0,8896427
-0,2580347
-0,3690467
-0,5837813
0,8234276
-0,4978153
-0,5571014
-0,4941299
-0,4479196
-0,1754069
0,3276215
0,5203645
-1,318277
-0,140106
0,2079201
0,9018773
-0,3430633
0,3175539
-0,00578469
0,7547174
0,426101
0,8865231
-0,5524197
0,3759742
-0,714367
1,042498
0,4662226
0,445462
0,7516245
0,2416415
-0,9885476
-0,6257915
0,2594224
0,6527221
-1,795121
-0,5877493
-0,5433608
0,008877754
0,3312332
-0,1508351
0,2110456
0,4881501
-0,6658033
1,352322
-0,3244165
0,3283251
0,4207796
-0,5933754
0,3383053
-0,8115868
0,4469852
-0,4326525
0,3597543
0,4865479
-0,223533
0,128998
-0,8253806
-0,5949766
1,539395
0,02504712
1,043192
-0,4491819
-0,03450632
0,1994989
-0,246738
0,5756239
-0,3884083
-0,4905692
0,273952
0,5283711
0,2952173
-1,121293
-0,5482436
0,7387828
0,5089436
-0,730772
0,4207073
-0,7669364
0,3056431
0,9865649
-0,6355191
0,3415404
0,3503051
-0,5092438
0,1989047
-0,02983774
-0,6634625
-0,09544975
-0,4136446
-0,544962
0,9479524
-0,02131873
0,1129688
0,8310626
0,0121516
0,9872339
-0,4587699
-0,6548246
0,3167618
-0,168493
-0,2994612
-0,5776506
-0,2648539
0,2279301
0,2477829
-0,04794079
-0,5299829
1,041457
-0,3766811
0,3988444
-0,261416
0,001613677
0,5012255
0,5016084
-0,8690093
0,04400611
-0,040828
-0,09389293
1,332803
1,263708
-0,6491023
-0,3638477
0,446327
-0,3949721
0,731387
-0,2969077
0,5353558
-0,1991037
-1,05567
0,2642403
0,2307396
1,437673
-0,9731057
0,5074601
0,5359563
0,6304575
-0,1906891
0,3833258
-0,5219639
0,8661276
-0,2065725
-0,1036248
0,8376148
0,4528424
0,3977776
-0,06916454
1,084052
-0,8068945
-0,8262001
-0,4938454
-0,7097687
-0,3711828
0,7977051
-0,7200361
-0,1753595
0,4536505
-0,6495103
-0,7492881
0,8671346
-0,1784517
1,322617
0,5965835
0,6046199
0,3939595
-0,3650374
-0,7815055
-0,5537617
-0,4046306
0,1224197
0,4856907
0,6389563
-0,4852653
-0,01576447
0,5768027
0,8646317
0,8702201
-0,1624216
-0,7760478
0,123709
0,4096212
1,14696
-0,8735061
-0,9236647
-0,6949797
0,1701969
-0,3955178
-0,2237582
0,7256088
-0,3271675
0,2270687
-0,453908
0,3769753
0,2056699
-0,06920536
-0,7219905
-0,2537314
0,9010532
-1,280411
0,7839547
0,4205899
-0,1792496
0,03307277
-0,3379005
-0,3750565
-0,3456976
0,09369129
-0,06499803
0,672205
0,4163457
-1,605012
-0,3412784
0,5924613
1,018321
0,5780926
0,102572
-0,6427194
0,7144008
-0,6431091
-0,3638384
-0,3271772
0,4536104
0,7836881
-0,4293574
1,135597
1,497442
0,5042057
-0,7017251
0,3493376
0,3597542
-0,5320528
-0,7304685
0,6524014
0,5552483
0,8013178
0,3376549
-0,9849674
-0,6860677
0,2666826
0,8279392
0,4520622
0,07077211
0,1214138
-1,511213
1,204316
-0,1999841
0,4812939
-1,112137
-0,3230418
0,4746329
-0,271853
-0,4722211
-0,008009151
0,1138451
-0,1160563
0,4819146
-0,5165269
0,4061798
-0,773132
-0,6635292
-0,581772
1,014168
-1,06257
-0,5626393
0,004662812
-1,083759
0,5588176
0,1638204
-0,8586874
-1,110766
0,3827394
0,1936424
-0,6759028
0,2903232
-0,2694427
2,140164
0,5490909
0,3438714
0,09900331
1,693298
-0,685717
0,6359097
-1,051828
-0,3291927
-0,7853383
0,02402246
0,8706991
0,9622061
-0,3121409
-0,3989171
0,3598307
0,9736033
-0,1560907
-1,51834
-0,6904899
-0,5997266
-0,2391184
0,2468978
-0,3040602
-1,208854
-0,5531874
0,9273554
-0,06950451
-0,91951
0,7268331
0,5324693
-0,7548007
-0,3927587
-0,4133626
0,1413625
-0,09415704
0,07997656
-0,05334045
0,1137583
-0,07721022
0,3557948
-1,030398
-0,2197258
0,1849858
0,9403291
-0,4958851
-1,093467
0,3174147
0,1656647
-0,9089378
-0,1239392
-0,354818
-0,6681592
0,2874498
0,5303116
-0,009572029
0,5841002
0,09224753
-0,4607333
0,6821218
-0,4122986
0,07228571
0,2752691
-0,2001916
-0,08576174
0,5340195
0,5066969
-0,7100992
-0,3987979
0,1073819
-0,4529077
-0,4398196
0,8248421
-0,1204007
-0,08540702
-1,22339
-1,51509
0,1127394
-0,7689644
-0,1691064
-0,06156999
0,6076082
1,125556
-0,4370556
0,7946957
1,015099
-0,6757686
0,02517402
-0,03256758
1,332692
-0,02632546
1,686071
-0,8167036
0,6508015
-0,3255602
0,03415224
-0,6638368
0,1479716
0,4389538
-0,510304
0,5511541
-0,6017457
1,043908
-0,6414643
0,2379781
-0,1688085
0,1850027
0,1771139
0,3072278
0,08903146
-0,3817319
-0,0883643
0,05054867
1,005388
-1,080671
-0,1941683
1,064292
0,6331505
0,2860792
0,5703909
-0,4799932
-0,6703355
-1,029901
-0,6354575
-0,2413554
0,3016888
-0,1185054
-0,5570807
-0,3037817
0,05563277
-0,05892628
-0,1284551
0,8123031
0,2875782
-1,611445
-0,470944
-0,003935695
0,4321781
-0,0339548
0,9277095
0,6633744
0,4390547
-1,502208
1,055987
-0,3222028
0,5292631
1,079698
-0,4478112
-0,116254
0,5832292
0,2878748
1,190114
1,497833
-0,6774056
-1,367667
1,121664
-0,4726974
0,2996616
-0,1694093
-0,1285164
-0,6817738
-0,6199813
0,1268179
-0,5904259
0,433234
0,3630112
-0,838731
0,08067505
0,08292753
0,3369474
0,3525411
0,4156334
0,622471
0,1071709
0,09414038
-0,04947712
-1,795253
0,7780106
-0,557788
0,4545206
0,9224517
0,2502578
0,2965356
-0,1474016
0,2834862
-1,733209
-0,9193211
-0,3716916
-0,8284959
0,1823708
-0,3620036
-0,2761191
-0,667139
-0,3891307
0,308772
1,300102
0,04529725
0,1008675
-0,7155096
0,1111589
-0,3279196
-0,4282544
1,340327
-0,4272711
-0,5246044
-0,4775863
0,2140929
0,2896339
-0,04352088
0,7621461
0,9693026
0,6370358
0,7091776
0,1152011
0,4833274
0,3710009
0,3111006
-0,4094858
-0,3691962
0,459331
0,1325272
0,5785688
-0,2780049
-1,218363
0,2518484
-0,8138147
0,5147426
-0,9203128
0,095393
-0,5921335
0,36331
0,0637043
-0,5870911
-0,5409561
-0,05226523
-0,08884962
-0,4356698
0,1802598
-0,3185037
-0,4820306
-0,672439
0,875351
0,01772279
0,1734213
-1,139597
0,1666307
-0,7820067
0,9616051
-0,65935
0,01761013
-0,3381056
-1,488984
-1,166565
0,0610839
0,7580209
0,2046098
-0,6344209
-0,02915294
-0,1758795
-0,5786668
-0,0993398
-0,6869365
-1,710556
0,01017106
0,3504468
0,2803652
0,148763
-0,05143619
0,05460274
0,4157955
-0,3535454
0,3554575
-0,568258
-1,298519
0,1859636
0,7053158
0,5934878
0,3531396
0,1261435
-0,459501
-0,8719336
0,4927365
0,01348436
0,3665121
-0,9756054
0,3216451
0,1606451
-0,272288
0,2991465
0,5049344
0,2590317
0,7370151
-0,5139086
0,3826868
-1,191972
1,406888
-0,1067429
0,5521153
0,1348902
0,7038055
-0,1916732
0,1438961
-0,8044602
-0,7348139
-0,5999638
0,2055303
-0,3941753
1,271513
-0,4420819
0,5805066
-0,08987173
-1,258218
0,2934497
0,1164057
0,4624175
1,6721
0,136157
-1,369325
-0,7459027
-0,3833139
-1,121927
0,2104458
0,5476325
-0,8096896
-0,01372385
0,3678948
-0,02333015
0,06142311
-0,0928141
-0,5729263
0,1600814
-0,3254493
-0,05126095
1,258715
-0,127066
-1,713082
0,4529643
0,907613
-1,291941
-0,6298671
-0,258871
-0,9871791
0,228269
-0,334964
-1,076796
-0,3479221
0,06355369
0,8541974
-0,6107736
0,05132645
0,08388411
-0,5610347
0,01076911
-0,4663827
-0,03359514
0,509771
-0,07609488
-0,7591583
-0,3836045
0,2418252
1,532047
0,6624355
-0,4825178
0,03916031
-0,02976175
0,4114099
-0,807599
-0,1153657
-0,7123886
0,7823756
-0,5090762
-0,4237034
0,07105446
0,9059834
-0,05052103
-0,3368382
0,8933979
0,6683044
0,6061385
0,6443411
0,287639
0,1959702
0,7163759
0,2063698
2,116487
0,002485156
-0,02113378
1,124331
0,01132256
-1,10794
-0,7543554
0,3335677
0,006751537
-0,04640561
0,3476859
0,5580168
0,1136395
0,5601685
-0,5493892
0,1853462
-1,359368
-0,01624316
0,5467076
-0,3607648
-0,325602
0,1457302
1,064087
0,2934622
0,5102422
-0,4008309
0,2372805
0,04888904
1,12083
-0,4090481
0,1206889
0,5071202
0,9279762
-0,6835511
0,4426428
0,8122852
-0,528816
-0,006743565
-1,621998
-1,056063
0,4271664
0,2046838
0,2723917
-0,7161665
0,1086005
0,4260008
-1,250104
-0,2810987
0,5507574
-0,7204628
-0,1943341
0,2611627
0,5346078
-0,1267808
0,533233
-0,9594616
0,1389344
0,3272382
-0,3635033
1,462201
1,394328
1,197108
0,05543374
0,1547396
0,2905338
-0,3472787
-0,1309178
-0,3510205
0,2353188
-1,138881
1,421754
0,1214296
1,369238
0,5277064
-0,05948837
0,7796944
0,3202535
-0,0869363
0,4898055
-0,7022196
0,126113
0,340161
0,6617602
0,129562
0,09432989
-0,799383
-0,2647647
-0,03147405
0,9301534
-0,4014298
-0,3676192
-0,4326583
-0,05321731
0,08214754
0,1635833
-0,3380646
0,1602674
-1,212794
0,4364686
-1,160832
1,120168
0,4085712
-0,07547529
0,9496809
0,07476616
-0,4496047
0,4416182
0,5365303
0,09188144
0,1919988
-0,7755429
-0,05059278
0,8538402
0,8628822
0,2137688
0,1688789
-0,06395449
0,745906
-0,2666143
-0,2899513
-0,06813402
0,8665007
0,08422118
0,2550815
0,1422008
-0,7267047
0,1045901
-0,9923316
-0,5208066
0,1123562
0,6508618
1,050145
0,3749285
0,7915795
0,03842008
0,4324407
-0,9882671
-1,06508
-0,2492563
-0,1078672
-0,3497826
-0,5984665
-0,4376532
0,1024287
0,1717535
1,597779
-0,1962541
0,7820638
0,6624288
0,2736843
-0,4368466
-1,387725
-0,3981388
0,05993752
-0,04931021
-0,1143951
0,6412122
1,622706
0,03360528
-0,3190711
0,8725097
0,3323323
0,4702981
-0,5305191
-1,298129
0,8076577
0,8425229
-1,366937
-0,0438177
0,2552315
0,7552818
-0,3790648
0,4410012
0,0146718
0,1342274
0,6881452
0,480203
-1,092407
0,3419547
-0,7983188
0,1189199
0,594165
0,1641106
0,07407188
0,4644076
-0,1620396
-0,505583
0,3414031
0,4040744
1,212175
0,1348051
-0,05834675
0,06682169
0,6912245
1,107312
0,3235835
0,06604993
0,03516105
-0,7540539
0,6491269
-0,9647856
-0,9792809
0,2492948
-1,038603
-0,02054185
0,8029833
0,03962249
0,3015029
0,179799
-0,5199395
0,3647913
-0,5230812
-0,7730335
1,058489
0,2353665
-0,1630505
-0,7271868
0,1314093
0,4555792
-0,3192601
-0,0610496
-0,5872514
0,02070338
0,3896567
-0,08441871
0,006711185
0,1696127
-0,7201681
-1,211151
1,49067
-0,4029346
0,7649611
1,115552
1,512846
0,3010375
-0,1951538
0,2621322
-0,9568498
1,388981
1,208714
0,4339299
0,1833429
-0,006897092
0,1979235
0,0435816
-1,339636
-0,3600603
-1,065313
0,6820492
-0,685353
-1,810715
1,237134
0,2146527
0,3599139
0,5169211
0,4580194
-0,8872318
-0,288188
-0,7070427
-0,1654773
-0,2734374
-0,5952932
0,07877329
-0,2329242
1,167719
0,2436657
-0,2703997
0,6735932
-0,6725197
-0,05193049
0,3049142
0,1512116
0,5773608
0,4415461
-0,09739828
-1,973505
-0,0185972
0,4065778
-0,9600178
-0,5738967
-0,2137414
1,335142
1,180214
0,7736415
-0,06326112
-0,5447043
-0,2458829
-0,0172087
-0,2735451
0,7356104
1,250546
-0,3628145
0,3179415
0,2782662
0,04255319
-0,9569497
0,2448563
0,6188814
-1,336027
-0,09192169
0,4692313
0,2630008
0,4648016
0,4406935
-0,2076546
0,3201511
-0,5686418
-0,1076274
-0,5381297
-0,2717249
-0,7915714
-0,03406377
0,4139853
1,032096
0,7573224
0,4079916
0,1100075
0,1073384
-0,4879456
0,3939364
-0,2720693
-0,09195453
0,3319966
-0,03093541
-0,1600564
0,1656092
-0,130744
-0,3575172
0,5429887
0,2116904
0,4459766
0,06006214
-1,045611
0,6027092
-0,04620177
0,4137446
-0,6788323
-0,3647339
-0,6542109
1,074268
1,388635
-0,8313007
0,3018301
-1,13085
0,5960406
-1,203081
0,1760601
0,2115001
-0,8272939
0,6353542
0,1816294
0,8021719
-0,5647475
-0,2134092
-1,107891
-0,7246807
0,03929436
-1,637073
0,2406114
0,4734959
-0,5032852
1,02084
0,3616099
-0,3803739
-1,085084
-0,6230752
0,2500463
0,3912228
-0,1655413
0,8834678
0,9522722
-0,008184969
-1,386737
-0,3843924
0,32623
0,09507668
0,7033044
0,4297464
-0,03781533
-0,1872345
-0,3526664
0,7107124
0,809993
-0,6770515
0,5184487
0,3024754
-0,09768829
-0,3958017
-0,009230703
1,451745
0,2689574
-0,9304452
-0,4994384
-0,1316077
-0,8317255
-0,2207417
-0,2985592
-0,5113032
1,248461
-1,057716
0,2909212
-0,7501743
-1,876022
0,4338
0,03685325
0,2367511
-1,548687
-0,3064719
0,03685701
0,660288
0,2121795
0,5303614
-0,7954702
-0,0659817
0,03821045
-0,9632203
-0,9999482
-0,3518349
-0,6685734
-0,514213
0,1960173
0,2579684
-1,436545
-0,2957567
-0,6841681
0,2519808
-0,410774
0,2857192
0,4748182
-0,3658792
0,05825937
0,1715912
-0,8393934
-0,82914
-0,03348839
0,1491544
0,01386672
-1,079159
-1,143812
0,4243121
-1,091561
0,04708657
-0,9514267
-1,24848
-0,007881284
0,3115902
0,4859906
0,5521942
0,1251505
0,1051854
0,2541226
-0,06063235
0,4402199
0,2500449
0,08153038
0,724991
0,3801961
-0,5692062
0,6211168
-0,01339372
-0,8278338
0,3285664
-0,3307357
0,2598913
-0,327456
-0,6222026
1,708629
0,5351127
0,2771156
0,1918509
-0,6862779
0,4916794
0,4501262
0,09788114
0,7082101
0,4115817
-0,5745284
0,06876568
0,7504671
0,1323224
0,6524069
0,1853304
1,148927
0,8314791
-0,6488552
0,4555941
0,8027967
-0,6446092
-0,3867692
-0,3957751
-0,05389166
0,4111627
-0,6494683
0,08191609
0,1524533
-0,0689047
-0,3279642
-0,4041187
-0,3511262
0,4292842
0,5348707
-0,2517717
-0,147983
0,8437002
0,3993168
0,4641445
-0,1146022
0,4100209
0,1068073
-0,4241879
1,104767
-0,8919672
0,003915891
-1,234703
-0,4778652
-0,3708508
1,983679
0,1498442
1,30639
-0,316572
-0,8327082
-0,02647054
1,192521
0,3954625
-0,5498325
0,8368173
-0,388651
-0,1066011
0,4097706
-0,4855072
-0,3160224
0,01849896
-1,010705
-0,5944706
-0,1713073
0,5857225
-0,2434373
-0,4623113
-0,1438565
-0,581472
1,133098
-0,7166198
-0,0351425
-0,5647511
0,7240539
0,1716411
-0,8988162
-0,1436421
0,1476218
0,4484213
-0,2269295
0,399461
-0,8822885
0,4143091
-0,2986467
-0,3769951
-0,2659912
-0,778822
-0,4175392
-1,280997
0,1443606
0,6690666
0,2094452
-0,6693356
0,929239
-0,8576735
-0,3100724
-0,4652739
0,646432
-0,1830659
0,3964413
-0,3576599
0,08397393
-0,3970246
-1,685999
1,072953
1,102097
1,324703
-0,1321378
-0,4120632
0,6895098
0,1382533
-0,2315555
-0,3567938
-0,6557308
0,1017171
-0,7046118
-0,0867756
-0,5087853
-0,7540872
-0,5138235
-0,002843678
-0,1387075
0,3267136
0,5590698
0,5520779
0,3246974
-0,546871
1,291905
0,3746793
0,6760069
-0,01526302
-0,4227557
-0,135254
0,5644181
-0,2534961
0,4195782
0,02274501
0,8463995
-0,3406228
0,6015747
0,9691634
1,198214
-0,7884924
-0,2465066
0,08646983
-0,1899871
0,09672159
0,202214
-0,2032893
-0,1825523
0,6993134
0,04279622
-0,4255307
-0,7909505
0,9768896
0,4225411
-0,7378958
-1,029731
1,070042
-0,4648114
0,4673519
0,3527988
-0,1468592
0,6352363
-0,1810901
0,9099308
0,2943745
0,730914
-0,2218029
-0,03331077
-0,08675694
0,9406967
-0,4326173
0,9239695
-0,856488
-0,3035476
-0,5187432
1,22172
1,107713
0,9722107
-0,6529423
-0,9523215
-0,929858
1,143366
-0,2801273
-0,2538335
-1,388448
0,05146456
0,312308
-0,7388172
-0,4478916
1,129488
0,07249981
-0,00505653
0,4280308
0,2435106
-0,2060168
-1,014412
0,6893156
0,5322811
0,428351
0,3716578
0,4454808
-0,7348108
0,8975996
-1,065542
0,3749167
-0,2241405
-0,8561307
0,03187321
-0,439755
0,4149117
-0,6700694
1,26984
0,1013626
0,3266702
0,2376032
-0,7075863
0,009577513
-1,575892
-1,216251
-0,3108945
0,7236592
-1,015808
-0,5922934
-0,6545175
-0,06171292
-0,4105728
-0,5706666
1,295874
-0,0234285
-0,4037599
0,6498877
0,3112659
0,2110982
-0,3679895
0,04191172
0,287905
1,948109
-0,7017734
-0,8439057
-0,04531837
0,8661966
-0,7292746
-0,5084904
0,8301032
-0,2381082
-0,1388906
0,3515609
0,3072864
-0,2060501
0,3587109
-0,8544519
0,6749656
0,3137378
-0,09631395
-0,7278035
0,5136084
-0,8746011
-0,6462999
-0,2791676
0,5449345
-0,8061507
0,6946447
0,1205212
0,4890369
-0,6481642
-1,14912
0,6244429
-0,309723
0,2738225
0,1077232
0,07762361
-0,4238537
-0,7427251
-0,6518459
0,02012402
-0,3031818
-0,3111429
-0,04621345
-0,3268702
0,8773438
1,488663
-0,5220891
0,09506169
-1,141181
0,8207598
-1,61262
0,6935273
0,8309797
0,07790577
-0,1923637
1,441195
0,1581038
-0,4154305
0,301046
-0,9222622
-0,21177
-0,2295865
0,0167585
-0,1616116
0,1144509
-1,398975
0,4406689
0,07189357
0,486062
0,839438
-1,113683
-0,04366285
-1,138852
0,1233506
0,6193878
1,465857
-0,6621414
-0,1272016
-0,2396773
0,7428929
-0,4879038
1,444657
1,1637
-0,784117
0,6159747
0,8082858
-0,481517
-0,4806786
0,2187307
-0,8035942
0,5971332
0,3004133
0,4092622
0,008117259
0,576251
0,5622948
-0,2769299
0,05258715
-1,117365
-0,1644726
0,7806538
-0,09192598
0,5586167
0,3169657
-0,1350299
-0,9012353
-0,4074779
-0,7862636
-0,2708301
-0,3037131
-0,6186239
-0,288965
-0,7556492
0,1007389
0,5294543
0,1489389
-0,9108334
-0,4630159
-0,3820006
0,2113603
-0,1884382
1,138057
-0,3976789
-0,02734596
-0,03651029
0,05083174
-0,168331
0,7939278
0,582998
-0,2243243
-0,1595218
0,07115144
0,3685661
0,33129
-0,3873059
0,543037
-0,1635054
-0,3821316
0,806801
-0,6659763
-0,7100286
0,1567748
-0,7375622
-0,8815025
-0,4538395
-0,01629978
1,08496
-0,2962827
0,1750206
-0,04472733
0,1987267
-0,07659532
-0,01924944
1,216667
1,127176
-1,244393
-0,4487222
-0,2099394
-0,2118211
0,660509
0,4622465
1,570718
-0,2596704
-0,2993038
1,385183
-0,1526611
-0,2011911
0,4489925
0,05811457
0,2161738
-1,003183
-0,5386392
0,1940911
-0,3965411
0,02071762
-0,8880576
-0,009140402
1,234989
-0,01216912
-0,4999751
0,8327105
-0,3032252
0,1164075
-0,1509937
0,6685666
0,6105329
0,2841419
0,2952383
0,5872079
0,03513227
0,2068984
0,1060353
1,218275
-0,7324089
0,6297927
-0,6251328
0,5292359
0,6431053
0,6631534
0,05583201
0,07512908
1,098915
-0,3890298
-0,6970362
-0,4093857
0,7348171
0,5938831
-0,820467
-0,9583116
-0,1983081
0,3612153
-0,3837035
-0,3821601
1,591719
-0,01768821
-1,096438
0,02103227
0,5112514
0,241916
0,5004697
-0,2625684
-0,281255
-0,1463784
0,04451695
0,003206491
1,065941
0,9195528
-0,5486913
-0,5270476
0,07082808
0,7752269
0,5105991
-0,4518469
1,160466
-0,4246551
