1,971849
-0,7327778
0,6026574
-0,3137022
0,6543082
-0,4046265
-0,1602454
-0,03250498
-0,1043674
-0,8366536
-0,02894133
0,06380177
0,1574175
0,1341237
0,3974961
0,2685107
0,09794527
0,1164874
0,7866235
-0,1939702
-0,4512244
0,1398355
0,4651313
-0,1011135
0,04091362
0,2801183
-0,8412946
0,5778638
-0,05209428
0,8528073
0,4146733
0,01019934
0,8890795
-1,454569
1,032153
-0,6326677
-0,04061187
-0,2671521
0,6010181
-1,64641
-1,168144
0,1711886
-1,062367
-0,1627003
-0,3846254
0,08593464
0,3232554
0,3334467
0,1865448
-0,4480295
-0,7282218
0,4035192
-0,08378738
0,8042047
-0,009988338
-1,146612
-0,05209066
0,8155713
0,3581787
-0,8688709
-0,2827689
-0,01369095
0,2181502
-0,6724511
-0,239384
0,09509861
-0,3926625
-0,3073384
-0,32095
0,01614245
-0,4746935
0,4620071
-0,3084164
0,02923504
-1,278083
-0,8942723
0,6636722
0,2785394
0,383909
-0,9596401
-0,5567269
-0,5949352
0,6597347
0,5420897
-0,09511687
-0,2927951
0,7845188
0,5714269
-0,4388998
0,7491316
-0,5651572
-0,198428
-0,3337382
-0,528728
0,7182676
0,07538772
-0,6188301
0,2208814
-0,8293847
-0,01532823
0,5633448
-0,4357614
-0,4308519
-0,2394004
-0,1637841
-0,2965714
-0,631403
0,1193288
0,1203455
-0,3531575
0,0317322
-0,06425522
-0,3279462
-0,2078893
0,6042044
-0,5590122
-0,6926841
0,372151
0,8285669
0,2093343
-0,03570497
-0,5686002
0,5248954
-0,9835349
-0,1279278
-0,9171441
-0,3239347
-0,1428002
0,4590838
0,6304064
-1,891576
0,08857386
0,7334348
-0,2276354
-0,3381236
0,2787557
0,3194578
0,5783679
0,2136936
-0,1316156
1,020569
0,2053528
0,5192363
1,574632
-0,4157209
0,09942788
1,189197
-0,004814029
0,2435911
0,3304629
-0,887134
0,4162562
0,6492696
-0,7734658
1,027749
0,05104458
0,5332875
0,3411359
-0,2791408
0,7231346
-0,3071105
0,0482866
0,9981705
1,682482
-0,7385736
1,990818
-1,076726
-0,2730606
0,005740494
0,05826575
-0,3311484
0,2098589
0,415285
-0,367072
-0,3563263
-0,4212629
-0,9725211
-1,236494
0,7365339
-0,3233823
-0,1230332
-0,2723017
-0,2399909
-0,09215784
-0,5479398
0,4706265
0,3803003
-0,3573431
-0,5189362
0,7669398
-1,126194
-0,4776513
0,05765289
0,464031
-0,3159724
-0,7228394
1,4024
0,09368226
-0,0556552
-0,5919707
-0,3146914
-0,7751719
1,148646
0,4897783
2,175005
0,1825929
1,145212
-1,342532
0,09274539
0,3189279
-0,3810581
-0,187533
0,3113759
-0,3398816
0,1976495
-0,6842799
1,227571
-0,1951389
0,3660365
-1,233735
-0,1458001
0,8223181
-0,09573209
-0,09559202
0,6223031
-0,5562969
0,5822408
-0,2405485
0,2084004
2,124691
-0,5690292
0,466941
0,298204
0,9567369
-0,7778976
0,2025598
1,084765
-1,116313
-0,137473
1,27071
-0,6564007
-0,8741512
0,2889747
-0,416256
-0,1526939
-0,8206903
-0,5032237
0,2755518
-0,2379875
-1,227276
-0,18323
0,1247582
-0,5178242
-0,001742482
0,5397553
-0,09719366
-0,09230024
-0,5719159
-1,250959
-0,6884388
-0,3874037
-0,2231674
0,3378419
-0,4557152
-0,6646434
1,508288
-0,4053707
-1,002949
0,4162717
0,1034849
0,2646838
0,1477207
-0,2433293
-0,0555644
0,3757284
-0,7455136
0,4056497
-0,05577004
-0,6985645
-0,4483483
0,297747
1,879699
-0,3656804
0,6146365
-1,098007
0,7956422
-0,2841791
0,4057908
0,6141915
0,2233362
-0,3723454
-0,2214588
-0,2396582
-0,1081231
0,159811
-0,6316353
1,139783
-0,2147691
-1,060441
0,7257531
-2,157987
-1,358847
-0,3306639
-1,366112
0,586166
0,3572572
0,6669765
0,9312921
-0,8092098
-0,9113455
-0,006477103
-0,7353513
-1,245135
1,106579
0,2303247
-0,8540591
-1,313106
-0,0261921
-0,3140421
0,1739403
0,6406869
0,4869146
0,3099508
0,7807706
-0,5878345
0,4360777
-0,04694343
-0,1952756
-0,2205997
0,4559694
-0,1899453
0,2558287
0,1936952
0,4435814
-0,3205204
0,2676071
1,998228
-1,124008
-0,05499461
0,2050657
-0,2672364
0,4586551
0,7311114
0,3236428
-0,3177219
0,8225547
-0,8503928
-1,099804
-0,4368129
0,07956421
0,5046534
0,8865759
-0,1546777
0,4893739
0,04396493
-0,5256771
0,4940041
-0,05722123
0,4689489
-0,9940221
1,059289
0,3691521
0,5291617
0,3461481
-0,5596112
-0,3754185
-0,1316487
-0,7642957
-0,1839575
0,05871549
-0,7026706
-0,2904167
-0,5492393
-0,1839703
0,1550816
0,09913394
0,03381228
0,2808107
0,6964366
-0,2897607
-0,4421322
0,6808985
0,7536358
0,6473888
0,9570324
-0,507075
-0,8395253
-0,6489884
-0,2460527
-1,282227
0,2265266
-0,4515644
-0,8783863
-0,01158205
-0,9340815
-0,4715134
-0,2793487
-0,805078
-0,6119134
-0,02717721
-0,2707287
0,9721569
0,3387466
0,02552432
-1,402991
-0,2393973
0,9293208
0,7323915
-0,5422328
-0,2906045
-1,004572
-0,4763157
0,5443318
-0,2336733
0,4717097
0,1068896
-0,5535718
-0,449672
0,3413659
0,4117405
-0,0035384
0,866475
0,3280936
-0,7637185
0,09655714
-0,02353805
-0,9864708
-0,1183835
-0,3060064
-0,2719611
0,2872023
0,8916193
-0,4997492
-0,1063942
0,9320618
0,4714225
-0,3510162
0,1583332
-0,1172504
-0,1164167
-0,1543419
-0,1512581
0,004609108
1,082613
0,1154443
-0,3311241
-0,686995
0,7168483
-0,07866138
0,7775781
1,280258
-0,7738735
0,75002
-0,1345305
0,802364
0,7237414
-0,2145882
-0,4232234
0,8453456
-0,8350288
-1,341603
0,0130361
0,001203299
-0,1825224
0,8331475
0,8968896
-1,167994
0,00531891
0,4128327
0,4283695
-0,0005171299
-0,3485792
0,5490846
-1,229528
-0,6924549
0,2856115
0,07317962
-0,1459666
-0,5900368
-0,3626238
0,7921716
-0,1568972
1,163682
2,559131
0,4954479
-0,3502977
-0,6509008
-0,9663043
0,350739
-0,5015256
0,05049172
1,191111
0,08690503
-0,5329253
0,4831678
0,2318513
-0,1855317
0,2854067
0,7912017
1,092234
0,1042165
-0,2694485
0,4401023
0,008162409
0,3389207
0,05983263
0,6538091
0,08809657
-0,2246172
0,7631996
-0,7064429
0,3393773
-0,9140943
-0,2446582
0,782681
-0,6314123
0,3488163
-0,28335
-1,459593
-0,1813678
0,2914564
1,344304
0,5460769
-0,4290654
-0,2203252
-0,7345856
-0,1505371
0,4800214
0,6299859
0,2185592
0,5006973
-1,303536
0,1174977
-0,9041478
1,21639
-0,8259569
-0,9268589
0,5026081
-0,4529409
0,443992
0,216109
-0,6908161
0,8622958
0,3400729
0,2423358
-0,5388539
-0,04082593
1,186452
-0,2598457
0,6655689
0,4149569
0,2198049
-1,544044
1,284864
0,01624557
0,4551952
0,2569333
0,2870241
0,5345376
-0,3686728
0,2933527
0,1867124
0,6559318
0,404508
0,3814963
0,4955441
-0,05598271
-0,00924797
0,4819274
-0,919121
-0,132642
-0,3238131
-0,1869196
-0,2011471
1,064169
0,4073701
-1,057949
-0,8857821
-0,1395879
1,338396
-0,3812652
0,9167828
-0,09982833
0,354066
0,4377217
0,2899699
1,349767
0,3838926
-0,2618048
0,7657987
0,2832597
0,6041026
-0,7113082
0,04372483
0,3634423
0,1416224
0,5376056
-0,09775536
-0,2283306
0,2761289
-0,1613274
0,2255985
0,504779
0,1682486
1,012045
-0,2280496
-0,4172229
-0,1055691
-0,5495088
-0,5689378
0,0764716
0,9376147
0,2786973
0,05354847
-0,7645251
0,1398805
-0,2382041
0,4795472
-0,7201895
1,362843
-0,1367096
0,9399248
-0,004263371
0,4893617
-0,3158393
-0,3533949
-0,6978162
0,5984526
-0,47841
0,6608477
-0,5700968
-0,201853
0,7450513
0,4620458
-0,1182073
0,07413733
0,3264436
0,4516262
0,3002329
0,01963347
0,4330934
-1,035259
0,6823204
-0,08671032
-0,6674649
0,9828378
-0,5836486
0,09908313
0,9247999
1,131029
-0,3439135
-0,9565064
0,1802588
0,3789064
0,5934391
0,5277866
-0,3108664
-0,1964048
1,01955
-0,4195712
-0,3827295
-0,3810706
-0,495045
-0,0608256
0,2720754
0,3326328
0,8631364
0,08140481
0,1201231
-0,9068664
0,5071646
0,1548533
-0,7264547
0,9125925
0,1801286
-1,156022
-0,8078515
-0,386751
-0,1249067
-0,9492151
0,102208
-0,7398126
-0,6883039
-0,2407115
-0,2118813
-0,6827512
1,617395
1,689754
0,2544268
-0,115013
-0,02947688
0,6238326
-0,03603607
0,2031536
1,158939
0,4331539
0,2096561
0,8390832
1,925108
0,7382511
-1,500265
0,3413003
-0,2241289
-0,7822059
0,4013345
-1,137591
0,4099502
-0,03282723
0,3774412
-0,1900964
-0,617645
0,3418275
0,2652917
0,5190086
0,276572
-0,6167462
-0,1726526
-0,2237023
0,2706761
1,080904
-0,2457291
-0,7475224
0,7301322
-0,2063809
0,07300606
0,7294376
0,6320809
0,8932546
-0,1503896
1,55808
0,2462514
-0,6563575
0,2842575
-1,450319
0,3424848
0,4438927
0,02153265
0,2929507
-0,710328
1,280652
-0,008500606
0,3213862
-0,1121908
0,1647243
0,5980674
-0,2584452
0,2899445
-0,6922399
-0,2997366
0,8898904
0,1936661
-0,3612937
0,5346992
-0,1129956
-0,1862118
-0,2925028
0,320839
-0,3169693
0,1691313
0,3160433
-0,2086222
0,6286247
-0,6701648
0,05850843
-0,1553408
-0,2894756
-1,656655
0,09396169
-0,2035122
-0,4554535
-0,4223886
0,3239086
0,7331676
-2,364731
0,5722395
1,067636
-0,9776648
0,7634287
0,7801585
0,008350436
0,5682259
-0,01078957
-0,8308658
0,4053517
-0,08082752
-0,7056868
-1,418941
-0,1578529
0,5735714
-0,2893295
-0,3522578
-0,8088788
0,5046392
0,2045083
1,11468
-1,040565
0,6077518
-0,4780537
-0,547654
0,6393119
0,3009241
0,1432925
0,5156279
0,3498709
1,214123
0,8790379
0,6079083
-0,3367132
0,5927818
-1,193287
0,06791168
-0,48193
-0,09322733
0,3859406
0,7100484
-0,14856
-0,4337648
-1,157101
-0,2337644
0,2841566
0,2066553
0,5032079
0,4441217
-0,1345434
-0,6482271
0,3713924
1,061283
0,6034561
1,709475
0,3155416
0,2651457
-0,149134
0,624583
-0,5379688
-0,358795
-1,510996
-0,2329416
-0,8783711
0,6812692
-0,4242038
-0,3586529
0,253075
0,1283577
-0,3373154
0,50026
-1,037145
0,1957934
0,1203026
-0,1031213
-0,3983331
-0,5213332
0,6819559
0,1575625
0,6884807
0,1158208
0,7683396
0,7507706
0,2988091
0,862271
-0,9456577
1,041227
0,4458523
-0,7629817
-0,8054763
-0,005965352
-0,1913646
-0,7344947
-0,1905971
-0,7473312
-0,2282436
-0,6886701
1,130174
1,318044
-0,02655405
0,05034024
0,3538625
-0,3286835
-0,4959992
-0,02743304
0,2657679
-0,3308967
-1,31364
0,01535514
-0,03546363
0,7012162
-0,733569
1,209887
0,3019077
0,4358312
0,4059748
-0,8606751
0,3317009
-0,669921
0,4127263
0,4901663
-0,02333108
-0,2209876
-0,1191089
0,2063709
-1,337603
-0,4648798
0,05103827
0,5657595
0,8813929
0,1870645
0,1424053
-0,5342617
0,9549959
0,1281999
-0,4201978
0,4991775
-0,6083516
1,011845
1,552218
0,2679068
0,7410845
0,8683121
0,2001786
-0,6549676
-0,00164628
-0,1355109
0,4321246
-0,6514565
-0,3388661
0,2138851
0,07761991
0,1615265
0,2667968
0,3333656
-0,6219297
-1,411245
-0,1368486
0,5675321
0,7552556
0,06865978
0,8790437
0,7333281
-0,2621611
0,1970311
-0,4722856
0,4143625
-0,6596685
1,148311
0,4559377
-0,30672
0,3074423
-0,2843922
-0,142815
0,2399282
0,08738248
0,3682262
-0,4995995
-0,4388616
0,08244067
1,032254
-0,3045533
-0,3463277
0,7180216
2,208273
-0,6548312
0,254607
-0,3044481
-0,7567546
0,04734932
-0,2410712
-0,5568801
0,9821931
0,5179501
1,511921
-0,8710096
0,4752974
1,303166
-0,2816974
0,8464987
-0,8326414
0,5892716
0,6180899
0,2939821
-0,5284414
0,07548344
-0,7076491
1,170725
-0,5390803
-0,6968751
-0,8007514
1,487848
0,1231282
0,007660925
0,1673056
-0,3266363
0,4573848
-0,1546673
0,125917
-0,3455184
0,4324669
0,8324252
0,3226304
0,2100392
0,956233
0,07527691
1,472075
-0,8212421
0,3665729
1,121765
0,3379126
1,180127
-0,4186525
0,4722263
0,1730031
0,5511156
0,1902664
0,201615
0,5343879
-0,3995177
0,84012
-0,08933806
0,2994675
0,6493022
-0,9492558
-1,367635
-0,929508
-0,2326282
0,2231224
0,2866737
-1,564265
-0,2692401
0,4124401
-0,234788
1,284177
0,3620209
-0,5705143
-0,7746059
0,8149488
-0,7868912
-1,487967
-1,180012
0,03872728
0,3758479
-0,1256877
0,6286082
0,09855288
0,9738086
0,04168141
0,985652
-0,162802
0,0194889
0,5273258
0,4986889
-0,1326413
0,2036589
-0,2690668
1,29955
0,3365908
-0,3752062
1,528005
-0,1554636
0,9183635
-0,4549985
-0,2961429
-0,6588492
0,6585188
0,6337587
-0,139138
0,5997496
0,4432333
0,6523949
-0,9363786
-0,3606719
-0,8242467
0,08372521
0,8410531
-0,2670929
0,5371032
0,3402889
0,6729504
0,5443659
-0,206515
0,1291081
0,1017585
0,1344783
-0,8608298
-1,137231
-0,3148528
-0,7108632
0,2585792
-0,8904133
-0,2425605
-1,192386
0,5853276
0,7972802
0,4101737
0,7087088
0,4437747
-0,4979296
-0,1481135
-1,383739
-0,5824938
0,1689679
-1,326106
-0,2095658
-0,06807595
0,3239887
0,4130808
0,5100906
0,5728287
0,007240117
-0,2916489
-0,01600155
0,3975577
-1,07913
-0,4539425
-0,05489936
-0,5361861
0,08385172
-0,6254629
0,1916286
0,5853049
0,09123981
0,4750314
-0,05345231
-1,625989
0,2310351
-0,4264109
0,2874375
0,9926229
-0,563289
-0,1415203
-1,469002
-0,6701593
0,1842682
-1,469373
0,7419087
-1,025028
-0,4598823
-0,0831112
1,396872
-0,7114074
1,106039
0,9589599
0,550313
-0,9354978
0,5231394
0,1442149
-0,4329805
1,018147
0,2113038
-0,310723
0,009158999
0,1009923
-0,07243797
0,2403617
-1,13466
0,1006194
-0,03594226
-0,1292579
-0,4214792
0,3882948
0,7693508
1,093816
0,455509
-0,5556423
0,5542449
-1,021014
-0,7317852
-0,734146
0,2240079
-0,2382752
-0,2931654
-0,1051773
0,137023
0,01032674
-0,6759288
-0,5308287
0,2580095
-0,1758755
-0,1671423
0,6027123
-0,2402123
0,04042709
1,219451
-0,0573612
-0,3100741
-0,4310597
0,1611538
0,9228317
0,04862121
0,07308483
0,2136789
-0,8616341
0,6189844
-0,6600636
-1,18921
-0,02007026
-0,4349415
-0,6722679
-1,032976
-0,0394913
0,5460194
1,181542
0,1261258
-0,1166418
0,8165511
0,3486103
0,1099575
-0,1299827
0,9782678
-0,6928416
1,462929
-0,1545131
0,623745
-0,831205
-0,5516344
-0,9276423
-0,2484233
1,192715
-0,6937624
-1,195534
-1,165313
0,2003072
-0,4613972
-0,2589374
0,4738065
-0,6919916
-0,2992527
-0,4142831
0,1342848
0,4497222
2,014644
0,2469079
-0,3853647
1,136508
-0,2209563
-1,286715
-0,1228843
0,3720611
0,6631818
-0,2835876
-0,9109169
0,4754884
-0,5337679
0,06126134
0,2525619
0,2104858
-0,09234412
0,8180368
-0,3262854
0,3446701
0,5514795
0,2786738
0,04380447
0,1922235
-0,2966221
0,5801607
-0,2776574
0,207651
-0,7864271
0,03815347
-0,2605224
-1,698581
0,7148533
0,8338703
0,03461087
0,09811994
-0,08219534
0,2247505
-0,07877606
-0,2097513
-0,5959797
-0,1375336
0,2069249
1,61942
-0,4237155
0,3817756
0,9800878
0,3379475
-0,627122
0,1705021
-0,5871512
-0,3527277
-0,1712301
0,4793367
0,9348072
1,575292
-0,1857708
-0,7869419
-0,01160699
0,2108407
-0,6386539
0,5872445
0,6653295
-0,02357313
0,2959624
0,4665996
0,4473709
0,8943806
-0,4758227
1,154762
-1,336936
0,3299657
0,1230986
-0,3993675
0,2827244
-0,6754848
0,7239202
-0,40713
0,2862242
-0,7095149
0,4880971
-0,2908922
0,1237286
0,950716
0,4022145
-0,5355405
0,4501593
0,4073118
-0,007710546
0,9166508
-0,09265155
0,6850131
-0,1273835
0,2438559
0,09108001
-0,6979074
0,8729432
0,1700499
0,05388439
1,146363
-0,2431298
-0,06227264
0,2894541
0,5474077
-0,3140572
0,4121431
-0,8580646
-0,3633901
-0,2578101
-0,2410924
-0,4178335
0,7001416
0,08114892
0,4517945
-0,7928457
0,01140401
0,05198011
-1,767855
-1,01074
-0,5070836
0,4062434
0,7132321
-0,02810313
-0,1163478
-1,124134
1,035162
0,4614908
-1,215149
-0,0103144
0,1394401
-0,6391163
-0,5388334
-0,8942741
0,04032296
-0,5076617
-0,0865984
-0,9954672
-0,6733922
0,7848693
0,25217
0,7171963
0,4109919
-0,07062514
-0,05101705
-0,3600985
-0,3875263
-0,2118149
-0,5215974
1,322838
1,747449
0,6338683
-0,5069425
0,4624963
0,06811939
-0,4699314
-0,175638
0,4230968
0,800967
0,4059362
1,042297
-0,1974502
0,5601048
0,3743052
0,1232406
-0,2715526
-0,5425711
-0,2442155
1,080372
0,2113264
0,5136518
0,7595974
1,138989
0,1960768
-0,3299798
0,5070962
0,3381037
0,1608457
1,130977
-1,167522
0,5084109
-0,005511759
0,808161
0,5647295
-0,2279683
0,4035631
-0,620159
0,3222862
-1,036981
-0,6248696
0,8914753
-0,03646046
-0,0167847
-0,1551909
0,5366674
-0,8082322
0,139188
-0,2129381
-0,1593632
-0,1114801
-0,1559061
-0,08756034
0,5970337
-0,5439153
0,9574414
-0,1066249
-0,509791
0,2455103
-0,3091671
-0,4642339
-0,3317039
0,4351529
-0,5465919
-0,7323068
0,06306699
-0,9111287
-0,4557309
0,5098794
-0,3750597
-0,139187
0,4975807
1,05973
-0,5680155
0,9590333
0,0525476
0,3150971
-0,9589081
0,04089043
-0,1732551
0,4260318
0,1098639
-0,04427573
-0,452052
0,2483796
-0,3943309
-0,03477567
-0,6422675
-0,2921059
1,288489
0,8624579
0,5123253
-0,8146527
-1,340208
-0,4131712
0,06148142
-0,07988162
1,338229
-0,430811
-0,6519901
0,5188056
1,704946
-0,90687
0,003860101
0,1819169
-0,09079498
-0,9887728
0,3059715
-0,1694007
0,7004117
-1,63905
-0,1097678
-0,4347001
0,174612
-1,588741
0,5840116
0,7143286
0,6213439
0,632404
1,497037
1,0685
-0,5618268
0,1630685
0,5050733
-0,2472805
-0,5223738
-0,114449
0,1298398
0,320952
-0,1535348
-0,5967546
0,1851923
-0,5128161
-0,1069091
-0,6067817
-0,2530264
0,5581133
0,2272893
-2,03053
-0,4561412
0,7568921
-0,1945442
-0,05936173
-0,271797
0,1686162
0,1735829
1,712522
-0,6604255
-0,7634256
0,02817914
-1,583962
1,621068
-0,2234576
-0,3228453
-0,5982286
0,1570534
0,1426594
0,443611
1,980084
0,3855832
0,08502388
0,5138057
0,2454338
0,5102819
0,5926483
-0,1440569
1,574451
0,2595954
0,1325063
0,09315053
-0,4435425
-0,9807062
-1,195183
0,725657
-0,2684226
0,3814882
-1,101707
0,2027543
0,0006274283
-0,3918135
-1,428391
1,055207
-0,364031
-0,3596584
0,1507934
0,3965144
-0,316949
1,706541
1,02984
-1,444388
-0,8295009
0,4206544
-0,8581667
-0,07792951
-1,197358
0,2639599
-0,2909694
-0,1524408
-0,1004491
-0,218124
-0,5511026
0,2254478
0,4036641
-1,37765
-1,191157
-0,5212633
-0,9453758
-0,3297162
-0,1753966
-0,6701127
0,4899991
-0,1398143
-0,07150891
-0,9084709
-0,2472942
-0,1999182
0,2319198
-1,382422
-0,6658574
0,6834646
0,05771583
-0,1889701
0,6977266
-0,8118768
0,9653225
0,6587126
0,1275642
1,066361
3,014038
0,07021177
0,1466269
-0,9025993
-0,1541544
0,3153707
-0,1880473
-0,04657435
0,2336672
1,721225
0,09329045
-0,381418
0,4045473
-1,093091
-0,4248946
-0,6395583
-0,1044579
0,4364256
-0,2092995
-0,8901005
0,1473805
0,3995046
-1,690045
-1,175182
0,4632678
-0,9824164
-0,4043271
-0,3277171
1,855623
0,5129626
0,4693152
-1,170048
0,2027969
1,851468
0,4427575
-0,0724937
-0,5362148
-1,207444
-0,4318584
0,288785
-0,3356442
0,4796689
-0,6767817
-0,004202187
-0,9081091
-1,207643
0,5420111
0,7214324
-0,1325038
-0,6663185
0,1583042
0,7176872
-0,4222723
-1,30399
0,1541654
-1,373769
0,089728
-1,09719
-1,2478
0,5973291
-0,3755453
0,3272352
1,48669
0,118224
0,003714561
-0,7615438
-0,7096959
-0,1036593
1,237028
-0,2976489
0,05741948
0,4361365
0,762022
-0,4130554
-0,3490615
-0,5536025
0,7799403
0,0967685
-1,040722
0,08647603
0,109559
0,0007510483
0,002785087
-0,2898366
-0,6609885
-0,5363418
-0,4219083
0,4538283
0,9109321
-0,2390042
0,2492293
0,6642456
-0,9737578
-0,3206672
0,2388154
-0,4205364
1,064929
-0,6867391
2,484244
-0,8498828
-1,125635
-0,5566027
-1,46179
-0,4473284
-0,2021408
0,1949906
-0,4462814
0,4525326
-0,7159583
0,3660378
0,5767646
0,4791175
-0,2344158
-1,736368
-0,4692475
-0,7747719
-0,4351988
-0,7733213
-0,5661951
0,004155874
0,5177858
0,2697341
0,5574214
-0,4021514
0,2392992
-0,02878734
-0,5896619
-0,5120551
-0,6840059
0,2689756
-1,119236
-0,1348321
0,1274051
-0,1698997
0,1366557
0,07898729
-0,2115833
-0,05515899
-0,5557973
0,71755
0,06134278
0,520866
0,2579534
-0,3263167
0,6560466
0,2630855
1,107418
0,6675647
0,5755222
-0,4003529
-0,3097851
0,3771688
0,02575919
0,7356801
-0,03636801
0,06292966
0,2747389
0,6433617
0,1877059
-0,5376006
0,1635942
-0,7764153
-0,3911004
-0,4431444
-1,262111
0,2716469
-0,4722062
-0,8730971
-0,3834573
0,3847824
-1,328281
1,128628
-0,9689694
0,2131126
-0,2545211
0,3354595
-0,6531225
0,3017339
-0,58421
0,2875447
0,2842563
-0,3983647
0,1152392
-1,805922
-0,6518913
1,006574
-0,2443883
0,02582374
0,6839837
0,4928571
-0,9441784
-0,7478837
-0,1637374
-1,320463
-0,6685051
0,6545503
-0,3360561
0,3422505
-0,84707
0,4044665
-0,7192065
-0,451413
-0,8474892
0,5397071
1,234103
-0,4125177
0,968617
-0,04423851
-1,180309
0,4268898
0,4855761
0,2999344
-0,1310744
0,3561918
0,8997231
0,8405706
0,4436467
0,5407363
0,111285
0,8019943
0,5714259
-0,5511145
0,1136761
-0,8611119
-0,4460158
0,005117789
-0,4508004
0,2832856
-0,5825429
0,4784892
-0,3445817
-0,04863524
0,7330169
0,1765631
0,499698
-0,3827414
-1,058755
-0,8926101
-0,1099851
-0,2136577
-0,4142065
0,481095
-0,8679051
0,9374888
0,9942533
-0,6635199
-0,2085062
-0,6211413
-0,3473597
-0,3874105
-0,06158517
-0,3284622
-0,6148447
0,1054879
0,1734878
0,07682082
0,2968889
0,2290994
0,5112537
-0,134414
0,4470415
-0,1371195
0,1721013
0,4975395
0,2203294
1,515699
0,4845206
0,4552761
-1,227588
0,09060079
1,405222
-0,03626662
-0,3363597
-1,174114
-0,4207081
-0,6801067
-0,1936142
-0,3328544
-0,3805975
-0,9044596
-0,3562596
-0,3304886
1,346266
-0,9006841
-0,4498691
0,1817272
-0,2880849
-0,325174
0,6271048
0,2600134
-0,3716422
-0,5771226
-0,4567399
0,777631
-0,6716639
-0,4355742
-0,7486432
-0,7256558
-1,895536
-1,187066
-0,3539815
0,1810268
0,3423744
0,4231416
0,610805
-0,9811101
-0,1268657
-0,4214326
-0,5946296
0,3127246
0,04062361
0,6419314
0,5469775
-0,1178025
-0,5325931
0,3043694
-0,6270707
0,02120316
-0,3298461
-1,443298
0,4037896
-0,1704989
-0,1304613
0,3912666
0,8963456
0,06038421
-0,1717765
1,608293
0,3139868
0,004183769
1,266724
0,9045896
0,4070895
0,5727659
0,1613188
0,1486503
0,8837151
-0,3035764
0,08644885
0,4577825
-0,01185548
-0,1211143
-0,113196
-0,8268828
-0,9595034
-0,8613172
0,6425387
-0,6324074
-0,3859763
-0,2545909
-0,04656088
-0,2041752
-0,5634478
0,6137552
-0,2003247
0,2154401
-0,07971534
1,397346
0,632104
-0,1261688
1,154607
-0,9506
-1,546439
0,475812
0,6949123
0,5416407
-0,8285638
0,2597938
0,1499214
0,4849918
-0,5342184
-0,1636087
0,4408404
-1,053939
1,251832
0,8759716
0,9162096
-0,2845977
0,5860195
-0,2363831
-0,6830403
-0,9227256
-0,3834225
0,295996
-0,4915493
0,3110648
0,01246288
-2,280236
-0,7049835
1,690373
0,8851822
0,7697396
0,3591392
0,8674517
-0,3368521
0,3960891
0,2004223
-1,292624
0,7146984
0,8919581
0,3830867
1,154538
0,9252501
-0,02467075
-0,05319569
0,6451591
0,7249188
0,3755066
0,2107666
0,1470297
-1,015347
-0,07977897
-1,227651
0,3457864
0,4023082
-0,2383524
0,158528
-0,2389625
0,5175064
0,2918314
-0,7973998
-0,5975653
0,9237212
-0,3528105
0,9317527
0,584917
0,9956866
0,3777112
0,08979088
-1,037573
-1,569384
1,084598
0,2008733
0,1190311
0,1864836
-0,7487953
0,5003582
0,4293778
-1,036236
-0,09988238
-0,412378
0,598822
-0,0004051924
-0,2925952
0,1665745
0,8084077
0,3469762
0,3019977
-0,6740556
0,7092379
0,7914174
0,8031526
-0,6513164
0,7753211
-0,2329699
1,212226
-0,6327408
-0,3792259
-1,591012
0,4559427
0,6758803
-0,1080917
-0,1722394
-0,2960888
-0,6081141
0,1905674
0,3640786
0,1771647
-1,567451
-0,7462341
0,2638889
-0,5078086
-0,8672671
-0,182437
-0,01047337
-0,6314287
-0,4467852
-0,6652724
-0,8006117
-0,478914
0,0350661
-0,2711606
0,2811434
-0,1067964
1,457917
-0,8075536
0,7398676
0,2384772
-1,671612
-0,2685545
-0,08151111
-0,2486058
0,3482819
0,2147573
-0,8108884
-0,2007029
0,186185
0,3214819
1,861671
0,153934
0,9783013
0,3796662
0,6314017
0,4217532
0,1765644
-0,4456794
-0,1138516
-0,2606671
1,25331
0,02181256
1,794085
-0,2152865
0,3607298
-0,4921477
1,314476
0,2879718
-1,044751
0,8008371
0,6674243
0,4303848
1,007618
-0,2798442
0,8923907
-0,4055063
-0,5252768
-0,3566017
0,5781096
-0,1321264
-0,1842536
0,02727601
-0,6230813
-0,6543323
0,515254
-0,1508201
-0,4791412
-0,2194785
0,6389303
-0,06973523
1,230058
0,2212968
-0,1668066
0,378416
1,297836
-1,241179
0,3333278
-0,2319549
0,2534326
-0,745878
0,8747945
1,026239
0,7790936
0,4732521
-0,6628244
-0,2157167
-0,3926442
-1,385217
-0,5009243
0,343926
-0,2594037
0,5984252
-0,8286846
1,090981
0,2202517
0,439693
0,01483369
0,2430039
-1,087432
0,7092671
-0,5163396
0,5917644
-0,5483949
0,1395067
-0,2491527
-0,5643954
-0,544983
0,1804166
-1,708738
0,2715877
-0,1866685
0,3843373
-0,6463193
0,07246989
0,8429867
0,5189712
-0,1171696
0,5560914
0,6257083
0,09842533
-0,4635494
-0,1105553
0,1306906
-1,250503
-0,4239474
0,9451507
-0,3154914
1,026628
0,5219674
0,4557238
-0,1241029
-1,450279
-1,493602
0,8666555
0,8750741
-1,062294
0,1267766
0,534663
0,2088028
-1,210888
1,120077
-0,5218605
0,1232414
-0,8356392
-0,5420177
-0,02623791
-0,4469749
0,1121524
0,02503642
0,2085846
-0,2126807
-0,7408723
0,6807306
0,5263855
-0,08678019
0,2730113
0,7402084
-0,5913809
-1,012437
-0,4834788
0,01452073
0,7726777
-0,5983592
0,5733802
0,3613696
0,08165245
-0,8962211
0,3364107
0,5386243
0,8330128
-0,9758152
0,516096
0,58948
0,9645066
0,716607
-1,174451
-0,1306233
-0,2810659
-0,8107703
0,212652
-0,09834513
0,7890647
0,3869497
0,0264728
0,3468103
0,58217
0,1086913
0,1174179
0,1305392
0,3056558
-0,9051896
1,256678
0,5707338
0,2973773
-2,263498
-0,3107543
-0,1541319
-0,4818428
-0,6802095
-0,6597317
-0,6898554
-1,400901
-0,0841766
1,84401
-0,3655928
-0,5454005
-0,7632236
1,490742
0,3430906
-0,3790436
0,5719093
1,193355
-0,2694265
-0,4337011
1,835346
0,7375689
0,2065653
-0,5066271
-1,037617
0,05058874
0,107288
-0,3184503
0,06758279
-0,349489
0,8616548
-0,8045539
-0,3297445
-1,327183
-1,382327
-0,7280037
1,238203
-0,3437279
-1,741293
-0,7164063
-0,525884
-0,4122491
0,1703013
-0,8877968
0,7266579
-0,4317147
-0,4315633
-0,7843856
-0,5977209
-0,01967275
0,5155169
-0,1775733
-0,004321486
-0,922734
0,1258759
0,410111
0,5984313
-0,6960093
1,117457
-0,2163054
0,07229416
-0,4730722
0,865873
-0,03425121
0,846267
-0,2297294
0,9299691
1,486596
0,1000861
1,028012
-0,07156025
-0,1780036
0,024468
-0,7976577
-0,1958296
0,664225
-0,4658243
0,2560338
-0,9488956
-0,8071219
1,398452
-0,4834779
-0,8938334
-0,2908366
-0,0202893
-0,4114885
0,2123574
-0,5469325
-0,2836812
-0,2528012
-0,3436341
-0,3771148
0,4410982
0,4394029
-1,545262
0,1274197
-0,1091643
-0,2087348
0,5725775
-1,226492
0,5448343
0,1808638
0,2639731
0,0225051
-0,8142664
0,5430521
0,4886527
-0,2647194
-0,8122578
0,2809203
-0,6981694
-0,5945352
-0,6583658
0,07666576
0,6552621
0,4399678
-0,176383
-1,228568
0,3344749
0,01447535
0,1538663
1,514296
-0,07644174
-1,178603
-0,1922495
-0,5428391
-1,089341
-0,9910239
-0,264473
-0,2578405
-0,157199
-0,7746781
-0,05785549
-0,4400918
1,115342
0,3360313
0,4526316
0,3385758
-0,08498172
0,9026542
-0,7300763
0,4857799
-0,1876699
0,293537
0,5645804
0,1775282
-0,9258872
-0,2860777
0,3678166
-0,2513575
-0,3362027
0,6820741
-0,6772999
0,4763053
-0,07073881
-0,2183018
0,5287787
0,3528047
0,6428767
1,279492
-0,09227073
0,2539635
-0,3653681
-0,7450921
-0,3331562
-0,1378099
0,3313265
0,003912747
0,309473
-0,5646517
-0,1185279
0,4645668
-0,07725793
0,9734706
0,8883144
0,3008423
0,771143
1,125534
-1,186281
0,2521415
1,052547
-0,2339031
-0,2051947
-1,127453
-0,3292048
0,2279446
-0,8420804
-0,5282418
0,4791844
0,7011347
0,8909982
-0,9250319
-0,02612668
0,8828634
0,1606802
0,3279507
0,2141378
1,129962
0,1706856
-0,6676212
-0,7669071
-0,0007457137
0,5265996
0,536485
-0,1575236
0,112783
-0,2631024
-0,09531763
0,460706
-0,5157516
-0,6610368
0,4275181
-0,145009
-0,9882597
-0,3332022
-0,4248512
0,173327
-0,470368
1,417631
0,08034423
0,4978668
0,704928
-0,8245445
-0,3603854
-0,2103835
-0,4840778
-0,6633637
0,2964224
0,1713069
0,399135
1,125955
-0,4678113
0,449377
-0,9449365
0,08870208
0,3167793
0,243099
0,2365802
-0,04074171
-0,1584424
-0,4632053
0,6461878
-0,7940099
0,073111
-0,2575073
-0,2344865
0,6753868
-0,1504977
0,3908921
0,7363351
0,4151607
-0,3531733
-0,1198331
-1,050465
-0,3825954
-0,4595422
0,1069583
-0,5064448
-0,4698786
0,7639225
0,4600822
-0,1935178
-0,5246743
-0,1917497
1,262064
1,112746
-0,4645536
0,6322289
-0,2379209
-0,2726427
0,7381365
0,3775778
-1,063369
-1,227455
0,5703763
1,722356
-0,629436
1,266568
1,00108
-0,2621748
-0,6664177
-0,1969549
-0,3884495
1,134024
0,1445417
0,3891965
-0,3887113
-0,1809753
0,6133379
0,7035997
0,2553124
-0,2588526
0,2900382
-0,6467026
-0,5433341
-0,2177719
-0,01809272
-0,3968208
-0,1995418
-0,2425797
-0,2284015
0,4973102
0,5458775
0,2322972
-0,2734111
-0,02730247
-0,9499441
-0,7118174
-1,061898
-0,06501549
-0,105262
-0,3447514
-0,3066508
1,366202
-0,2309588
-0,4003586
0,08467984
-0,2413706
-1,546402
0,8489972
0,6410775
-0,04709472
-1,692432
-0,8203649
0,1865625
0,6131242
0,004466772
0,998213
-0,5578713
-0,6429914
1,173947
0,1332873
-0,4583206
-0,3685542
0,7823225
0,6542951
0,1154037
-0,6351268
-0,4950987
0,3078977
1,580874
-0,4546471
-0,3165768
0,4285125
-0,2933484
-0,2950847
-0,966565
0,365169
-0,5953681
0,3810445
0,3278765
0,1905059
-0,589246
0,2112704
-0,3847911
-1,039881
0,4765418
0,869758
0,8148932
0,1395144
0,6260659
-0,04704788
0,9845057
0,3497929
-1,086423
-0,6708172
0,04379006
-0,2565868
-1,316483
-0,3038781
-0,3995087
0,2773993
0,1480367
-1,208867
0,9810184
-0,1580402
0,5334276
-0,6464964
-0,2666461
-0,7179904
-0,909062
-0,580339
-0,4433777
-1,28497
-0,4772254
-0,3787386
-0,4057708
0,370378
0,9030795
0,008964628
0,5246645
-0,06713457
-0,1097305
0,00398022
-0,3939574
0,2264698
-0,04183447
-0,02114053
1,108109
1,102197
-0,7584525
-0,5854897
-0,2530473
2,120042
0,02261186
-0,04076511
0,02974299
0,4640603
0,1035226
0,7777967
0,411563
0,2294394
0,5140049
-1,376365
-2,267062
-0,8450007
-0,2846636
-0,439509
0,4467109
-0,8215648
0,306349
0,2894014
-0,09794787
-0,6896544
0,1957186
-0,2182391
0,7919105
-0,2914841
1,193202
-0,08277602
-0,124168
1,029513
-0,8767425
1,004724
-0,9028305
0,8534211
0,9463948
1,073275
0,6302062
0,5980971
-0,7112974
0,04424906
-0,2856266
0,1862506
-0,2842826
0,2123745
0,1285583
0,9142048
-0,02071768
-0,5062603
-0,04264808
0,8140746
0,3182876
-0,1647968
0,2981424
0,2019766
-0,3917078
0,4199683
0,2445146
-1,022662
0,07064214
-1,009092
1,305467
0,7510718
-0,5374364
-0,7256005
0,3254058
0,7851585
0,3248371
0,1107261
0,6959035
-0,6720366
-0,1088714
-1,187059
0,2134778
-0,03019917
-0,09781154
0,41448
-0,7372226
0,3098274
-0,9401188
0,9094625
0,3121376
-0,8425814
0,03692558
-0,8548164
-0,4621118
-0,6230955
-0,8923431
0,8107138
0,089761
0,7977486
0,5918632
-0,3748117
-0,06069332
0,7361797
-0,1934248
0,8590536
0,920207
-0,1151977
0,2889227
-0,9466642
-0,3745117
0,3492333
0,5611215
0,07876404
0,3120882
0,2280321
-0,7090799
-0,2269871
0,04585038
1,019284
0,0697127
-0,8772725
1,080499
0,06085134
0,3127562
0,5474716
0,3661973
0,4702762
-0,106932
0,08691978
-0,2996679
0,5772831
-0,5348173
-0,07120731
-0,9114726
-0,2426376
-0,2031466
-0,1555613
0,2635025
-1,149465
0,8704669
0,2229905
0,4478357
0,06732535
-0,4025884
-1,889648
0,8364634
0,613769
-0,1994874
0,2824151
0,6436276
0,451152
0,6459616
1,107948
0,5462116
-1,116825
-0,6434161
0,2499464
-0,1374575
-0,9345059
-0,6865245
-0,003252283
0,8059098
-0,01448262
0,2741528
-0,3046089
0,4808789
0,1102313
-0,02481097
0,7202998
-0,07674772
-1,393498
-1,032994
0,6102064
-1,028705
-0,1093033
-0,482143
0,2411054
-1,737828
-0,4972163
-0,3374389
1,011692
0,9236466
0,1964289
0,008635879
-1,363852
0,3344228
0,2235288
0,008996606
-0,1088303
0,6831405
-0,4183317
-0,171102
0,677739
-0,06510504
0,1148032
-0,215867
0,8748473
-1,162811
0,9604187
0,1525887
1,240599
0,277421
-0,03674257
-0,2314809
0,2349701
-0,427702
-0,1390253
-0,01434757
0,5474158
1,117658
-0,6018137
0,09963745
-0,3886389
-0,07135659
-0,2039791
-0,4058695
0,1650187
-0,2335361
0,297511
-1,40857
0,3147963
-0,03574073
-0,5274425
1,49953
1,063884
-0,581305
-0,08480793
-0,3250173
0,08461648
0,5262894
0,1446395
-0,1522546
-0,5482008
1,282864
0,1390851
-0,06532186
0,2367985
-0,07286698
0,1294853
-0,4715374
-0,4566683
-0,5920892
0,2000118
0,09315783
-0,6433461
-0,02010012
0,3895686
-0,4727391
-0,4941519
-0,5428637
0,6596032
-0,04035044
0,3573211
0,628407
0,432448
-0,2806147
0,9620986
-0,349542
-0,4577077
-0,01004004
0,2891761
-0,1668453
0,3946406
-1,601313
0,0899196
0,3251998
-0,3935151
1,603187
-0,6057863
-0,5787241
-0,8325983
-0,09448493
0,392131
-0,2146264
-0,2131675
-0,205407
0,6798533
-1,264643
-0,1298155
-0,5876099
-0,4776912
-2,082389
-0,844853
-0,2726956
0,1625802
0,6789218
-0,3020913
0,2752053
-0,5047902
-0,9722278
0,2170624
-0,507753
-0,7659306
0,8012013
-0,5187743
-0,8061309
0,6970838
-1,037681
-0,5302331
0,7963424
0,103465
-0,3984275
-0,3283545
0,1975924
-1,072228
1,199595
0,4029333
0,5253935
-0,8693773
1,092783
0,561931
1,095804
-0,5507576
-0,0362727
0,3937163
-0,2416555
-0,2253361
-0,6376107
-0,6231567
0,9970832
-1,151441
0,6081115
0,5750249
0,1507367
-0,1835935
-0,5321421
-0,03773084
-0,2358422
0,4320513
0,2987007
0,4273071
-0,20449
1,651353
-0,544089
-0,06252597
-1,045947
-0,3388697
0,1016843
0,9386131
0,5302848
-0,624761
-1,704496
-0,9436044
0,654164
-0,1337654
-0,3336152
-0,7382143
1,368089
0,009933233
0,1333361
0,2094159
0,5727152
0,9627187
-0,1115748
-0,2019204
-0,3858217
0,3710456
-0,3325565
0,6137938
0,7112728
-1,081324
-0,6529292
-1,223026
0,4338821
-0,06792505
-0,8948953
-0,383431
-1,358567
-1,853991
0,8047456
-0,1241834
-0,2667544
-0,5968007
-0,5104647
-1,339299
0,09700894
-0,5234466
-0,1712225
0,275795
-0,3592914
-0,6204865
-0,4386073
0,1506124
-0,9024347
0,4266048
1,473273
0,0602584
-0,306906
0,07924591
-0,3262548
-0,6232394
1,073845
0,504819
-1,06469
-0,1995479
-0,05518091
-1,285152
0,5698149
-0,2156701
0,3971536
-0,5644761
0,4823531
0,2555345
-0,5644712
0,4053811
-0,04211563
0,2042949
-0,2942129
-0,2075489
-0,5096565
0,9003538
0,4472961
-1,481276
0,0144376
0,5616972
0,5453524
-0,1033483
-1,183534
0,3414073
0,570529
-0,1965911
0,3582936
0,2249264
-0,5896488
0,2485029
-0,2139344
-0,2936968
-0,1282116
0,1695272
-0,06702673
-0,3864022
0,5032514
-0,0202972
-0,2834429
0,7913223
0,4152108
0,7235318
-1,253103
0,7910204
-0,3511512
0,4636538
-0,7583944
0,1368291
0,8445662
0,6914322
0,8515077
-0,4694719
0,6183246
0,1313764
0,04923037
-0,1491862
-0,1099352
1,218833
0,04865497
1,16548
0,2464812
-0,2813926
0,1374752
1,54377
0,3766581
0,7729427
-1,050988
-0,788924
0,3942814
-0,3553258
0,8610156
-0,8677933
-0,2741489
-0,8524415
0,1256347
0,1627762
-0,08024013
-1,321754
0,5651921
-0,005555868
0,4553604
-0,2580803
0,8973274
0,09268396
1,402529
0,1322274
0,6706467
-0,4213751
-0,1573019
-0,6753416
0,173736
-0,6121655
0,3658732
0,2905567
-0,1689939
0,9106004
0,8139096
-0,1318425
0,4382772
-0,0083033
-0,972203
0,09923206
0,5062239
0,7358971
-0,7306578
-0,4807587
-0,1367244
0,1231826
0,5212252
0,1037279
-0,7319777
-0,3473284
0,5989441
0,2305788
-1,492371
-0,4754005
-1,123039
0,6630829
0,2833015
-0,5887823
-0,3874619
0,7533989
-0,5959716
-0,1769614
-0,2624753
0,3731279
-1,040483
0,1333407
0,2244259
0,4063749
0,1674564
-0,6531737
-0,2611742
0,3600465
0,3906583
0,6432612
-0,3240221
-0,9856654
0,5120989
0,3497698
0,4210956
-0,5886971
0,3476851
-0,3009162
-0,4887349
-0,03454742
-1,770583
0,2717552
-0,14486
0,07916594
-0,07052684
-0,6720405
1,131577
0,6803911
-0,5498281
0,2223727
-0,08248058
0,7605944
0,2588612
-0,4571965
-0,5722735
1,386351
0,3456547
-1,342624
-0,2083586
1,48288
0,2879466
-0,7422295
-0,2362881
0,5175396
-0,3073743
0,170099
0,877379
0,006107897
-0,09976873
-0,3806672
-0,1979755
-0,1375926
-0,2813039
-0,3108369
1,093856
-0,8783284
0,004140168
-0,1826242
-0,5473503
-0,3501604
-0,4380827
0,517985
0,5007372
-0,7822844
0,752859
-0,9638401
-0,6315556
0,4260638
-0,7430587
-0,3158662
-0,7273095
-0,05490774
-0,3431835
-0,578738
0,06778973
-0,1795775
1,128833
-1,15715
0,4122256
0,4366016
0,3650355
-0,373081
-0,05295336
1,577214
-0,2002995
-0,2017736
-0,06467533
0,3613781
0,2247232
1,246251
-0,5666242
-1,032811
0,04204521
-0,02295291
-0,2272596
-0,9002447
-0,6076938
0,6248599
0,2867388
-0,06002393
-0,3589934
-0,2810462
0,1941147
0,2221642
0,2425101
0,1283941
-0,4026762
-0,1251984
0,8603866
0,08834565
-0,2334178
-1,366202
0,711306
-1,235559
-0,02312139
0,7945467
-0,007008567
-0,542576
-0,5260792
0,9583042
-0,5423303
0,166165
0,008337736
0,1609111
-0,05576231
-0,9116161
-0,107416
-0,7816832
-0,9596064
0,8088061
-0,9448463
0,686338
0,409779
1,360808
-0,3491964
0,2173821
-0,5250754
0,5080096
-0,1036012
-0,2484031
0,870674
-0,6781914
-0,6629027
0,08088289
0,1346937
-1,524688
0,4136112
0,1690938
-0,1781123
-0,3008446
-0,2530034
-0,1014246
-0,3545425
-0,3538052
-0,3811296
-1,193001
-0,09513509
-0,1928307
-0,1894203
-0,4219004
-1,89178
-0,6494977
1,310928
0,7784483
-0,02229777
0,4190763
-0,3829706
0,6566358
0,3082511
-1,371958
-0,160398
-0,3947966
-0,01487932
0,3250577
-0,09552129
-0,02341141
-0,5724633
-0,1585675
-0,2497789
-0,2745908
0,2307477
-0,0321674
-0,5451667
-0,1062874
0,5630943
-0,006857757
-0,7340395
0,227796
-0,1554086
-0,9677631
0,011527
-0,2707895
-0,1352443
0,1585037
0,09473252
-0,9306034
0,7096747
-0,9544755
0,2678971
-1,048148
0,6269314
0,4195326
0,6371596
-1,901499
0,1430441
0,1792546
-1,258851
-0,4712075
-0,3054895
0,2234179
-0,01585707
-0,724956
-0,8673733
0,0798834
-0,4467944
0,002459884
-0,2667693
-0,7356056
-0,2978133
-0,1269851
0,1691702
0,1921959
-0,3619808
1,589818
-0,1194773
-0,3195525
-0,3351085
0,6480526
-1,250032
-1,005057
-1,213397
-0,09907246
-0,5913383
1,010784
0,7633835
0,07207596
0,9876779
-0,2024246
-1,102072
-1,686382
0,06558412
0,4703425
-0,08451453
-0,3951276
-0,3052475
-0,1508112
1,016572
-0,16765
0,0137974
-0,2816643
0,1347754
-1,089217
0,3229544
0,9495749
-0,03901675
-0,841832
-0,04984242
0,1522105
-0,3979382
0,1638091
-0,1764128
0,02052605
0,1867496
-1,121574
-0,1308063
1,291368
-1,335451
0,8933607
-0,1062951
-0,6810504
-0,384472
0,05860303
-0,01430154
0,09293073
-0,2522509
0,1453493
0,5785154
0,1868717
0,874912
0,8903769
-0,2003139
-0,9736378
-0,2376735
-1,027755
-0,04859154
0,662766
0,483379
-0,639387
-0,04088223
0,6143993
-0,1432845
0,4357604
-0,8736047
0,4575862
-0,1233783
-0,5340432
0,911925
1,356358
-0,8110228
0,7217692
-0,4295916
-0,9312922
0,4113907
0,6122329
0,1215412
-0,5408117
1,088305
1,19253
0,1710172
0,5024374
0,04386628
1,875136
-0,6395648
1,035618
-0,5986093
0,3759875
-0,4637051
0,6762267
-0,6435437
0,8002793
0,1683351
0,242905
0,1791482
-0,5677735
-0,9296613
0,7378668
1,206884
0,6529958
-0,2794662
0,1652796
-0,7917788
0,8231612
-0,2080234
0,699658
0,5677149
0,5572807
-0,9798905
-0,4267013
-0,4936966
0,4930319
0,4941424
0,9258487
-0,1811024
-0,4254203
-0,1740236
-0,4363355
0,4069819
-0,2486752
0,4815347
0,05339328
-0,6048326
0,8407468
0,2902513
-0,1773778
-0,0004543816
0,804272
-0,3507861
1,119986
1,040568
0,7806081
-0,1328635
0,04602376
0,6202447
-0,1215905
-0,2488429
-0,2925361
-0,7157438
0,5147316
-0,7892798
0,6993504
-0,9951983
1,056576
-0,4878397
-0,5588361
0,6382498
-1,400766
0,3807127
-0,02072781
0,4877465
0,8118807
0,2682624
-0,8539901
-0,1956254
-0,9317546
0,4636293
-0,1932444
-1,168298
-0,4067626
0,07057804
0,0315623
-0,2936547
0,1547207
0,111023
1,541913
0,1548436
1,232547
0,8538817
1,241398
-1,008713
-1,49345
-0,1570371
-0,2099168
-0,3491586
0,9327523
-0,5889732
-0,1446022
0,6326616
-1,124202
-0,9474251
0,1304953
-1,022568
0,78698
-1,357576
0,6665452
-0,5757136
-0,03440902
-0,8246022
0,1611501
0,2112911
-1,694812
0,5458031
-1,271581
-0,7007648
-0,5157002
1,648262
0,4465826
-0,7668185
0,2556635
-0,4006633
0,2116515
0,524249
-0,4115536
-1,170723
1,555618
-0,8506432
-0,1317568
-0,1807248
0,1252223
0,6409172
-1,297892
0,002823353
0,3450331
0,472358
1,664669
1,688444
-0,003495127
0,0283519
1,055463
-0,4565329
-0,2743705
0,6623338
-0,7337177
0,2517821
0,3304195
-0,684574
-0,5660282
-0,5207766
-0,8152855
-1,348075
-0,431702
0,3280421
1,179794
-0,5299181
-0,4554376
0,739538
-0,6551508
0,06513493
-0,1867402
-0,1749403
-1,192082
0,4721125
-0,06137899
-0,4178212
-0,3043388
0,4990244
0,2973561
0,003660798
-0,04278567
-0,813423
0,2207715
0,1526636
-0,4788323
-0,2650476
-0,5367569
0,4740287
0,4589015
0,2602006
0,9161018
0,06557947
0,5698465
0,4806519
0,7392556
-1,12559
-1,019609
-0,8693659
-0,3200929
-0,2447639
0,9234238
-0,04822817
-0,5839962
-0,5106107
-0,9464576
0,5614157
-0,6133471
0,426857
-0,1728097
0,9945579
-1,091658
0,5948777
-0,3465309
-1,004187
-0,08421227
0,2395593
-0,5731754
0,0894424
1,459559
0,1270053
0,5273846
0,5703635
0,2419865
1,836313
-1,098258
0,5549976
-0,05645743
0,2888353
-0,4837508
0,5216996
-0,7087415
-0,07385275
-0,9454585
-0,1166893
-0,964432
-0,7355961
-0,4872172
0,2668745
-1,260936
1,381675
0,5374863
0,4944071
-0,4549918
-0,389595
-0,4283325
0,3583224
-1,884047
0,2269489
-0,07755044
-0,3631642
0,7885529
-0,7015718
-0,6503339
-0,9587867
-0,170896
-0,05556838
0,2230273
-0,317475
-0,8020274
0,1397922
-0,2984404
-1,136075
0,7157631
-0,07794994
-0,07014292
0,2722336
0,4533738
-0,4077308
0,5055209
0,8435736
-0,5791767
0,5672833
0,01212001
1,334201
-0,1524275
-1,307165
0,4257343
1,364658
-0,5785322
0,4635602
0,6351305
-0,3561415
0,503864
-1,198983
1,586953
-0,2266135
0,1122627
-0,3817909
-0,2382855
-0,4724597
0,7135167
0,4797935
1,06356
0,05413127
-0,04989642
-0,9773452
0,3035916
0,5623894
-0,1450034
0,05686092
-0,7582639
-0,1422278
0,7094136
0,1822939
-0,4251618
1,19305
-0,2972982
-0,344143
0,3087637
-0,1238688
-0,71852
0,7854933
-0,367725
0,3552952
0,8881246
-0,5924094
0,3307347
1,297992
-0,1847456
-0,5446371
-1,275208
0,6839392
-0,1245609
-0,9393663
-0,8948447
-1,345173
0,5976962
0,7398107
0,4771977
0,848325
-0,2670447
0,6004241
-0,1643229
-0,5190006
-0,1812991
0,2199022
-0,6997305
-2,776897
-0,7464405
0,5665475
-0,6468788
1,039856
0,05656478
0,6164495
-0,6873842
-0,02313782
-0,3128063
0,80753
-0,254034
0,1972392
-0,6481613
0,5828868
-0,8037035
-1,026173
0,003747374
0,2741607
-0,3089152
0,2018152
0,2434228
0,4420578
0,3798889
0,04762209
-0,7661021
-0,6720939
-0,6921609
0,2628462
-0,1095512
0,290268
-0,09523112
0,135833
-0,4456646
0,002515808
0,2063572
-0,1189248
-0,2630075
-0,06128483
-1,134349
-0,1052021
0,5938817
0,2555259
0,2250326
-1,178831
0,3810575
-0,1824287
0,8248296
-0,7619939
-0,8964885
-0,4571325
0,7260705
0,6321804
-0,3188617
0,01189056
0,2946129
1,302035
-0,5623719
0,5435661
-0,3783079
-0,2221728
0,01687728
-0,3528635
0,1956951
0,5292896
-0,00345628
-0,1509547
-0,5101002
0,1010431
-0,01517519
0,484911
-0,2218115
-0,2047138
-0,6027197
0,3201813
0,2149189
-1,246711
-0,2210603
-0,7782447
0,4287721
-0,2413687
-0,35585
-0,6174769
-0,6462273
-1,079608
-0,3075141
-0,03260681
0,4222638
0,4830216
2,066929
-0,2143943
0,1676138
-0,1648319
-0,3553767
1,86479
0,5858464
-0,1757925
-0,5097351
0,4772949
-0,7906575
-1,798008
-0,4945162
-0,01309611
-0,1544333
-0,795814
0,08177209
0,01108712
0,6173156
0,8865751
-1,444466
0,3550298
-1,077638
0,9453561
0,167995
-0,2621605
-1,137987
0,0490111
0,8601716
0,02712708
0,3383256
-0,007496923
0,5638311
0,1281544
-0,0922226
1,763258
0,1708967
-0,3369584
1,509336
0,2586536
-0,1822993
0,3212183
1,46693
0,3428311
0,1160954
0,1606182
-0,4201909
-0,2802059
0,03906052
0,675247
1,25911
-0,06804591
-0,2289529
-0,7352993
1,057888
0,6338984
0,2858543
0,940716
-0,1919847
0,8648206
-0,2904139
-0,8123271
0,5325665
-0,5259945
0,3181431
0,08205329
0,8397881
0,1029335
-0,064316
-0,1245705
1,102653
0,7557467
0,2687799
0,2041911
-0,9024937
-0,07395627
1,145599
0,06147915
-0,7207399
-0,1258435
-0,6718832
-0,267664
-0,9101728
0,009598434
-0,7009421
-0,2579699
-0,7948564
-0,8192096
-0,8422062
0,2078183
2,40594
-0,02260628
-1,253069
-0,0781042
0,8748868
0,1387135
-0,2395266
-0,3646987
-0,5212934
-0,4218525
0,005907953
0,6994302
0,6159694
0,0005315542
-1,17266
0,6426367
0,9208724
-0,5080483
-1,031369
-0,7432362
0,1597943
0,1839171
-0,1934775
0,2877478
-0,6294999
1,339133
-0,5348897
0,2267229
-1,376111
-0,9108047
-0,07221776
-0,1201175
0,2946768
0,4274766
0,1329597
0,1083816
0,5500193
-0,2613022
-0,049779
1,215923
0,2247022
-0,1549697
-0,3252117
0,256003
-0,5084472
1,591779
-0,04722095
-0,07867835
0,7066718
-1,009852
0,1806967
-0,3791589
-0,1822644
-0,6269166
-1,463696
0,07140747
-0,2248641
-0,2463477
-1,639709
0,07069948
-1,449784
-0,7136981
1,067698
1,660499
-0,3898332
0,4980798
0,3078274
-1,162199
-0,2220479
-0,6874956
0,1366018
-0,3364473
-1,131612
0,1220126
0,3549861
-0,3641845
-0,2234774
-0,7640916
-1,654003
0,9063615
0,4009479
-0,0290134
-1,393907
0,6590289
0,8582096
0,968549
-0,8569228
0,6593871
-0,1783673
1,056174
-0,5875632
-0,5483255
-0,3437956
-0,2691123
-0,6089444
-0,5508634
1,011159
1,342316
0,4351018
0,6652325
0,5501127
0,4807706
-0,4810677
-0,6895626
0,6314635
0,9062173
0,930302
-1,138612
0,4913998
-0,4435236
1,657933
0,5935696
0,03532112
-0,6553823
0,5551563
0,05089732
0,2352113
-0,06523228
0,4103395
0,1451634
-0,1536083
0,6725381
0,0537874
0,4145397
0,1126485
-0,8612857
-1,463805
0,4395242
0,5540578
-0,1512959
0,289009
-1,115216
-0,7678649
-0,9852358
0,2679651
0,09622779
0,003180623
1,090488
0,3078632
0,08826999
0,5688812
-1,336782
0,8563009
-0,6874901
0,7304561
0,7429313
-1,025789
-1,34413
-0,4084254
0,1992595
-1,127137
0,3995634
0,2471276
0,883113
0,984753
-0,1314043
-0,1576897
0,1840654
0,4658592
0,8824604
-0,4055057
0,53812
-0,2495033
0,4140298
-0,3168198
0,7497987
-0,2251621
-0,04010743
-0,2849239
0,2002049
0,5610818
0,5027375
-0,1412855
-0,1907125
0,1787319
-0,5385108
-0,7275926
-0,3081312
0,5290427
0,8693401
-1,246126
0,6477731
0,9151798
-1,433096
0,9684502
-0,006976962
0,2756839
-0,5757477
-0,1893671
-0,2840387
-0,665803
-1,534309
1,022791
-0,1203374
-0,1873155
2,170344
0,195499
0,2567639
1,250699
0,3848767
-0,4634244
0,9852849
0,2017242
-0,4891829
0,094047
-0,3971476
0,09189261
0,07288265
-0,6743512
0,2478808
-0,2893068
-0,6346873
1,341732
-0,753215
0,8084702
0,2111705
-0,7010348
0,7464173
1,430093
1,373742
0,01343381
0,03308117
-1,501492
0,8655339
0,0001704097
-1,00328
-1,243948
0,4689789
0,003828228
0,9373413
0,3580039
-0,4288204
0,7932519
-0,6361042
-0,9301931
1,016045
-0,4465218
-1,112536
0,9196557
0,9490972
-0,8657258
0,2036758
0,3802297
0,1733877
-0,6901642
-0,9664695
-0,2666957
-0,4466852
-0,8989435
0,01108807
0,2535751
-0,8882651
0,7444203
-0,1503499
-0,1853146
-0,1838335
-0,636353
-0,1118939
-0,5884987
-0,1554278
0,2312755
0,8954481
0,2864261
-1,328263
-0,002622247
0,4262289
0,1984429
0,02740023
1,139058
-0,3164467
-0,4193213
0,2260519
0,2655859
-0,242881
-1,751235
-1,180332
0,4327004
-0,02003884
-0,02247813
-0,5101147
-0,2387223
-0,4049826
-0,278652
0,298759
0,1675294
0,4447781
0,4088649
1,186522
0,9207176
-0,4533491
-0,5267954
0,01539217
0,2801166
-0,2756243
-0,6767957
0,322904
0,4014064
-0,05235857
-0,3836126
-0,603192
0,6663785
0,2876947
0,08488056
0,391674
-0,2014479
0,9079558
0,09246281
-0,5381379
-0,9027411
-0,4892707
1,011212
0,2280098
-0,5448555
0,223806
-0,2567006
0,4679999
0,4195424
0,7454901
0,008127153
-0,4094502
-0,2492611
0,1363765
-0,2833114
0,3588042
-0,7288407
-0,0833194
-0,0603736
0,5506842
1,043985
1,182712
-0,3284078
-1,165104
-0,5845661
0,7343206
0,4795475
-1,242991
-0,1698739
2,00958
-0,1867317
-0,7802665
-0,9707043
1,172523
1,100072
0,1539655
0,3247548
0,4157116
-0,4488125
0,02857441
-0,2504591
0,06644556
-0,5063769
-0,4722528
1,242855
0,5920297
-0,2397441
0,3274462
0,6053513
-0,2189838
0,9359644
0,4540378
-0,2593888
-0,4083511
-0,4558778
-1,727613
0,2632371
0,07093507
-0,1642956
0,2770628
-1,579668
-0,2951619
-0,3030792
-0,290226
0,1278193
0,1207121
0,1258457
0,3919085
-0,3286257
-0,01698923
0,0425213
-0,4031402
-0,9908288
0,7445195
0,6777937
-0,2583117
-1,045513
0,6545641
0,4240889
1,130914
-0,5279373
1,315091
0,6390731
0,2078803
-0,05159819
-0,5376825
0,3480563
-1,512757
-0,3161922
-0,8496087
0,6708725
-0,5223242
-0,629355
0,3486803
0,4465532
-0,02929711
0,7216298
-0,04530588
-0,4700735
1,235264
0,2154476
-0,3012286
-0,7677728
-1,139027
0,3723051
0,254934
-0,8447795
-0,0577302
1,423599
0,7629434
0,5613084
-1,605167
0,02109
-0,246676
0,601062
1,393776
-0,596196
-0,08915703
0,1498423
0,5964356
-0,3049839
-0,3768643
-0,1098326
0,2602222
0,7558149
-1,132496
-0,8729502
-0,7404062
1,098287
-0,103801
-0,2166067
-0,03212094
0,8426784
0,3831203
-0,1697625
-0,002756715
-0,7993736
-0,4858002
0,4229729
-0,00350377
-0,6999754
-0,1073723
-0,5644143
0,9787652
1,192849
0,08373037
-0,5691026
-0,104332
0,1022802
0,2309673
-0,2169866
-0,08037809
0,8820934
0,6715084
-0,01276466
0,7051393
-0,4156199
0,5461398
-0,1500774
-0,6107701
-0,0259208
-0,2421425
0,4149406
-0,2098325
-0,269059
-0,3601487
0,6423466
-0,3662828
0,472454
-0,1069143
-0,1797769
-0,7522483
0,4182569
-0,9975402
-0,07812198
0,5575424
-0,322646
0,8585562
0,2640747
-0,1914855
0,8277231
-0,1782614
-0,692315
-0,05896997
0,7509919
-0,02067921
-1,253904
0,1144967
0,1424493
-0,665508
0,2878051
-0,884505
0,1961818
0,117712
0,3344158
-0,135736
0,5849559
0,2452929
0,3866484
-0,2964018
-0,07667431
-0,003688276
1,226452
-0,1684507
0,682018
-0,1706977
-0,6229001
0,7378469
-1,118573
-0,5079245
1,821306
-0,04887247
1,165287
0,8051689
0,1679228
0,6883834
-1,240485
-0,8138829
-0,2655332
-1,015877
1,557155
-0,08095996
-0,5958194
-0,2255502
-0,1215059
0,05855852
0,4169513
0,1491516
-0,5058693
-0,7712281
0,2347156
-0,8548635
0,5306576
-0,5913826
0,07960442
-0,3288386
0,1814221
-0,1046
0,1230527
-0,8205588
0,5306158
0,1466918
0,3377086
0,1428426
-0,5926362
-0,1471068
0,2065426
0,7569922
0,7821622
-0,08968095
-0,8697577
-0,164488
-0,3971859
0,7149192
0,3479609
0,1980852
-0,7017738
-0,2485003
0,7107469
0,7512664
-0,6600441
0,6437271
1,155389
0,291591
-0,3927805
-0,08624983
1,129512
-0,2084511
-0,2197733
-0,4913392
-0,4391447
0,5869555
-0,5830747
0,6367864
0,03640263
-0,9062639
0,1519365
-0,642957
0,9286663
1,671672
-0,05010623
-0,7005135
-0,2672735
-0,4230282
0,7187641
1,76629
1,612082
0,3910004
-0,174095
-0,1517534
0,6060457
0,8326376
-0,217151
0,1036224
-0,7682191
1,016142
-1,559165
-0,02711385
-0,3031106
0,3098086
0,2246442
0,3069342
-0,05085021
-0,06838855
-0,1568221
0,2231078
0,505596
-0,1035292
0,883339
0,8694037
0,3171183
-1,091339
0,03710261
0,2684577
1,819695
0,4686986
-0,3541508
-0,780288
-0,3345139
-1,087326
-0,6857262
-0,06963886
-0,9733642
1,415683
0,3928632
-0,1918965
-1,08928
-0,03095275
0,2332702
0,1268644
-0,1279572
0,6170815
0,9250736
-0,2193256
-0,2349864
0,3892851
-1,216786
-0,6726865
0,1880147
1,199275
0,5538604
0,5619911
-0,9635434
0,2276398
-0,2970948
-0,5986544
-0,04432949
0,2693453
-0,4542604
0,0105184
0,06702107
0,7501643
0,4766607
1,851701
0,8359258
-0,4599237
0,7557297
0,5967262
0,9210931
0,4187499
0,7643163
-0,6321397
-1,293669
-0,6502093
-0,5483066
1,333159
0,4152768
0,1290602
-1,575879
-0,4008696
-0,5674043
0,5075662
-0,2089286
0,2371123
0,6712416
-0,9648716
0,384389
0,6314573
0,3853524
-0,3739046
-0,6273174
0,1859358
1,050055
0,1895869
-1,115892
0,6629514
-0,195383
0,7042983
-0,5477437
-0,1892067
-0,9181595
-0,2890308
0,2268336
0,2809508
0,7465371
0,1081449
0,4138027
0,2234223
-0,7366983
-0,7566727
0,174967
-0,2441232
0,3831148
0,7142686
0,1382187
-0,1938162
0,9700017
-0,1132815
0,8546748
1,093231
-0,4309372
-0,2240569
-1,155169
0,3480074
-2,026317
0,3201346
1,321023
-0,1956884
-0,3871547
-0,7663147
-0,8878208
0,3343259
0,6285737
-0,4764327
-0,2222419
0,1230491
-0,6612071
-0,7832686
0,1774302
0,3535686
-1,51757
-0,1355706
0,1263847
0,4344649
-0,9863955
-0,07516593
0,9727539
1,005545
-0,1365194
-0,0170753
0,05773616
0,8017024
0,4541018
0,07687217
-0,5555121
-0,8501227
-0,2996836
0,05657527
1,069758
1,264689
-0,0179221
-0,4991848
0,7020164
0,2910058
-0,4960308
0,01860952
0,06703591
0,8065564
-0,6168821
-0,5486433
-0,2340803
0,06464612
1,785341
0,007707596
-0,8608305
0,2050619
-0,5168563
-0,2957115
0,07641952
0,07671419
-0,2594198
-0,3553845
-0,4894389
-0,7670821
-0,7621883
-0,1918375
-0,2915513
0,1327552
-0,8689364
0,4717875
0,5591733
-0,89698
0,07875234
-0,4260236
0,6080853
0,4274065
0,7701159
0,5620815
-0,07056399
1,430892
0,1723875
0,9102779
0,1006869
-0,6528178
0,1655164
0,2995476
-0,006251395
-0,729277
-0,8381269
0,3720713
-0,8057141
-0,02900025
0,4745563
-0,3713574
1,101848
-1,140862
0,6201667
1,478419
-0,5755823
-0,9056176
-0,2969304
-0,470457
-0,8567503
-0,015513
-0,4938368
0,1141655
-0,2478831
0,3890982
-0,1234098
0,2282651
0,0965454
-0,5103544
0,1414501
-0,6243982
1,342455
-0,3911308
-1,121961
0,2258641
-0,06278616
0,5461065
-0,3303834
-0,1643746
0,769861
-1,182338
1,803212
-1,219153
0,6585413
-0,7161722
-1,06334
0,2424127
0,6639016
-0,1621867
-0,9594326
-0,8070338
-0,6480351
-0,9918033
-0,461584
0,07480627
0,04457697
-0,1052241
-0,5230948
0,1677626
-0,5781006
-0,1031025
-0,05845565
0,5394738
-1,062809
0,06072348
0,3925275
-0,5285636
-1,009725
0,1928326
0,002519116
0,08165312
0,6214983
0,412987
0,5333041
-0,07681587
-0,4968888
-0,5348241
1,493697
0,07747722
-0,04155551
0,06408948
0,1372264
0,2922294
0,4532822
-0,1451371
0,5041999
-1,243858
0,2180529
-0,6264118
0,3346021
-0,48236
0,8141765
-0,4168689
-0,9226108
-0,09079558
-0,9210937
-0,1746807
0,1829075
-0,9136625
-1,626456
-0,4684672
0,7759161
0,6013474
0,5477812
-0,8001065
-1,250895
-0,453741
-1,678468
-1,119847
0,08611333
-0,06772393
-0,4592108
0,2100685
-0,9609259
0,6875337
-0,003653407
1,264277
0,5154722
0,7225844
-0,3666626
-0,3922081
-0,04395239
0,7794381
0,007275492
0,3095025
-0,01807159
-0,8320166
-0,71698
0,5037122
-0,1075921
0,6075929
0,05039018
-1,107188
0,1577824
-0,3197263
0,7081323
-0,5817865
-0,9872621
0,1065203
0,2258728
0,1074941
-0,1900255
0,3891884
-0,0577303
1,134169
1,180466
0,3679497
0,8941631
-0,7621726
-1,054396
0,1002408
0,6520935
-0,8356087
0,2666515
-0,3808279
-0,2567325
0,750764
-0,550859
0,01810096
-0,02392143
0,9886717
-0,07561839
0,1207648
-0,5716348
0,03520012
1,148243
-1,076135
-0,154307
0,963433
-0,3155864
0,4855106
-0,2355576
-0,1614202
0,485799
0,4442101
0,1851558
-0,144779
-0,8591766
0,7090906
-0,5080467
0,01445807
-0,2284188
1,072379
-0,4834884
-1,272035
-0,3588158
0,2673375
-0,3391855
-1,449749
0,1664438
0,1279582
-0,1924882
0,2819539
0,3971686
0,1869294
-0,7192117
-0,9240485
-0,3576819
0,0824216
0,0808859
-0,5602504
-0,1085683
0,8662696
-0,05602691
0,2725197
-0,6877751
0,3026723
-0,8605944
0,7761592
-1,099528
0,09019965
0,2371858
-0,2225569
1,452143
0,6634815
1,296697
-1,669263
-0,4069779
-0,5983884
-0,7206814
0,3309269
0,6689796
-0,3924121
-0,4180943
-0,08986244
-0,2985982
-0,6149534
-0,5186808
1,127285
-0,09736252
1,137131
0,438907
0,8612819
-0,5626307
0,1269495
0,3510753
-0,3953295
-0,3404412
-0,3735901
0,4233778
-0,2298384
1,452217
-0,8025025
-1,139309
-0,1042932
0,3416901
-0,2812055
-1,119724
0,3323925
0,01087767
0,3833253
0,2013334
-1,089498
-0,2510064
-0,143401
0,4373699
0,5588332
0,03609246
1,01433
0,3299585
0,3909709
-0,2792339
-0,1732261
-0,2738473
-0,8923475
-1,146201
-0,2782046
0,295458
0,5898011
-0,6221282
-1,679782
0,2374211
0,7077272
-0,1338928
-0,2266448
-0,3937395
-0,3971919
0,1010211
0,9007567
-0,4874604
-0,1564021
0,02650994
0,04722768
0,08866805
0,9885491
-0,8588713
-0,4638297
0,5660923
0,01801643
0,5020403
-0,04232074
0,03087765
0,7596595
-0,305735
-0,4471111
0,9247991
-0,6728953
-0,7198618
-0,1707717
0,5202525
-0,3678249
0,211618
-0,2902125
-0,23842
-0,2522708
0,4368612
-0,5089515
-0,2611846
0,5419266
0,6792541
0,6910878
-0,007650748
-0,4600295
-0,04959835
0,3025445
-0,02122083
-0,5978629
0,8993773
-0,4631772
-0,2030159
-0,1493306
0,6405779
-0,4601091
-2,129376E-05
-0,4058393
-0,1626097
0,2744078
-0,8928437
-0,2399085
0,02971929
1,128214
-0,8776386
0,7853348
0,3219901
1,363878
0,1804712
0,01699452
-0,819976
0,02596605
-0,6752915
1,239019
-0,6638265
-0,1856543
-0,5274925
-0,203079
-0,02777261
-0,0909822
0,1818001
-1,294902
-0,7452014
-0,2720771
-0,5505853
1,301598
-1,697411
0,009315073
-0,1149901
0,246408
-0,3530707
-0,3673534
-0,4390353
-0,8257135
0,264533
0,6002649
0,888635
-0,1383565
-0,09084304
1,077839
0,6117719
0,1250396
1,025496
-0,432625
0,2804909
1,158919
-0,1155243
-0,3726585
0,3424304
0,4630256
0,5183007
0,7068374
0,653466
0,05475608
-0,9064603
-0,35976
-0,2306485
0,769156
0,5952871
-0,6368136
0,3505067
-0,1379097
-0,1129485
-0,995544
-0,1791536
-0,03462346
-0,182304
-1,632611
-0,7693054
0,756563
-0,06155117
-0,346947
-0,4481896
-0,5642223
-0,731015
0,04936963
0,3737713
0,07879904
0,5420476
-1,117601
-0,1674395
0,6747538
-0,2786951
-0,1077423
0,8373414
0,7148106
0,2126813
0,5331869
0,4899066
-0,6784239
-0,01834187
-0,4724756
-0,06261243
0,8595642
-0,297168
-0,7008849
0,4866939
0,3365803
-0,3929808
0,1333634
0,6081891
-0,4308079
0,8119876
-0,7788258
-0,3182581
0,8440188
-1,484327
-0,6131288
0,8474226
-0,2763299
0,2658186
1,108332
-1,10903
-0,4577644
-0,2480474
0,4625772
0,1449981
-0,2944745
-0,1436185
0,2947798
-0,4609193
-0,1367654
0,5611428
-0,6576215
0,5061715
1,726692
0,9519156
-0,5158126
-0,4339994
0,006893273
1,147702
-0,09714526
-0,4254137
0,4429462
0,1289179
0,5302328
-0,5770952
0,1006195
-0,7860658
0,4353535
-0,2792518
0,244786
-0,551229
0,6860019
-0,2444176
0,2655398
-0,1112529
-0,6380277
-0,2969618
-0,1332849
-0,130598
-1,18312
-0,7900894
-0,4931821
0,2101565
0,4949216
-0,7386132
-0,6116236
-0,4481797
1,645743
1,131288
-1,352523
-0,3866723
0,3611541
-1,066332
0,5624685
0,4549396
-0,1689764
0,5895012
-0,7343061
-0,4013542
0,3777801
0,2897912
-0,8203694
0,2559098
-0,4598061
0,5976683
-0,01217754
0,2711811
1,1303
-0,8026979
0,08646056
0,7405549
0,2249426
-0,6876286
0,759539
0,4341246
1,031006
0,3792581
0,09456831
0,8014855
-0,5310544
0,9094182
-0,7667367
0,2633129
0,38179
0,791639
0,148939
-0,6397071
1,031844
-0,3888564
-0,7279935
-0,1651596
0,2602591
0,2467348
0,7275085
-0,6965182
-0,4974058
0,5746211
-0,4981888
0,1757242
-0,3130801
0,1333297
-0,6457409
-0,06363988
1,041479
-0,07917929
0,4251064
1,481832
0,9495714
-0,2962531
0,7319868
-1,246365
-0,427699
-0,8981907
-1,459361
1,818839
-0,102507
-0,5515518
-0,1084033
-0,1284967
0,1061872
0,3531216
-0,7342529
0,49998
0,2850767
-0,3801258
0,4835044
0,9351976
-0,09001121
-0,3546183
0,5168396
-0,7548515
-0,5932198
-0,3902513
-0,5712379
-1,04622
-0,5781713
-0,496306
-0,7097926
0,4475027
-0,4576249
-0,01479399
-0,1963996
-1,018271
0,06702536
0,4832462
2,787187
0,2836584
0,3613698
-0,08837746
-0,1587787
0,04640913
0,005352736
0,478941
-0,5424512
0,1018472
-0,008547068
-1,211589
1,102816
1,358852
0,1087039
-1,22421
-0,369895
-1,771163
-0,6910535
-0,6980499
0,2191091
-0,08848733
0,7787052
0,3510985
-1,156658
0,0420469
0,04972085
0,7313564
-0,01183483
-1,126122
-0,3134072
-0,4751216
-1,189123
1,359341
0,1296803
-0,2188109
0,2962067
-0,4227051
-0,3265617
-0,3553494
-0,06405616
-0,6492163
-0,06279697
-0,4065572
0,9114482
-0,3713089
-0,02782336
0,1718716
0,8044145
-0,5195355
0,2509832
-0,1137564
0,02633144
0,1754184
0,08747968
-0,07172011
-0,5637937
-0,09600906
0,5100382
0,02504345
-0,856741
-0,4678437
-0,4619097
0,4140542
-1,091963
1,667436
-1,205334
-0,2891905
0,8130735
-0,8032134
0,2232059
-1,424762
1,486938
-0,9826847
-0,1143475
-0,05698277
1,271281
-0,3597359
-0,80859
0,9531029
-0,1501023
-0,7534053
0,2622868
0,2998112
-1,139687
-0,02343643
-0,1710998
0,1024764
0,7564829
-0,4075711
-0,9011166
-0,9590163
-0,3223517
-0,2168411
0,1120275
-0,279031
-0,2368881
-1,585373
1,071225
-0,05198836
0,1054929
0,8274139
0,08050667
-0,5351495
-0,6112502
-1,361661
0,2108631
-0,3679116
-0,2012942
-0,04702586
-0,02126844
-0,3536683
0,523164
-0,2236757
-0,4328866
0,3941079
-0,01763445
-0,7335203
0,144946
-0,9236804
1,951325
0,2480921
0,03598768
0,1312715
-0,4024987
-0,7233301
0,3114165
0,4275041
0,1904946
0,6271852
0,3938006
-0,3375458
-0,07926386
1,649304
0,09462073
-0,6722605
1,140028
0,3183699
-0,1834249
0,1118228
0,06873512
-0,07341667
0,5045941
0,2209384
0,154417
-0,9536698
0,2393798
0,5692168
0,7266226
0,1203177
-0,460733
-0,3799949
-1,321325
-0,6199623
-0,1066232
0,1592242
-1,379762
0,4423265
0,2074668
-0,0178344
-1,596371
0,2581968
0,4014468
0,3323976
0,5107898
0,5728174
-0,284032
0,1253175
-0,5567464
-1,14064
0,9399563
1,294476
0,962674
0,08269702
0,3809167
-0,4141033
-0,04754049
0,01878734
1,337403
1,365915
0,1168928
-0,7060731
0,901383
-0,2692066
-0,1879848
0,823902
0,2643268
-0,4865693
0,2551867
-1,956394
-0,1496741
1,510996
-0,5433803
1,17642
-0,005045205
0,6965007
-0,007843643
-0,04592621
-0,9697602
0,05337608
0,2566952
-0,7279928
0,3927251
-0,07160096
0,4362677
0,2206833
0,3792417
1,560586
0,3183586
-0,1312329
0,2628636
0,3903407
1,172181
-0,07548118
0,6342307
-1,556494
1,086836
-0,3263611
0,7939748
0,7888172
0,6736885
0,5605966
-0,6739761
-0,1238551
-0,4562762
-0,5889797
-0,6283466
0,02880681
1,704003
-0,09993535
-0,9692916
1,499047
0,3133757
-0,7175911
-0,5188664
-0,01325633
-0,149932
-0,01045936
-0,2512337
0,8383594
0,1839764
0,9342003
0,9624636
0,8265297
-0,6304342
1,096454
1,104793
0,05941677
0,9494395
-1,72737
1,175844
-1,4803
0,03712936
0,7173204
0,5846143
0,2283014
-0,1605241
0,1623469
0,8953843
0,2600834
0,03421146
-0,7410966
0,9224525
-1,059048
0,3273063
-0,5263095
-1,132632
-0,7117628
1,019995
1,436139
-0,8623527
-0,342856
0,5368301
0,4098419
0,4344171
0,08303779
-0,06316885
-0,4547586
-0,8653969
0,4846021
0,3020933
0,1652464
0,6603246
-0,6609824
-0,6029394
1,068188
-1,16997
1,325678
-0,1438325
0,5156822
-0,1918392
-0,1939988
0,6059868
0,6792541
-0,264402
-0,03922427
0,06915516
-0,1002355
0,4102416
-0,3121312
0,3825439
-0,4607697
-0,3997113
-0,8608796
0,1707234
-0,4483913
0,5527167
-0,9084116
-0,2385259
-0,5658858
-0,8227843
0,3542744
-0,4947819
-0,1623909
-0,4835765
0,3388278
0,7129376
0,8788725
-0,09854305
1,095421
-0,2385267
0,2929596
-0,09933925
0,3452528
-0,5324728
-0,4748738
0,8066669
-0,9347376
0,5295516
0,5388158
-0,01291316
0,439648
0,01512137
-0,8319165
1,039404
0,2036277
0,8381243
0,7051291
0,1233622
-1,421698
0,4968501
-0,1972548
-0,1909502
-0,5784002
0,0745417
-0,3968858
0,9246202
0,2057685
0,4563295
1,434753
0,5185454
-0,6163772
-0,945283
0,008860767
-0,510648
0,7983175
0,3330738
0,1204079
0,3465387
0,5973694
0,4100654
0,1722757
-0,2445279
-0,3865297
0,1564796
-0,2759109
0,3441694
0,4518209
0,5167168
-0,1436409
0,3279035
-0,5887337
-0,5418081
-0,06881487
0,5288375
0,9809118
-0,3726615
-0,7312129
-0,2519022
-1,397582
0,07368281
1,732292
-0,02059352
0,3694582
0,326606
0,2873791
0,4246371
-0,2612436
0,2694642
0,8295985
0,7418483
0,07874642
-0,6262177
0,6160349
-0,7078571
-1,069534
-0,6083847
-0,8757496
-0,5402313
0,3070107
0,3814567
-1,057705
0,8309766
0,4742807
0,09388201
-0,5345451
-1,088806
-0,404683
0,00895153
0,6406777
-0,07829954
0,06894642
-1,668085
-0,4022371
-0,02158721
-0,4698831
0,6320612
0,1229181
0,152993
-0,3731726
0,4988594
0,8235165
0,9722919
1,360642
-0,1473374
0,31457
0,3909243
0,7840655
-0,2906623
-0,2012381
-1,521938
-0,5447099
-0,6640771
0,8299811
-0,0965001
-1,209948
0,1593072
-0,4898835
0,6192762
-0,3073568
0,6398138
-0,4633608
0,1404733
-0,2388098
-0,3243255
-0,6550282
0,5016506
0,7858418
-0,7719499
0,4811509
0,7109402
1,373646
-0,4609548
0,4165258
-0,7453051
0,2758809
0,1236276
-0,4020433
0,4040015
-0,4742945
0,378205
0,8275198
-0,1799096
-0,465062
0,5528362
0,701641
-0,4541029
-0,5025064
0,1374079
0,7533659
-0,6087269
0,157084
-0,9693272
0,296626
0,1555176
-0,05558419
0,004622221
-0,4560937
0,5337202
0,1076217
0,04311332
0,7061127
0,918571
0,5758061
-0,7853318
-0,7736585
0,170928
-0,9402311
-0,6923034
-0,678443
0,5428615
-1,197951
-1,434518
-0,6489056
0,2009426
-0,4254466
0,5045218
0,5634149
-1,491241
0,1556377
0,1926422
-0,3824294
0,4278152
-0,6501669
-0,5437027
-0,1792815
0,9131581
-0,1608182
-0,2185826
-0,0981025
-0,3513505
0,2929181
-0,9483631
-0,5433714
-0,03011964
0,3446266
-0,02359487
0,1850456
-0,8115162
0,911559
0,3751467
0,231997
-0,2664876
-0,2717
0,8319893
-1,327994
-0,1929224
-0,1663858
-0,09228428
0,4421816
0,6634983
0,984048
-0,001579225
0,5490799
-0,2626924
0,01187927
0,5320293
0,4255841
0,6031981
0,7360169
0,5004668
0,07043426
0,3438774
0,3360372
0,1288486
-0,4435174
0,5811281
-0,7864032
0,01201801
0,3699673
0,2969061
0,8634938
-0,2626765
-0,9711732
-1,288597
0,2424285
1,029924
1,104364
-0,05229238
0,6743926
0,8032585
-0,5627146
-0,003445685
-0,305716
-0,1139386
-0,1213494
0,6200963
0,5261418
-0,5153127
0,04030141
0,07355133
-0,2606612
-0,08240354
0,2315608
0,8991113
1,250927
0,985928
0,05536282
0,2859894
-0,5181686
0,6544235
0,004747942
1,727598
-0,04194792
-0,2131087
0,3500725
0,3977943
-0,5852925
-0,5876788
-0,004035652
0,5126677
0,579535
-0,6435056
-0,3538694
0,2706693
0,6180356
-0,4408137
-0,08890742
-0,7033188
0,5626
-0,3128961
0,1813915
0,7735894
0,4132819
-0,3269797
-0,7309077
-0,6491909
0,272296
0,3618422
-0,02393782
-0,4013688
-0,2987194
0,4636662
-0,6505187
1,678017
0,3774649
0,6196125
0,8484795
0,4102388
-0,01253599
-0,2673264
0,2925761
-0,3367072
0,652136
0,1014481
-0,2768143
-0,5501699
-0,5514538
0,3540919
0,5644017
0,2245194
1,043645
0,2038266
-0,149693
-0,8999435
0,6466016
0,2732288
-0,406091
-0,2777656
-1,350589
-1,096331
0,6164045
-0,5408767
0,5465913
-0,4645909
0,3798663
0,6989421
-0,02921835
0,4511245
0,5672382
0,1784909
-0,3266464
0,6991754
-0,4610468
-0,1419386
-0,9195511
0,5274364
0,06303394
-0,5991212
0,1273868
1,537941
0,3101833
0,3566079
0,742382
0,487476
-0,3586786
0,9286909
0,4935182
-0,9647813
-0,3022041
0,4225256
0,7578638
0,03817412
-1,056046
0,1264147
0,6564512
0,04311148
-0,2324061
-0,1159949
-0,04354453
-0,07989979
0,3581902
-0,2862743
1,647396
0,1395686
-0,165054
0,1644967
-0,4103534
-0,5831145
1,086341
0,3293643
-0,7068461
0,6088006
-0,5628004
-0,6317971
-0,6607998
0,3568672
0,6045982
0,2207646
0,7175823
-0,2223191
0,596973
0,7065921
0,07163286
-0,09473702
-0,08154529
0,7048175
-0,2181421
-1,438567
-0,2420278
-0,2228735
-0,03475808
0,1029528
-1,240655
-1,134676
0,04738957
-0,515462
-0,1657047
-1,120757
0,239601
-0,5492758
-0,2569697
1,077262
-0,8395998
-1,124888
0,2033912
-0,8388525
-0,3547875
-0,3830851
0,09756565
0,7158668
0,07596166
-1,137094
-0,1780252
0,1994619
-0,3527516
-1,425078
-0,9223905
0,494625
-0,5365125
-0,5514986
0,4419131
-0,4730421
-0,105412
0,3241335
-0,7814937
-0,1204287
-0,8446494
-0,05369249
1,080166
-0,663529
-0,3119352
-0,91123
-0,3288118
-0,6911554
-0,7354589
0,7568938
-0,1343455
0,1309208
0,03091457
-0,08209065
-0,6922386
-0,405144
0,264287
0,5607367
-0,227098
-0,03178161
-0,6505576
-0,39315
-0,4464879
0,3612975
0,8424953
-1,044597
-1,709025
-0,3462034
-0,3054232
-0,7742126
-0,8835475
0,7939596
-0,3909864
-0,9084835
0,4104726
-0,1685303
0,4835212
0,3875156
-0,3519976
0,4144051
0,8767846
0,2832028
0,158355
-0,8859907
0,7186836
0,111572
0,4184981
0,02314973
0,2909611
0,164502
-0,2556548
-0,3661949
-0,8349493
0,1450833
-0,4022209
-0,3551978
-0,3978811
0,03496969
-1,385081
-0,4188877
-0,2336771
-0,7911254
-0,4349381
-0,7229499
-0,7212498
-0,4664549
-0,5778356
-0,06541866
-0,1354048
-0,01362556
-0,1240096
-0,1222157
0,1568935
-0,2943631
0,7884887
-0,4131046
0,9045151
0,236811
0,08639128
-0,6056378
0,2362278
-0,5912858
-1,140324
-0,009831682
0,3302483
-0,2010512
-0,9797415
0,4150324
-0,3886043
-0,1074705
-0,1524493
-0,03502378
-0,3120118
0,411864
-0,7763415
-0,1900156
0,2265394
-1,802501
0,1472419
0,9912065
0,4002565
-0,8218514
-0,04686642
0,7239206
-0,2262618
-0,09214929
-0,2924598
0,4038911
0,09820098
0,4684559
0,7740735
-0,8102128
0,4773983
-1,895395
-0,7861453
-0,08346653
-0,9938558
0,462863
-0,2948475
-0,697045
-0,09521961
-0,1751524
-0,5637738
0,1428293
0,9781455
1,109167
-0,08674045
-0,7142742
-0,2118115
-0,8372526
-1,108596
0,634269
0,5007727
-1,106249
0,001186281
-0,6963577
-0,8057388
0,1878663
-0,1526662
-0,6318225
-0,9529284
0,7525133
1,238524
-0,9294838
0,3819438
-1,027962
-0,5951799
1,064325
0,6329577
0,3819962
-0,6192058
0,1456145
-0,5141084
0,4212222
-0,1897124
-1,266254
1,059416
0,9681214
-1,114475
0,5025581
-0,4905457
0,3754752
1,276176
0,1287004
0,240559
-0,703699
0,168046
0,5671989
-0,1180064
1,280637
-0,9728566
0,4062192
0,576991
0,9356009
0,3982067
0,4099301
0,2510177
0,2795728
-1,145069
1,033184
0,8556511
-0,4456869
-0,06792557
-0,3977456
1,156127
-0,8230572
-0,4194245
-0,08507308
0,4366015
-0,125764
-0,9396046
-0,1083257
-0,3415644
-0,9052152
0,2542552
0,1633202
0,8071533
-0,02302295
-0,4884852
0,1171474
0,2441916
-0,3591862
-0,4577142
-0,3458368
-0,8259087
-0,695582
-1,272012
-0,4549222
-0,4696842
0,8905416
-0,3163838
-0,2110475
-0,3293793
-1,532748
0,09683447
-0,8373091
1,242141
0,163809
-0,3233768
-0,8979322
0,1728274
-0,8869282
0,6095555
0,4366815
-0,6794763
0,341764
1,0832
0,1440619
0,07109943
-0,8123887
-0,7437488
0,508697
-0,05529864
-0,03339316
-1,055595
0,5840973
-0,09897655
-0,1032769
-0,1925027
0,5026389
-0,03710198
0,3787611
0,4918612
0,5559694
-0,1497577
-0,02677428
0,9881047
0,2541377
0,6212253
-0,4088225
0,805301
-0,3053646
-0,1001501
0,4091807
-0,2900077
1,010879
-0,687819
1,611576
0,01912297
-0,0585112
0,03406642
-0,8064411
-0,05146995
0,2064413
-0,416781
-0,6250049
-0,4380178
0,08837938
-0,1904206
-0,5554523
-0,1149383
-0,5393457
0,6036307
-0,2867355
1,299908
-0,843441
0,5263234
0,841904
0,5664064
-0,5728326
0,4756302
-0,1336304
0,4615492
0,9654509
0,1329642
-0,3909606
-0,9865425
-0,6283056
0,4725115
-0,5711274
0,7525647
0,06335509
-0,7175541
1,038038
0,07447696
0,1142466
-0,5588807
-1,035233
0,3045672
-0,414636
-0,1761205
0,9118069
0,3013392
-0,7790979
0,5347744
-0,4681529
0,1475903
0,3491166
-0,8416455
-0,216768
0,6303636
-1,321314
0,3416083
-0,3908565
-1,227097
0,6923957
0,6292102
0,1578194
1,193013
-0,225775
-0,7417586
-0,4621294
-0,7445824
2,084018
0,3880832
-0,3921218
-0,5356844
0,3889179
0,6212619
1,061063
-0,5208862
1,319268
0,5969093
-0,6571058
-0,6290478
0,7011704
-1,129404
-0,1185057
0,3070827
-0,3379365
0,1405059
0,1321293
-0,7584927
0,2608895
0,3992769
-0,2633904
-0,8506672
0,8414029
0,03267896
0,5476974
0,07636611
-0,4605972
0,4888332
-0,5098004
-0,6442662
1,497288
0,3751621
0,8551758
-0,03227898
-0,1753354
-1,263115
-0,8304427
0,3323956
-0,3769527
-0,7018602
-0,6724424
0,0538595
0,4952445
-1,151743
-0,2428499
0,8834273
-0,4448404
0,6776309
0,449327
-0,1569849
0,1809953
0,393864
-0,537297
-0,1465203
-1,133194
0,4383467
0,6791632
0,4925479
0,6713205
-0,7167112
0,9729077
-0,508947
0,04587594
-0,8844846
0,4467062
-0,2158646
-1,332892
-0,4008741
-0,6509814
-0,1502628
0,2963622
-0,9481809
0,01400596
0,1192379
-0,7653748
0,5453439
-0,4556564
-0,6574091
-0,6341614
0,2061815
-0,3744099
1,198647
-0,03953928
0,9295831
0,1407816
-0,2872704
-1,122833
0,3481981
0,3900119
-0,4776285
-1,043992
1,332182
0,36203
0,06562334
-0,3933729
0,1379769
-0,6285774
-0,2093859
-1,028256
0,4667337
-0,03165925
-0,299904
0,8528282
-0,5121422
-0,2817453
-1,606582
-0,1054282
-0,02810229
0,3634377
-0,5780015
-0,8331879
-0,2219235
-0,5652999
0,6251268
-0,2545013
0,05189136
0,1664004
0,02650864
-0,2195473
0,1768143
-0,5556443
0,5479755
0,416191
0,08566365
1,12409
-1,298684
-0,2305903
-0,5329106
1,126293
0,3238152
1,09414
-0,7926392
0,2234556
-0,01632437
0,4995052
-0,08547103
-0,8573189
-0,2137385
-0,7741875
0,01759666
0,197385
0,342489
-0,147582
0,3937339
0,1202186
1,225613
0,5796804
-0,09625483
-0,3051323
0,3935453
0,8710439
-0,1442653
0,8197695
0,2207948
0,09554821
0,2976781
0,3631978
0,2889386
0,2361201
-0,3530676
-0,3668262
0,3491758
-0,3040558
-0,3292797
-0,3790511
-0,363793
0,1344499
0,3294734
-0,5351982
-0,3008746
0,3140523
0,2528569
-0,2662818
0,306433
0,4223376
1,353439
0,3825774
0,0007209778
-0,7730997
0,05499226
0,8264
-0,7252336
0,6194935
-0,4820013
-0,7635078
-0,1971857
-0,4347172
-0,5763863
0,640015
0,044101
-0,7110975
0,9126395
0,3035672
0,1970057
-0,5834298
0,4589034
-0,1916146
0,05049285
0,2694606
-0,02110773
-1,063892
1,169736
-0,7635863
0,1258833
0,5799035
-0,6063835
0,4822184
0,3163659
0,3837795
-0,6598948
-0,729948
-0,3536271
0,1826035
-0,01999405
-0,1125406
-0,719903
0,07712522
-0,1440867
0,3018092
-0,2203771
0,5808136
0,3387018
-0,06403904
-0,05658912
0,7137955
0,1489796
0,3742156
0,8428868
0,6280792
-0,2170178
-0,6103527
-0,6113023
-0,4095989
0,1224146
-0,03441611
-0,8629164
-0,277882
-0,7156745
-0,8845649
-1,30222
-0,6892588
1,1696
0,7345741
-0,3306301
0,3620757
0,6054235
-0,1588925
-0,1496152
0,2021753
0,008258879
-0,4484161
-0,1895827
-0,4969591
-0,8132002
0,3199362
-0,6547196
-0,1211485
0,8351038
-0,06483956
-0,9457786
0,001944512
0,31945
-0,3654432
-0,23322
0,2448438
0,1385017
-0,5633245
-0,8969609
-0,4612255
0,4785606
0,2347656
-0,4834859
0,5428182
-0,2038026
0,6297184
-0,592652
-0,7668594
0,2805498
0,8213639
0,3473995
0,5701779
-0,8165548
-1,155792
0,2801661
0,295052
-1,221714
0,3606951
-0,07902107
-0,3158752
-1,180846
-0,1141088
1,372603
-1,36403
0,2601029
0,7984986
-0,5215223
0,2257392
1,047316
0,8320416
1,16411
0,9493874
0,2935845
-1,811291
-0,654744
-0,6083198
-0,04843575
1,041583
0,08479249
1,564409
-0,03492892
0,6048903
-0,0969258
-0,9969561
-1,461805
-0,9160821
-0,8270347
0,1236933
0,1300961
-0,2132649
-0,7498938
0,4766518
-1,033762
-0,3315376
-0,1544052
1,247599
0,7454257
-0,1444972
-1,566632
0,5484105
0,207857
-0,3537608
0,9772545
0,3754398
-0,6752147
-0,6544622
-0,6574267
0,1773559
-0,4034746
-0,4374687
-0,02475689
0,192648
-0,5095627
0,6220232
-1,276579
-0,2843644
-0,4966229
0,4396516
-0,5574315
-0,01871932
0,57311
-0,02786587
0,1532921
-0,6230146
0,5595312
1,725637
-0,4918922
-0,3111019
0,5086199
-0,6204332
-0,1971953
0,4848206
0,2276405
-0,155988
0,4532035
0,1465555
-0,4184077
0,5786018
0,2713676
-0,03535482
0,5099117
-0,05774665
-0,1547067
0,3483559
-0,5311874
0,07275859
-0,8180925
-1,239901
-0,5232601
0,282854
-0,7326761
0,4694005
0,27681
0,1661664
0,03374434
-0,7527859
-0,9857594
0,6898338
-0,4946179
-0,3906223
-1,246631
0,7306587
-0,2171286
-0,2902751
-0,383648
-0,5606991
-0,8942112
-0,2201402
0,6678742
0,4816569
0,5862534
0,1270669
0,6055091
-0,4075853
0,2412319
0,8861707
0,5603603
-0,3466907
0,6557045
0,4068226
0,7153625
-0,8995947
-0,491208
-0,09250036
0,3256334
0,1957985
0,3132961
-0,658884
0,5935453
-0,390721
0,4476315
0,624612
-0,3952647
-0,7149125
-0,2150555
0,1409206
-0,6347357
0,2186945
0,8485336
0,8070169
0,2126866
-0,5580346
-0,08572479
-1,015701
-0,03203048
-0,4541852
0,405519
0,3047236
-0,7085245
-0,1712836
0,05726501
-0,3553205
-0,4011779
0,2703976
-1,925045
0,2426378
-0,3872591
0,1775423
1,115949
1,050681
0,07121763
0,01377867
-0,7668369
0,4466062
1,031001
1,030726
-0,2037738
-1,144835
0,235484
-0,05860008
-0,3768966
0,723942
0,1547527
0,4676814
-0,5061501
0,06782408
-0,1059605
-0,5655434
-0,08512127
1,298943
-0,1974979
0,1647929
-0,8303654
0,9353201
-1,344071
0,3480413
-0,7117617
-0,1777697
-0,1880403
-0,3024612
0,2374511
-0,9735081
0,5827081
0,1778412
-0,4726859
0,1629393
0,6702272
0,9305677
-1,580179
-0,4992613
-0,05131978
-0,5471805
-0,04794228
0,07953614
-1,153975
-1,249599
0,04391471
0,659902
-0,823428
-0,971742
0,2265549
-0,2825866
-1,230438
0,2113782
-0,5176895
0,6526397
-0,1449055
0,8807368
0,4955323
-1,059061
-0,652651
0,3991262
0,33536
0,9141299
-1,035421
0,8500733
-1,104871
-0,03543612
0,1191748
1,346125
0,2958364
-0,06525698
-0,07029954
0,08509621
-0,5303228
0,7829025
-0,1119033
-1,199918
1,02428
-0,2628951
0,3740598
0,4229605
0,7730166
0,08958784
-1,456714
0,1705082
-1,223871
-0,1792463
0,6070616
0,3217637
0,2591063
-0,1137377
0,6222571
-0,2518615
0,2844836
-0,3916637
0,5531471
0,09892672
0,1093613
0,01177149
0,151826
-0,06262313
0,233546
-0,2528901
-0,8166611
-0,1222519
0,5177608
-0,2834814
-0,1274807
-0,06993824
0,4472084
1,042108
0,2475118
-0,4072604
-0,3904056
-0,2057348
0,4181674
0,8332084
-0,6272938
0,4161119
-0,09131289
-0,3017321
0,925351
0,2862039
0,003635019
1,112112
0,05546674
-0,3794372
-0,6189409
0,1628976
-0,03925902
-0,794346
1,293288
0,9332972
0,5528792
1,565969
0,2532137
-0,4594691
0,05180006
-0,1987828
-0,1937036
1,198618
-0,1345942
1,422319
1,973834
-0,2737467
-0,2701648
0,318259
-0,8090918
-0,928103
1,475907
1,19537
0,540472
1,055254
-0,5684116
0,6441798
0,4853204
0,5567086
0,5487331
-0,8747225
-0,3054064
-0,1666155
0,1382398
-0,07149573
0,9778677
0,3196028
0,8029248
0,427586
-0,5168895
-0,5876311
-0,546895
-0,8502909
-0,04626286
0,2465799
0,1362004
0,5451536
0,4366955
-0,9161747
0,3919685
0,1032848
0,6611434
0,9282505
0,240172
0,129612
-0,3786914
-0,7947423
1,311244
0,7569115
-0,4865093
0,07648411
-0,5848126
-0,5273937
1,242761
1,334514
0,06350774
0,01455791
-0,4447945
0,9646306
0,06734079
-0,717164
0,507298
0,09532091
0,8294091
-0,07189058
-0,01528168
-0,1752278
-1,323335
-0,4864759
-0,2780188
0,184226
-0,375573
-0,4567756
-0,1463966
-0,4346699
-0,07259285
-0,5010351
-0,5314476
-0,3343813
-0,09333822
1,103999
-1,213002
-0,4199689
0,5961893
0,8201902
0,3691468
0,7133574
0,6297217
-0,413915
0,8019662
1,144442
-0,2200319
-0,7283348
-0,9856105
-0,1602325
-0,009197593
0,01217479
-0,01693183
-0,05205691
-0,2232868
0,09699851
0,9244332
0,2053913
-0,6424021
0,9795289
1,045768
0,527073
0,5530457
-0,3851616
0,5345406
-0,5669682
-1,010124
-0,4437239
1,099923
-0,8025783
-0,02827677
-0,1065638
-0,1870594
-0,9290106
1,388111
-1,001745
-0,6956906
-0,3752423
0,1799724
0,4471573
-0,1004883
-1,442578
-0,3661391
0,3081044
-0,463738
-0,933461
-0,4437588
-0,3643107
-2,625729
0,7427651
-0,835422
0,7176486
0,01209256
0,3173098
0,5964351
0,3249421
0,2931692
1,635259
0,9961
0,09027173
-0,265646
-1,680284
-0,8546913
0,4676752
-0,379021
-0,05752069
0,1515677
-0,4591569
0,466466
0,001993179
0,541529
1,119764
-0,9281932
-0,8221222
-0,2913303
1,092133
-1,391512
0,05406016
0,1029496
-0,131958
-0,9339981
-0,1104598
-0,748038
-0,3932156
-0,6128872
0,1744291
-0,2703151
-0,2593008
0,4374992
-0,7049762
0,5205703
0,01786363
-0,7238458
-0,08824912
-0,2101668
0,3801447
1,064594
-0,4016909
0,6609844
0,3066332
-0,8873883
1,516513
0,06346136
0,7209656
0,1972331
-0,8756852
0,5423439
0,7292998
0,5493291
-1,259706
-0,7609153
1,023906
-0,3022546
0,04640487
0,7026584
0,9085063
-0,6582088
0,04502888
0,4215974
0,6700411
-0,379393
0,1412926
-0,7587374
-0,6965401
-0,4543775
0,221082
-0,1301962
1,073059
0,1520667
0,7292966
-0,8627448
1,420583
-0,8835766
0,2774878
1,139799
-0,4442562
-0,6281528
0,9822063
-0,6318882
-0,03640383
-1,282487
0,06453145
0,4149054
-0,3520629
-0,7843372
-0,8564971
-0,224821
0,03528085
-0,1847127
1,252558
-0,2623232
-0,4483137
-0,6007679
0,07785067
-0,05054709
-0,3563169
-0,5216808
0,5424454
-0,2357806
-0,408007
-0,391344
-0,8389568
0,5072602
-0,8839307
-0,8878418
-0,4066496
1,595815
0,3669673
0,9066691
-0,5968109
0,8497407
0,399974
-0,3184937
0,8607186
-0,2006291
-0,6308196
0,8191321
0,3419446
-0,4722768
0,1504273
-0,374649
-0,1378199
1,147045
0,1473305
0,05217861
-0,4019588
-1,484173
-0,05029771
-0,4017469
-0,1434973
0,1885636
-0,1740022
0,06726193
-0,1221127
0,6465487
-0,723197
0,1801793
-0,06929171
0,6026003
-0,3611889
0,160192
-0,5876138
-0,1835018
0,1045657
0,8376004
0,3625551
-0,07645679
-0,1646807
0,163768
0,1064569
-0,5428147
-0,3454304
-0,8259844
0,1983625
0,7818076
0,3793384
-0,9397765
0,7295798
-0,6873069
0,009777173
-0,9617062
0,1850293
0,2968267
1,098849
0,5969146
-0,6773404
-0,04965623
0,1382728
0,4654709
0,04704919
0,8314624
0,2902423
-0,2864494
0,4391432
0,2045432
0,3214709
-0,06019491
0,2883927
-0,6268322
-0,6770226
-0,08486876
-0,2363068
0,1908067
-0,05321391
-0,2576157
0,6808181
-0,6346546
0,2373527
0,3637848
-0,4703009
1,183482
-0,3683068
-0,05999047
-1,151705
1,01589
0,640744
0,4590945
-0,1485399
-0,6015311
-0,07838938
-0,1399348
-0,6262792
1,189484
0,005404055
0,8064335
0,1279106
-0,2583958
0,5026962
0,3911604
-0,144211
0,3932893
-2,117227
-0,7241905
0,5006415
-0,8576906
-0,2343551
1,135069
-0,5068346
-0,1758877
-0,5848104
1,053794
-0,2633348
0,1940879
-0,1723092
-0,3363505
-0,2850141
-0,3834137
-0,3980154
0,7751819
0,10879
0,3093598
-1,175293
-0,09114257
0,557695
-0,001926661
0,345123
0,03822048
-1,092311
-0,9528626
-1,577377
-0,08760333
-0,6694396
-0,3624971
0,4082022
-2,141435
-1,547242
0,9765666
-0,4359776
0,4592561
-0,531514
0,4397556
-0,09421879
-0,6080787
0,3452539
0,1507489
-0,8824134
0,03051662
-0,3435583
-0,1096439
0,6077179
-0,5200334
-0,1375741
-0,5299996
-0,1583463
-0,7042312
-0,002511144
-0,6116946
-0,543776
-0,1535172
-0,8718743
-0,1565364
0,3195527
-0,3786973
1,101492
0,9721271
1,105586
-0,1791229
-0,4622129
-1,553842
-0,8830875
0,2716121
0,08626118
2,045918
0,09778467
-0,4199322
-0,1268062
0,1305984
0,8009611
0,2605148
-0,8736609
0,7154763
-0,2274534
-0,9841767
-0,5641345
0,5194301
0,1117704
1,159028
-1,795892
0,401429
-0,4489341
0,463228
0,2489309
-0,4130291
-1,094205
0,02979524
0,2564105
0,7723941
0,957665
-0,9271826
-0,4096852
-0,06641875
0,4941214
0,8060477
0,7403316
1,258663
-0,8860329
-1,385623
-0,535257
-1,035858
-0,2507646
1,627565
-0,8836105
-0,4542418
-1,21465
-1,14478
0,02056319
-0,8353645
0,9920863
-0,7698379
-0,2900041
-0,9834741
0,2330384
0,3013247
-0,6788697
-0,09158617
-0,1727329
0,4134399
-0,4909891
1,372007
0,03699666
0,4510409
0,8554695
0,6041264
-0,3535203
-0,8584473
0,007966787
0,6338416
0,05789429
-1,247035
-0,1100916
0,1494461
0,4746752
0,4931078
-0,2148151
0,2428624
0,1705409
-0,09618264
0,8015707
-0,4306738
0,02161169
0,76978
0,5093572
1,409878
-0,1095973
0,2514512
1,074255
-0,07085291
0,09630208
0,4030374
0,8978298
-0,5337626
-0,9093904
0,1023542
0,08574846
-0,2924691
0,1829596
0,1619913
-0,340906
0,4680505
-0,202859
-0,6402206
0,901785
-1,001675
-0,1926181
0,08874698
0,3629505
0,5157444
-0,6788815
-0,9020871
-0,2533119
-0,01626834
1,338977
0,808098
0,4051418
-1,012306
-1,186493
0,6111006
-0,2453251
0,6101781
-0,1490745
-0,4717666
-0,9527583
-1,41677
0,1871502
0,5955952
-0,2044969
-0,05621009
0,0396471
-0,3314789
0,4458877
1,299393
0,6961745
-0,5180085
0,01821226
0,1984017
-0,1490141
-0,7610117
0,4766226
-0,263957
-0,5966558
-0,7341089
1,506118
-1,264377
0,2602434
0,4536097
0,2493646
0,2048323
0,5293998
-0,6564226
2,239728
-0,07745811
-0,09431465
0,2046411
0,1968832
-0,1160572
-0,1493819
-0,9205508
-0,1714847
0,1264201
-0,004614577
0,5100144
0,07160014
0,2828668
-0,07267728
-0,1919894
-0,3826614
-0,3585523
0,3357435
0,9197876
-0,1344659
0,5711231
0,02934632
1,610431
0,1244484
-0,3734683
0,03118402
-0,9274201
0,1588191
0,5716677
0,8356175
0,9177742
-0,8626045
1,802064
0,1102458
0,7264417
1,174798
-0,4550991
-0,7863792
0,1084895
-0,1065272
-0,3161794
-0,08687001
0,562611
-0,1815835
0,2285711
-0,3851265
0,01221606
-0,7192992
-0,04544564
0,2039637
0,4279364
-0,9840755
-0,4090979
0,6612366
-1,037558
-0,3081292
0,6075515
-0,005943775
-0,2197697
1,44065
0,06819779
0,1785352
-0,5241225
-0,03001487
0,02910697
-0,07746589
-0,6710356
0,4105337
-0,04533738
0,01881529
0,2494549
-0,167871
-0,5039911
-0,2159479
-0,4765123
-0,7122881
0,5483252
0,33064
0,07908718
-0,1570706
0,6212682
1,157747
0,06140123
-0,0967809
-0,04764766
1,05808
-1,249974
-0,3447853
-0,3707276
-0,2367408
-0,3273551
0,7372591
1,207158
-0,629465
0,007996321
0,653097
0,522198
-1,404722
1,141281
-0,692317
-0,2919589
0,2912455
1,14784
-1,247696
-0,3095692
-0,2560945
0,6788555
0,6056572
0,06809855
0,4291779
-0,4606526
0,1459051
-0,3055561
0,2594224
0,9967998
-1,018072
-0,1262274
-0,1608194
0,1626014
0,3702856
-0,05252963
-0,3172845
-0,07866684
-0,3086491
-0,04890096
-0,6778764
-0,1788817
-0,1891834
-0,5102794
0,7359413
0,5539561
-0,05314526
-0,4936635
1,04464
-0,1102651
-0,297547
0,1860249
-1,328699
0,6470847
0,01051295
0,9412403
0,3398696
1,194143
0,4257581
-0,01980507
-0,6121538
0,5643539
0,8648781
0,105567
0,8398067
1,112962
-0,03455129
-0,8613595
-0,975867
0,5639414
0,08802748
-0,4318431
0,6778448
-0,8031129
0,5610167
0,7138162
-0,3486468
-0,2235938
0,01320434
0,1461866
0,2445491
0,192646
0,9658056
-0,07803011
-0,09907731
-0,9769423
-0,3057445
0,1688452
0,03362219
-0,09828153
-0,3797383
-0,6763713
-0,1467541
-1,210968
0,7446265
0,7684121
0,04386711
-0,04514726
0,06648749
0,4683601
0,435989
0,6098613
-0,6748427
0,4635171
-0,6330201
0,3390222
0,2030855
-0,7177875
0,2757368
0,2198215
-1,175712
0,2194198
-0,828612
-0,04305479
0,8019218
0,3927259
-0,7704648
-0,4385339
-0,8470567
0,3025093
1,055733
-0,07739144
0,3259799
-0,1803936
-0,5138497
-0,5463933
0,007733941
0,03359155
-0,5098714
0,9439662
0,9959534
0,3705664
0,3747347
0,0602418
-0,7323592
-0,4963468
0,1791058
-0,474039
1,105142
-0,8368934
0,1066974
-0,2181503
-0,4754853
-0,1501738
0,1741429
-0,3239369
-0,946125
-0,3876219
0,7090343
-1,317215
1,069361
0,05965868
-0,7253596
-0,2504352
0,2815909
-0,02204037
0,6078448
0,7853197
0,07880756
0,8721312
-0,3038439
0,1945884
-0,6992684
0,6132496
-0,4164835
0,3268098
0,6790565
-0,05706108
-0,5552645
0,252842
0,1967316
1,187799
-0,3859154
-0,8531344
0,3954272
0,5912592
0,621158
-0,3432155
-0,6576391
-0,8338368
0,2838953
-0,4626191
-0,4798506
1,393618
-0,2460614
0,08144893
-0,2474882
-0,7362104
-0,1679968
0,5625852
-0,4308619
-0,9714647
-0,4402509
-1,247296
0,3066107
0,2839441
-0,4191049
-0,3847524
-0,3379005
-0,3740206
0,55861
0,5030432
-0,3088973
0,5322004
0,2768339
-0,8957528
-0,182589
0,5257943
-0,2523083
0,7514591
0,5247032
-0,4041141
-0,05618316
-0,2097059
-1,131601
0,3866636
1,009131
-0,2296434
-0,2227039
0,06415862
0,7131412
-0,3161855
-0,5908143
-0,009803444
-0,2601396
0,5420404
0,3048719
0,8171627
0,7664785
1,585067
0,1131011
0,5581887
0,1131767
-1,543112
0,6136565
-0,02284455
-0,295195
-0,8471582
0,02374822
1,138223
-0,01595801
0,04083335
-0,6750795
-0,5899084
0,7010412
-0,3541774
0,1502139
0,6469162
-0,05093652
-0,5832638
0,2112915
0,09554455
0,4061798
-0,2496356
-0,5002
-0,1700495
1,481996
-0,926273
-1,539107
-0,6210967
0,2760347
0,1780908
-1,071994
-0,06817087
-0,7344489
-0,5505911
0,1482047
-1,311985
0,1302118
-0,7462904
0,8789304
0,5848249
0,3438714
0,134902
0,4590673
-0,6510068
0,5684054
-1,740712
0,2165176
-0,6971295
-0,780459
0,2794175
-0,09804863
1,252968
-0,2471407
-0,2054905
-0,06724298
-0,1455649
-0,8345668
0,2980152
0,07687236
-0,8514556
0,5824764
0,1516804
0,6493297
-0,5525591
-0,2959822
-0,3876869
-0,7392168
-0,1681128
0,3219071
1,014435
-1,416407
0,01241374
-0,6278616
-0,6758977
-0,9413337
-0,3418653
0,1984718
0,5888718
0,4846112
-0,6332726
-0,3252739
0,2196673
0,3960718
-0,5138018
-1,410585
-0,08927655
-0,5522805
-0,6983522
-0,01166323
-0,9783015
-0,5257109
0,2703459
-0,2996273
-0,4131776
0,1806962
0,09257111
0,1016189
0,7451897
-0,06423721
0,3861699
-0,1404867
-0,3358243
0,2600804
1,258583
0,4447361
-0,04981792
0,1917764
-0,2563341
-0,07946087
-0,02503718
1,134912
0,01093775
-0,7062701
-1,73867
-0,04066885
0,3585636
0,1074722
-0,3979207
0,1144779
0,375825
0,5465084
-0,4370556
-0,02720556
0,246218
-0,7409908
0,4148223
-0,006356925
1,039976
0,6941261
0,4977719
-0,6468379
-0,08631676
0,04964978
0,08123082
-0,7768329
0,4352881
0,5892695
0,359486
0,3080317
0,5107881
0,2365026
-1,025442
-0,5180538
-0,1883507
0,1782388
0,4353133
-0,1237363
-0,07069574
-0,9623099
-0,09923601
0,6270822
0,3052735
-1,401694
0,8318785
-0,06051651
-1,020634
-0,362731
1,420712
-1,457316
-0,1195464
-0,4554968
-1,220304
-0,1475532
0,09644625
0,09017441
-0,5916229
0,2017643
-1,015509
0,7761542
-0,9378525
-0,912745
-0,2737673
-1,044723
-0,6605484
1,040753
-0,585876
0,4767081
-0,3245624
-0,3412984
-0,7687793
-0,5669712
0,2358339
0,9442457
0,9847947
-0,3276162
-1,069598
-0,1425053
0,2248353
0,5224953
1,385709
2,272559
-0,6426771
-0,9042909
1,217121
-0,4322052
0,1935323
0,575297
-0,06549001
-0,3911347
0,2623679
0,5589527
-0,6900466
0,3136564
0,1020131
-0,2378766
-0,002437919
0,09573579
0,6324797
0,1426277
0,6558595
-0,3386321
-0,568322
0,008075386
-0,755026
-0,4712074
0,2800512
-0,5255553
0,3059865
0,7755666
0,2551718
-0,0688411
-0,8473296
-0,540629
-0,6012342
-0,7859572
-0,6214582
-0,9090327
0,2557591
0,3963888
0,05183861
-0,6998143
0,5530355
1,420109
-0,8757188
-1,00097
-0,4519585
-1,185773
-1,736363
-0,2441769
0,2133569
0,9034612
-0,4154932
-0,735865
-0,7609181
0,7082584
-0,9667523
-0,1408312
-0,2272386
-0,4477519
0,2786601
0,6254037
-0,4303015
0,01930878
0,3635945
0,4876907
0,8175051
-0,8707178
1,389487
0,8505219
0,7829545
-0,1177734
-0,1549045
0,2052094
-0,858494
0,9909587
0,2686848
-1,226483
-1,940914
0,4581593
0,0637043
-0,851475
-0,9064505
-0,1228356
0,2547172
0,479009
-0,5400903
-0,5142832
-0,7264944
0,006323725
0,5619023
0,3679876
0,6210119
0,5838116
0,8881195
-0,4400665
1,168265
-0,1591798
-0,05802882
-0,5227656
-0,6308947
-1,20196
-0,2429436
0,7580209
-0,8432203
-0,9835835
0,277905
0,00176616
-0,3728443
0,1265505
0,8219371
-0,3975081
0,5083728
-0,1868004
0,08336286
-0,5337954
-0,3258718
-0,2768052
0,6003929
-0,7113889
-0,3492168
-0,1615858
-0,4655335
-0,05524975
-0,07767612
-0,2834618
0,9757935
0,2175487
-0,2979287
-0,5485904
0,1495328
0,4052347
0,8667911
-1,316113
-0,2498315
-0,2590384
-0,04654473
0,5618908
0,6107698
0,3035771
0,7907255
-0,1300952
-0,06506601
-1,59518
1,373594
-0,389162
0,1724755
0,4312872
-0,1379539
0,08508396
0,6961756
0,4175611
1,003462
-0,86866
0,2227277
-0,4386107
0,1501096
-0,3723136
0,1461208
-0,1344009
-2,12315
0,1773312
0,2570786
-0,1270726
0,3767449
-0,05569956
-0,5796492
-0,3344266
0,584003
0,3026712
0,9466799
1,083095
0,3660988
-0,6682208
-0,01810682
-1,175848
-0,801688
0,2107583
-0,7244528
0,1655667
-0,7785847
0,359587
0,1061761
-0,5077809
-1,242905
1,043785
0,4555342
-0,5576524
-0,8210279
0,2594364
-0,02366099
-0,04731862
0,4728368
0,5279043
0,06652775
-0,5012186
0,18428
-0,8103057
0,08342102
-0,7865542
0,06198372
-0,5551718
-0,3302748
0,3324575
1,096673
-0,2760862
-0,2396817
0,2102254
-0,2254062
1,000825
0,6516926
-1,177376
0,3561258
-0,2395646
0,8083135
-1,135703
-0,7765471
-0,530215
0,8963339
-0,5303293
-0,3458045
1,259987
0,6777006
0,2077666
-0,6150784
0,377546
1,351927
0,2787775
0,1795
0,1306274
1,046767
0,6254163
0,3053647
1,315749
-0,6909295
0,280564
-0,3964641
0,07138067
-0,5860708
-0,9166868
-0,1613646
-0,8949871
-0,8020036
0,3416758
-0,4190211
0,3432456
0,5864703
-0,5635251
0,2545515
-2,047838
0,07215771
1,257982
0,2097839
-0,5187153
-0,3908554
0,7086587
-0,7381102
0,1976861
-0,3010611
0,7454982
-0,09759331
0,1729154
-0,4090481
1,426481
-0,3581609
0,1056184
-0,01052494
-0,4045497
0,03793967
-0,9963335
0,6275857
-1,170455
-0,798544
0,2787814
0,895359
0,06708927
-0,2429026
0,4191864
1,379993
-0,2040822
-0,5935985
0,5033188
-0,8878433
-0,1386365
-0,689648
0,2561791
-0,890914
0,1495149
0,789868
0,8517959
-0,01389387
0,3120591
0,6701544
1,546225
0,09000731
0,449626
0,2218869
0,6913031
-0,2199561
0,07465094
-0,08444719
-0,4545131
-0,0988242
1,340198
0,1885649
-0,1671523
-0,3619746
-0,2707897
0,9216095
-0,2926062
0,008682728
0,4357308
-0,8985711
-0,9489008
-0,5797138
0,9535146
0,6166359
1,766885
-0,6854154
-0,2466975
-0,194117
-0,2526292
-0,318046
0,7161283
0,3175203
0,6367457
0,06380361
1,457695
-0,2644286
0,07113416
-0,8115649
0,106271
-0,4248956
0,2094397
0,5204605
0,08509918
0,2096114
1,076854
0,2219201
0,1644092
0,5365303
-0,6508015
0,5975984
-0,3811383
-0,3129487
-0,6882512
-0,005119637
0,2484582
-0,3213659
2,090499
0,1302472
-0,4423869
-1,253281
0,1240239
1,128417
0,8378996
-0,3202326
-0,006795585
-0,2817272
0,6937517
-1,342957
-0,04972872
-0,9155049
0,7185913
0,5763304
0,4829283
0,6384949
-0,2609091
0,5478373
-0,4292157
-0,400603
-0,4295736
-0,3689689
0,03406137
0,5356408
-0,2983326
-0,1180526
1,44211
1,067866
0,9165264
-0,90681
0,6629324
1,318136
-0,4411863
-0,6984274
0,01610726
-0,3002378
0,2019558
0,159241
0,206963
0,5300801
0,01739989
0,2896539
1,102204
-0,3483675
-0,08343112
-0,03182946
-0,5123876
-0,04217029
-0,6254244
-0,7770896
-0,713277
-0,5792866
0,3729559
0,2586677
0,3185242
0,2923278
1,079678
0,1506946
0,9435132
-0,1604735
-0,6723295
-0,6316181
-0,3749229
0,7245656
-0,1734164
0,2932454
0,08649826
0,7405235
-0,9172617
-0,5902153
0,3019441
0,7637856
0,3613767
-0,2371455
0,6019543
0,03016216
0,2071036
0,486803
0,150009
-0,7043682
-0,3243235
0,822418
-0,1030227
-0,4318795
0,6443734
0,06048214
-0,07134178
-0,4777046
-0,2303226
-0,4242768
-0,5350059
-0,1205592
-0,03654054
-0,3127238
-0,8297719
1,63424
0,2430325
-1,495079
-0,3353063
0,1589392
0,1323785
-0,4949483
1,05174
-0,7056807
0,8977469
-0,01103945
-0,5555685
-0,274156
-0,2227871
-0,2236776
-0,2608344
0,579739
0,3393852
-0,0715906
1,602024
0,2422771
0,6334376
-0,427703
0,8046243
-0,7530236
0,1306482
1,208951
0,47983
0,3316921
0,3541188
1,587108
-0,08655326
-0,2223771
0,5915006
-1,00021
0,853766
-0,6345006
-1,141306
0,04669151
0,3870042
0,2374544
0,4370037
0,2107313
-1,098603
0,7141497
-0,8757886
-0,3610312
-0,3008375
-0,1341807
-0,656047
-0,6605449
0,2849388
0,873228
0,2776524
0,9699858
-0,4447238
-0,2953286
-0,574922
0,2191772
1,819933
-0,5269035
0,2241838
-1,634547
-0,9662695
0,657373
-0,8174198
-0,8472254
-0,3731792
-0,2431412
0,8410838
0,5714221
-1,205379
-0,03129148
-0,814397
-0,5620167
0,2009935
0,9609323
0,7234048
-0,04580981
-0,1467249
1,44069
0,2818354
-0,3954963
0,4154926
0,3674204
-0,619683
0,6486433
0,5633987
0,1684156
0,05407782
-0,1184414
-0,02461612
0,4686898
-0,1243643
-0,02465209
0,111277
-0,2154242
0,3405251
-0,06107473
-0,1408318
1,117096
0,4046549
-0,1810689
0,3481267
0,6798656
-0,8948008
-0,4337267
-0,673803
0,0796684
0,1854846
0,1965144
-0,2046169
1,191282
0,3306068
-0,9183886
-0,1609163
0,10775
-0,3648111
1,03516
-0,72889
0,003115635
-0,3497183
-0,1857659
-1,198112
-0,03119865
-0,0661746
0,9153855
0,4537467
-0,3716389
-0,07226253
-1,306753
0,1081911
-0,9890252
-0,6748103
-0,0774616
-0,6195503
1,349145
0,4492939
0,1437341
-1,488868
-0,5133636
-0,8852495
-0,8550808
0,9249247
-1,001385
1,165404
0,4371299
0,1771235
0,5453128
0,4200795
-0,6205698
-0,3710953
-1,623001
-0,04574531
0,4675291
-0,406991
1,102551
1,361477
-0,04367131
-1,172546
-0,7980698
0,02151746
-0,6991972
-0,12015
0,893082
0,1504804
-1,470371
0,2187427
0,5079913
0,9297863
-0,4759272
1,196492
0,562596
0,02191802
-0,5845557
0,3114274
2,277649
1,702818
-0,8870752
0,02701925
0,1076087
-0,4781842
0,4546984
-0,3183885
-0,8362653
0,821678
-0,5336515
0,05667126
-0,5034618
0,0763641
-0,09152895
-0,7978103
-0,5516119
-0,7680401
-0,1991515
0,6673236
0,3386439
-0,8434196
0,6434597
-0,7451798
-1,311452
0,3963986
-0,5912541
-0,7041997
-1,377179
-1,007548
-0,514213
0,2316216
-0,4588664
-0,04765093
0,2494185
0,3578963
0,259514
-0,4648369
-0,6210412
-0,596539
-0,4830506
-0,5772532
-0,0133424
-1,254089
-0,5740749
0,6141952
0,1500409
-0,7842889
-0,6474015
-0,2766741
0,3365745
-0,5352914
0,325507
-0,1692585
0,3561002
-0,2691464
-0,9488789
2,106223
0,4003319
0,9820839
0,2323773
-0,6253805
-0,4777544
0,9240856
0,167783
-0,06514388
-0,607851
0,9182386
-0,5289133
0,3304356
-0,4141535
0,725723
-0,4904026
-0,8593103
0,3151798
-0,2623074
-0,3784912
0,3655097
0,2212546
0,3331534
0,8233774
-0,2254921
0,546114
0,8607451
1,524295
0,8799717
0,8644467
-0,60093
-0,5772082
0,644283
0,01638836
-0,6980575
0,2121704
-0,1550945
0,8048902
-0,4997214
0,02631757
0,2707275
-0,1930401
-0,3225445
-0,4191186
0,06676155
-0,05517769
-0,8203266
0,3966492
0,05669951
-0,3476087
-0,106524
0,6143006
-0,1145351
-0,08343101
0,03692707
0,2851842
0,09666187
0,626659
-1,167499
-0,4522418
0,957926
-0,1515611
0,1905761
0,3226467
0,7304886
-1,039428
-0,2624007
-0,9473231
0,2156381
0,5283692
1,777968
0,5138772
2,099001
0,6472905
-0,9063759
-0,5574427
0,7126951
-0,3754696
0,7485435
0,3034312
-0,2253116
-0,306667
0,7332513
0,4955155
-0,6128329
-0,6373087
-1,13213
1,046169
-0,1918803
0,4441707
0,09234136
-1,450943
0,01416728
-0,6806784
0,5710416
-0,811747
-0,6644616
-0,691659
-0,5850441
0,6500361
-0,6730807
0,1698753
1,091244
0,9805446
-0,2269295
0,8736373
0,6517512
0,6358591
-0,5939664
0,7497179
-0,2507346
-0,3198172
-1,477798
-0,5154908
-0,02287782
-0,150199
-0,2529351
-0,4544595
0,2721696
0,08129233
0,07664886
-1,575559
-0,4955531
-0,2853096
1,412995
-0,2655992
-0,1556237
0,2448357
-1,169197
1,072953
0,2222208
1,509452
0,6183472
-0,02111879
1,572356
-0,7144662
-0,1396276
0,3302007
-0,4174998
-0,06811069
-1,023439
-0,3151271
-0,3469217
-0,6933098
-0,8902695
0,7477617
0,009183764
1,543195
0,4897528
0,5084713
0,1664774
-0,01257759
0,9167785
0,06275493
0,7527986
-0,5984024
-0,9271122
-0,02408549
-0,6568512
0,09277856
0,2653846
0,3245112
0,02316606
0,2505105
-0,3380821
0,5248727
0,2391948
-0,4310148
-0,2190468
0,5590969
-0,6008379
0,3257539
-0,1416178
-0,2225925
0,5070871
-0,1649159
0,06009534
-0,8245878
0,2632452
1,393142
0,8629588
-0,4443342
-0,01877841
-0,04068896
-0,6905174
-0,09339911
-0,7916412
0,3164774
0,7463548
-0,1402295
-0,2578777
-0,8668363
1,04914
0,900924
0,06130183
-0,08600569
0,5543619
-0,7586488
-0,2179747
-0,9049771
-0,1629391
-0,729092
0,6823446
0,1798693
0,4845588
-0,8160149
-0,5786964
-1,834241
0,2257841
0,0234651
-0,5891187
0,2597461
-0,2950386
0,6781231
0,09632507
-0,973186
0,5500971
0,03825664
-0,09636074
-0,6754713
-0,1533289
-0,1380332
-0,6343897
0,003883541
0,7283848
-0,3692982
-0,03740257
-0,01257402
-1,232024
0,04326025
-0,9432262
0,3885294
-0,2908714
0,0175987
0,4025311
-0,4613915
0,3403649
-1,519181
1,454331
-0,07184595
0,7348835
-0,09395786
1,100953
-0,5040754
-1,168155
0,1656797
0,269135
0,6015514
0,1822999
-1,473003
-0,2393732
-0,1540974
-0,4659747
0,09786576
0,3026921
-0,1327939
-0,2071335
-0,9624906
0,248483
-0,8794171
0,06021821
-0,4663566
0,01991779
0,8744697
-0,4436913
-0,21785
0,03610027
1,145265
-0,5318506
-0,3920355
-0,1363447
-0,1258582
0,7350914
0,2485225
0,3551502
-0,5529054
1,34971
0,02641201
0,1500574
-0,3731385
-0,166321
-0,1332952
1,776526
-0,6361014
0,745858
-0,2100335
0,0490568
-1,345235
-0,05113664
-0,2312948
1,569275
0,3258181
-0,5919088
0,1359738
-0,141142
0,1619335
-0,1962652
-0,1761614
-1,135576
0,7899359
0,3533092
-0,1045931
-0,6733943
-0,2253048
0,08700302
-1,22353
-0,5137298
0,6849059
-0,242331
0,5252945
0,5134706
0,07652272
-0,4391861
0,4981693
0,1895151
0,1070162
0,4924358
0,6497154
-0,4066767
-0,4616796
-0,4358162
-0,8320156
0,1618747
0,1655144
-0,8419047
-0,3921555
0,5130641
-1,419213
-0,008719534
0,2772759
-0,8844407
-0,08082846
-0,701811
0,1902323
-1,863772
-0,8936422
0,6994168
1,85258
-0,2914428
-0,1967986
-0,5806629
0,968465
-0,8934836
1,327059
0,203837
-0,4558442
0,4741632
0,6144512
0,1485565
-0,04296124
1,542944
-0,4675837
0,7129625
0,6627027
1,020086
0,5495723
0,7206117
0,8718039
-0,2498657
-0,2069435
-0,7398036
-0,1205692
0,3325
0,2788915
0,3422024
-0,2566635
0,4633527
-0,2131045
-0,2709582
0,4120465
-0,23092
-0,4631216
0,2661017
0,132272
-1,085739
0,277061
-0,5067633
-0,2474866
-0,3855041
0,1859332
0,01895861
1,179718
0,02756733
1,350376
0,5467278
0,03916657
0,4506429
-0,2727524
0,3478929
0,2894763
0,3863779
0,1326081
-0,1821213
-0,2149204
-0,143801
0,6730538
-0,3083494
1,408195
0,4802385
-0,798341
1,557291
-0,08945629
-0,4013081
1,055326
-0,763176
-0,3562974
-0,2021769
-0,4444612
0,3275228
0,3629677
1,258535
-0,1455214
-0,6050471
0,1362262
-0,6896206
1,123151
0,7846275
-0,906741
-0,2078493
0,798232
-0,5896171
0,3672199
-0,4452818
1,158469
0,2673583
-0,8032961
0,1259705
-0,2509371
-0,2396903
0,7523118
-0,1588916
-0,0821633
-0,7881069
-0,3409775
0,4046552
-0,6430104
0,8481913
-0,4366578
-0,3585711
0,4850748
-1,984187
-1,044149
0,2621965
-0,8741444
0,1331032
0,3899959
0,3770397
0,3927775
-0,1005694
0,3556528
1,099713
0,4771255
0,0473334
-0,3656179
1,087734
-0,9951261
0,808303
0,01965445
0,2507894
1,012584
0,07545853
0,4650788
0,0273812
0,7145159
0,01587915
-0,640907
-1,222275
0,1840073
1,002199
0,5556237
-0,3401909
-0,383624
0,5848328
0,5094472
-0,940749
0,95923
0,6325716
0,9404705
0,5752728
0,01109916
0,435621
-0,03781024
-0,2078314
0,1641012
-0,2942519
0,4180295
-0,08372387
-0,2494052
0,5161137
-1,379965
-0,2134001
0,01968784
-0,5831782
0,7459639
0,1993951
0,07624888
-0,1179674
