1,971849
-0,463887
0,6026574
-0,3137022
0,6543082
-0,1739591
-0,1602454
-0,03250498
-0,1043674
-0,8366536
-0,650057
0,06380177
0,1574175
-0,2315949
0,4132093
0,2685107
0,09794527
0,1164874
0,7866235
-0,1939702
-0,4512244
0,1398355
0,4651313
-0,1011135
-0,09832425
0,2175234
-0,8412946
0,5778638
-0,05209428
0,8528073
0,4146733
-0,1912411
0,8890795
-1,454569
1,032153
-0,6326677
-0,04061187
-0,2671521
0,6010181
-1,64641
-1,168144
0,1711886
-1,062367
-0,1627003
-0,3846254
-0,03697795
-0,04547757
0,6067295
0,1865448
-0,4480295
-0,7282218
0,4035192
-0,08378738
0,8042047
-0,4319376
-1,146612
-0,05209066
0,8155713
0,3581787
-0,8688709
-0,2827689
-0,01369095
0,2181502
-0,6724511
-0,239384
0,09509861
-0,3926625
-0,3073384
-0,32095
0,1137506
-0,16095
0,4620071
-0,3084164
0,02923504
-1,278083
-0,8942723
0,6636722
0,2785394
0,383909
-0,9596401
-0,5567269
-0,5949352
0,6597347
0,5420897
-0,09511687
-0,2927951
0,3901645
0,1013685
-0,4388998
0,7491316
-0,5651572
-0,198428
-0,3337382
-0,528728
0,7182676
0,3167383
-0,6188301
0,2208814
-0,1032071
-0,01532823
0,4813004
-0,4357614
-0,4308519
-0,2394004
-0,1637841
0,2006627
-0,631403
0,1193288
0,1203455
-0,1708356
0,0317322
-0,06425522
-0,3279462
-0,2078893
0,6042044
-0,5590122
-0,6926841
0,2649764
0,4703344
0,2093343
-0,03570497
-0,759352
0,5248954
-0,9835349
-0,1279278
-0,9171441
-0,3239347
-0,1428002
0,4590838
0,6304064
-1,891576
0,08857386
0,7334348
-0,2276354
-0,1677232
0,2787557
0,3194578
0,5783679
0,2136936
-0,1316156
1,020569
0,2053528
0,5192363
1,574632
-0,4157209
0,09942788
1,371039
-0,004814029
0,2435911
-0,1196388
-0,887134
0,4162562
0,6781648
-0,7734658
1,027749
0,05104458
0,5332875
0,1995305
-0,2791408
0,7231346
-0,3071105
0,0482866
0,6769639
1,682482
-0,7385736
1,547151
-1,076726
-0,2730606
0,005740494
0,460397
-0,03225011
0,2098589
0,3906049
-0,367072
-0,3563263
-0,4212629
-0,9725211
-1,295614
0,7365339
-0,3233823
-0,1230332
-0,2723017
-0,2399909
-0,09215784
-0,5479398
0,4706265
0,3803003
0,02267227
-0,5189362
0,7669398
-1,126194
-0,05074622
0,4287092
0,464031
-0,3159724
-0,7228394
1,4024
0,2105017
-0,0556552
-0,5919707
-0,3146914
-0,7751719
1,148646
0,238093
2,175005
0,6023651
1,069527
-1,342532
0,09274539
0,3189279
-0,3810581
-0,187533
0,3113759
0,1224646
0,1976495
-0,6842799
1,227571
-0,1951389
0,3660365
-1,314168
0,2933944
1,154501
-0,09573209
-0,09559202
0,6223031
-0,8267193
0,5822408
-0,2405485
0,2084004
1,842301
-1,017335
0,466941
0,298204
0,9567369
-0,7778976
0,2025598
1,084765
-1,116313
-0,137473
0,8131582
-0,3794727
-0,5559674
-0,2035959
-0,416256
-0,1526939
-0,8049346
-0,5032237
0,2755518
-0,2379875
-0,9693969
-0,18323
0,1247582
-0,5178242
-0,001742482
0,5397553
-0,09719366
-0,09230024
-0,1354809
-1,115622
-0,6884388
-0,3874037
-0,07985629
0,3378419
-0,4557152
-0,7578688
1,508288
-0,4053707
-1,002949
0,6347933
0,1034849
0,2646838
0,1477207
-0,5240079
-0,0555644
0,3757284
-0,7455136
0,4056497
-0,05577004
-0,6985645
-0,4483483
0,297747
1,879699
-0,7268507
0,6146365
-1,098007
0,7956422
-0,2841791
0,4057908
0,6141915
-0,6938991
0,0414297
-0,1215494
-0,2396582
-0,04116757
0,159811
-0,3759971
1,139783
-0,2147691
-1,060441
0,7257531
-1,522112
-1,358847
-0,3306639
-1,366112
0,586166
0,3572572
0,6669765
0,9312921
-0,8182682
-0,9113455
-0,006477103
-0,7353513
-0,747838
1,106579
-0,247098
-0,8540591
-1,313106
0,1144903
-0,3140421
0,1739403
0,6406869
0,6724561
0,3099508
0,7807706
-0,5878345
0,4360777
-0,04694343
-0,4152441
-0,2205997
0,4559694
-0,1899453
0,2558287
0,1936952
-0,04966885
-0,3205204
0,01305577
1,998228
-1,124008
-0,4148884
0,2050657
-0,2672364
0,3133843
0,3840523
0,3236428
-0,3177219
0,8225547
-0,4103248
-1,099804
-0,4368129
0,07956421
0,5046534
0,8865759
0,2843871
0,7823049
-0,003629085
-0,5256771
0,4940041
-0,05722123
0,4689489
-0,7836154
1,059289
0,3691521
0,4571052
0,3461481
-0,7107216
-0,2848278
-0,1316487
-0,7642957
0,1670247
-0,04771975
-0,7026706
-0,2904167
-0,5492393
-0,1839703
0,1550816
-0,272458
-0,2505836
0,2808107
0,6964366
-0,2897607
-0,4421322
0,4116748
0,7536358
0,6473888
0,9570324
-0,507075
-0,8395253
-0,8278499
0,1227625
-1,282227
0,2265266
-0,4515644
-0,3186354
0,3604612
-0,9340815
-0,4715134
-0,2793487
-0,805078
-0,2071531
-0,02717721
-0,2707287
0,9721569
0,8069065
0,02552432
-1,402991
-0,2393973
0,9293208
0,7323915
-0,3031847
-0,2906045
-1,004572
-0,4763157
0,5443318
0,1700342
0,4717097
0,1068896
-0,5535718
-0,05746549
0,3413659
0,4117405
-0,0035384
0,866475
0,3280936
-0,7637185
0,03118163
0,3390754
-0,9864708
-0,1183835
-0,3060064
-0,2719611
0,3920215
0,7729621
-0,4997492
-0,1063942
0,9320618
0,4714225
-0,3510162
0,1583332
-0,1172504
-0,1164167
-0,1543419
-0,4950889
0,004609108
1,082613
0,1154443
-0,3311241
-0,5187181
0,7168483
-0,07866138
0,6329709
1,280258
-0,7738735
0,75002
-0,1345305
0,4240063
0,7237414
-0,2145882
0,05764145
0,8453456
-0,8350288
-1,113318
0,0130361
0,001203299
-0,1825224
0,8331475
0,4221584
-1,167994
0,00531891
0,4128327
0,4283695
0,313071
-0,3485792
0,3240281
-1,229528
-0,6924549
0,2856115
0,07317962
-0,1459666
-0,5900368
-0,3626238
0,2686651
-0,1551529
1,163682
2,559131
0,4954479
-0,3502977
-0,1215476
-0,9663043
0,350739
-0,5015256
0,0624859
1,191111
-0,3643696
-0,5329253
0,4831678
0,2318513
-0,1855317
0,2854067
0,7045544
0,8901283
0,03877577
-0,2694485
-0,06099197
0,008162409
0,3389207
0,05983263
0,6538091
0,08809657
-0,2246172
0,7631996
-0,7064429
0,3393773
-0,9140943
-0,2446582
0,782681
-0,6314123
0,3488163
0,05584942
-1,459593
-0,1813678
0,2134963
1,344304
0,5460769
-0,4290654
-0,2203252
-0,7345856
-0,6259873
0,4800214
0,6299859
0,2185592
0,5006973
-1,303536
0,02787429
-0,9041478
1,21639
-0,8259569
-0,9268589
0,5026081
-0,4529409
0,443992
0,54884
-0,6908161
0,8622958
0,3400729
0,2423358
-0,5388539
0,4093608
1,186452
-0,2598457
0,6655689
-0,02289152
0,2716506
-1,544044
1,284864
0,01624557
0,4551952
0,2569333
0,7800526
0,5345376
-0,3686728
0,02103049
0,4772898
0,6559318
0,404508
0,3814963
0,4955441
-0,05598271
-0,00924797
0,4819274
-0,919121
-0,03269917
-0,3238131
-0,1869196
-0,2011471
0,8836871
-0,06552693
-1,35828
-0,4186547
-0,1395879
1,338396
-0,3812652
0,6768914
0,1202912
0,354066
0,4377217
-0,1771958
1,349767
0,3838926
-0,2618048
0,7657987
0,2832597
0,1595691
-0,91038
0,04372483
0,3634423
0,1416224
0,2126215
-0,09775536
-0,3932044
0,4048714
-0,1344042
0,2255985
0,7178409
0,1682486
0,7103485
-0,2280496
-0,4172229
-0,1055691
-0,5495088
-0,5689378
0,0764716
0,7325668
0,2786973
0,05354847
-0,7645251
0,1398805
-0,355013
0,4795472
-0,220913
1,128084
-0,1367096
0,9399248
-0,004263371
0,9829405
-0,3158393
-0,3533949
-0,4392529
0,5984526
-0,1791797
0,6608477
-0,5700968
-0,201853
0,7450513
0,4620458
-0,1182073
0,07413733
0,3264436
0,4516262
0,3002329
0,01963347
0,4330934
-1,035259
0,6823204
0,1928462
-0,6674649
0,9828378
-0,5836486
0,09908313
0,9247999
0,7963647
-0,6388034
-0,9565064
0,1802588
1,079826
0,5934391
0,5277866
-0,3108664
-0,1964048
1,01955
-0,4195712
-0,3827295
-0,3810706
-0,495045
-0,0608256
0,2720754
0,3326328
0,8631364
0,08140481
0,1201231
-1,039904
0,5071646
0,1548533
-0,7264547
0,9125925
0,1801286
-0,9413035
-0,8078515
-0,386751
-0,1249067
-0,9492151
0,4242744
-0,7398126
-0,6883039
-0,2407115
-0,2118813
-0,6827512
1,697037
1,893069
0,2544268
-0,115013
-0,02947688
0,6238326
-0,03603607
0,2031536
1,158939
0,4331539
0,2096561
0,8390832
1,925108
0,7382511
-1,500265
0,3413003
-0,2241289
-0,7822059
0,4013345
-1,137591
0,4099502
-0,03282723
0,3774412
-0,1900964
-0,617645
0,3418275
0,2652917
0,5190086
0,276572
-0,1581933
-0,1726526
-0,2237023
0,2706761
1,080904
-0,2457291
-0,7475224
0,7301322
-0,2063809
0,07300606
0,7294376
0,6320809
0,4364438
-0,1503896
1,83807
-0,1157779
-0,6563575
0,2842575
-1,450319
0,3424848
0,4438927
0,02153265
0,2929507
-0,710328
1,280652
-0,008500606
0,3213862
-0,1121908
0,1647243
0,5980674
-0,2584452
0,2899445
-0,6922399
-0,2997366
0,8898904
-0,1863713
-0,3612937
0,4264116
-0,1129956
-0,1862118
-0,2925028
0,320839
-0,3169693
0,1691313
0,3160433
0,1948863
0,6286247
-0,6701648
0,05850843
0,2992362
-0,2894756
-1,656655
0,09396169
-0,1120412
-0,01957148
-0,4223886
0,2836525
0,2691837
-2,364731
0,5722395
1,180482
-0,9776648
0,7634287
0,7801585
0,008350436
0,5682259
-0,01078957
-0,6038524
0,4698683
-0,08082752
-0,4180056
-1,418941
-0,1578529
0,5735714
-0,2893295
-0,3522578
-0,8088788
0,5046392
0,2045083
0,9411609
-0,74518
0,6077518
-0,7555964
-0,547654
0,6393119
0,2258057
0,1569737
0,5156279
0,1322021
1,214123
0,8790379
0,6079083
-0,3367132
0,2586087
-1,193287
0,06791168
-0,1861204
-0,09322733
0,6141299
0,7100484
-0,14856
-0,4337648
-1,157101
-0,2337644
0,2841566
0,2066553
0,5436951
0,4441217
-0,1345434
-0,6482271
0,3713924
1,061283
0,6034561
1,302397
0,3155416
0,2651457
-0,149134
0,2788066
-0,5379688
-0,358795
-1,510996
-0,3669457
-0,4518208
0,6812692
-0,4242038
-0,08582479
0,253075
0,1283577
-0,3373154
0,2567842
-1,037145
0,1957934
0,1203026
-0,1031213
-0,3983331
-0,4095682
0,6819559
0,1575625
0,6884807
0,4547212
0,7683396
0,7507706
0,2988091
0,862271
-0,9456577
1,041227
0,4458523
-0,7629817
-0,1720426
-0,005965352
-0,2950661
-0,7344947
-0,1905971
-0,7473312
-0,2282436
-0,6886701
1,130174
1,318044
-0,02655405
0,4016345
0,3538625
-0,3286835
-0,9630039
-0,1651703
0,2657679
-0,3308967
-1,31364
0,01535514
0,4415807
0,8366188
-0,733569
1,209887
0,3019077
0,4358312
0,4059748
-0,8606751
0,3317009
-0,669921
0,4127263
0,6300089
-0,02333108
-0,2209876
-0,0004879832
-0,01946664
-1,337603
-0,4648798
0,05103827
0,5657595
0,8813929
0,1870645
0,1424053
-0,5342617
0,9310087
0,1281999
-0,587032
0,4991775
-0,6083516
1,011845
1,318128
-0,01674613
0,7410845
0,8683121
0,2001786
-0,6549676
-0,00164628
0,2885561
0,4321246
-0,6514565
-0,3673521
0,2138851
0,07761991
0,1615265
0,2667968
0,3333656
-0,6219297
-1,411245
-0,1368486
0,9907715
0,7552556
0,06865978
0,8790437
0,5913464
-0,6983398
0,1970311
-0,4722856
0,4143625
-0,6596685
0,8553981
0,4559377
-0,30672
0,3074423
-0,2499047
-0,142815
0,2399282
-0,04483408
0,3682262
-0,4995995
-0,4388616
0,08244067
1,032254
-0,3045533
-0,3463277
0,7180216
1,719209
-0,6548312
0,07217741
-0,3044481
-0,7567546
0,04734932
0,167493
-0,5568801
1,014698
0,5179501
1,511921
-0,8710096
0,8965077
1,303166
-0,2816974
0,8464987
-0,9194515
0,5892716
0,6180899
0,2939821
-0,7735955
0,07548344
-0,7076491
1,170725
-0,5390803
-0,6968751
-0,8007514
1,169371
0,1231282
0,007660925
-0,2646521
-0,3266363
0,4573848
0,1367112
0,125917
-0,3455184
0,2597142
0,8324252
0,6427473
0,2100392
0,8212145
0,07527691
1,472075
-0,4849653
0,1011425
1,121765
0,3379126
1,180127
-0,4186525
0,01595086
0,1730031
0,5511156
0,1902664
0,201615
0,5343879
-0,3995177
0,84012
-0,08933806
0,2994675
0,6493022
-0,9492558
-1,367635
-1,017862
-0,2326282
0,2231224
-0,2098144
-1,564265
-0,2692401
0,5521523
-0,234788
1,284177
0,3620209
-0,5705143
-0,7746059
0,8149488
-0,7868912
-1,086221
-1,180012
0,03872728
0,3758479
-0,292121
0,6286082
0,09855288
0,9738086
0,2472021
0,970899
-0,162802
0,0194889
0,5273258
0,4986889
-0,1326413
0,2036589
-0,2690668
1,29955
0,3365908
-0,3752062
1,084173
-0,1554636
0,9183635
-0,4549985
-0,2961429
-0,6588492
0,6585188
0,4083421
-0,139138
0,5997496
-0,04104835
0,2333301
-0,9363786
-0,3606719
-0,6138741
0,08372521
0,8410531
-0,2670929
0,5371032
0,3402889
0,5610448
0,5443659
-0,206515
0,1291081
0,1017585
0,1344783
-0,8608298
-1,552659
-0,1453406
-0,2792075
0,2585792
-0,8904133
-0,2425605
-1,192386
0,692735
0,7972802
0,3684978
0,7087088
0,5618927
-0,2340192
0,1683191
-1,383739
-0,5824938
0,1689679
-1,092771
-0,2095658
-0,06807595
0,2851025
0,4130808
0,5100906
0,5728287
0,007240117
-0,2916489
-0,01600155
0,1038007
-1,07913
-0,4539425
-0,05489936
-0,5361861
0,4631485
-0,6254629
0,1916286
0,5853049
0,09123981
0,5042524
-0,05345231
-1,625989
0,2310351
-0,4264109
0,2874375
1,390625
-0,563289
-0,1415203
-1,10199
-0,6701593
0,1842682
-1,469373
0,2477992
-1,025028
-0,4598823
0,3512989
1,396872
-0,7114074
1,106039
0,9589599
0,550313
-0,9354978
0,5231394
0,1915681
-0,4329805
1,018147
0,2113038
-0,310723
0,009158999
0,1009923
-0,07243797
0,2403617
-1,13466
0,1006194
-0,03594226
-0,1292579
-0,4214792
0,3882948
0,7693508
1,093816
0,455509
-0,5556423
0,5542449
-1,021014
-0,7317852
-0,734146
0,2240079
-0,2382752
0,1497766
-0,1051773
0,1003157
0,01032674
-0,6759288
-0,7321058
0,2580095
-0,1758755
-0,1671423
0,6027123
-0,2402123
0,04042709
0,7633353
-0,0573612
-0,3100741
-0,4310597
0,1611538
0,8695444
0,04862121
0,07308483
0,4992768
-1,203993
0,6189844
-0,6600636
-1,18921
-0,02007026
-0,4349415
-0,6722679
-1,032976
-0,0394913
0,5460194
1,181542
0,09905583
-0,1166418
0,8165511
0,6367894
0,1099575
-0,1299827
0,7408752
-0,3646452
1,462929
-0,1545131
0,623745
-0,831205
-0,701378
-0,9276423
-0,2484233
1,192715
-0,6937624
-1,195534
-1,165313
-0,1521645
-0,8718649
-0,2589374
0,4738065
-0,6919916
-0,2992527
-0,1497716
0,1342848
0,2063809
2,014644
0,2469079
-0,3853647
1,136508
-0,2209563
-1,286715
0,008550912
0,2406066
0,6631818
-0,2835876
-0,9109169
0,4754884
-0,1418636
0,06126134
-0,02935869
0,2104858
-0,09234412
0,8180368
-0,3262854
0,02987128
0,5514795
0,2786738
0,04380447
0,5889603
-0,2966221
0,5801607
-0,2776574
0,207651
-0,3948452
0,3190182
-0,2605224
-1,698581
0,7148533
0,8338703
0,03461087
0,09811994
-0,08219534
0,2247505
-0,07877606
-0,2097513
-0,5959797
-0,1375336
0,2069249
1,611204
-0,4237155
0,6915615
0,9800878
0,3379475
-0,627122
0,1705021
-0,5871512
-0,3527277
-0,2351099
0,2345675
0,9348072
1,575292
-0,1857708
-0,7869419
-0,01160699
-0,2578559
-0,6386539
0,5872445
0,6653295
-0,02357313
0,5526083
0,4665996
0,4473709
0,8943806
-0,4758227
1,154762
-1,086734
0,8170635
0,1230986
-0,3628505
0,2827244
-0,3838058
0,7239202
-0,40713
0,2862242
-0,4257115
0,4880971
-0,2908922
0,4470271
1,117486
0,4022145
-0,5355405
0,5850111
0,4073118
-0,007710546
0,9166508
-0,09265155
0,09936804
-0,1273835
0,2438559
0,09108001
-0,3331379
0,8729432
0,3664481
0,05388439
1,18275
-0,06812263
-0,06227264
0,2894541
0,5474077
-0,3140572
0,4121431
-0,8580646
-0,3633901
-0,2578101
0,07604688
-0,7745376
0,7001416
-0,03952003
0,4517945
-0,3626069
-0,3844339
0,05198011
-1,387676
-1,01074
-0,5070836
0,4062434
0,7132321
-0,02810313
-0,1163478
-0,7829161
1,035162
0,2353042
-0,6695539
-0,0103144
0,1394401
-0,2844772
-0,5388334
-0,8942741
0,04032296
-0,5076617
-0,0865984
-0,9954672
-0,7029861
0,4691371
0,25217
0,7171963
0,4109919
-0,07062514
-0,05101705
-0,3600985
-0,3875263
0,09753001
-0,5215974
1,322838
1,747449
0,6338683
-0,4343816
0,4624963
0,06811939
-0,4699314
-0,175638
0,4230968
0,800967
0,4059362
1,042297
-0,1974502
0,5601048
0,3743052
0,1232406
-0,2715526
-0,5656666
-0,2442155
0,4164532
0,2113264
0,5136518
0,5075116
1,138989
0,1960768
-0,3299798
0,5070962
0,3381037
0,6026712
1,130977
-1,016595
0,5084109
-0,005511759
0,808161
0,5647295
-0,2279683
0,4035631
-0,620159
0,3222862
-1,036981
-0,6248696
0,8914753
0,3720643
-0,0167847
-0,1551909
0,5366674
-0,6803541
0,139188
-0,2129381
-0,1593632
-0,1114801
-0,1559061
-0,2163631
0,6239187
-0,5439153
0,9574414
-0,1066249
-0,509791
-0,02902779
-0,3091671
-0,5068368
-0,3317039
0,4351529
-0,5465919
-0,7323068
0,2872983
-0,9111287
-0,4557309
0,5098794
-0,3750597
-0,139187
0,4975807
1,05973
-0,5680155
0,9590333
0,0525476
0,3150971
-0,9589081
-0,4253365
-0,1732551
0,3201163
0,1098639
0,1264734
-0,3651527
0,2483796
-0,6846338
-0,03477567
-0,6422675
-0,2921059
1,288489
0,8624579
0,166071
-0,8146527
-1,340208
-0,4131712
0,06148142
-0,07988162
1,338229
-0,31039
-0,6519901
0,6619567
1,704946
-0,90687
0,003860101
0,1819169
-0,5417144
-0,9887728
0,3059715
0,2140504
0,7004117
-1,63905
-0,1097678
-0,4347001
0,174612
-1,19289
0,5840116
0,30373
0,129924
0,632404
1,497037
1,0685
-0,5618268
-0,03333634
0,3449699
-0,2472805
-0,5223738
-0,4002068
0,1298398
0,4615952
-0,1535348
-0,5967546
0,1851923
-0,5128161
-0,1069091
-0,6067817
-0,2530264
0,5581133
0,2272893
-1,662277
0,03520346
0,7568921
-0,1945442
-0,05936173
-0,271797
0,5075582
0,173817
1,712522
-0,6604255
-0,7634256
0,02817914
-1,137238
1,72466
0,2348084
-0,3228453
-0,5982286
0,1570534
0,1426594
0,443611
1,980084
0,6339838
0,08502388
0,5138057
0,2454338
0,5102819
0,5926483
-0,1440569
1,574451
0,2595954
0,1325063
0,4897212
-0,4435425
-0,8243321
-1,195183
0,725657
-0,2684226
0,3814882
-0,7638705
-0,1340936
0,1978428
-0,3918135
-1,428391
1,055207
-0,1742914
-0,02696913
-0,1258442
0,3965144
-0,316949
1,706541
0,534593
-1,03527
-0,8295009
0,4186506
-0,8581667
-0,07792951
-0,7346076
0,2639599
-0,2909694
-0,1524408
-0,02999085
-0,218124
-0,05459756
0,2254478
0,03670695
-1,37765
-1,038633
-0,5212633
-0,9453758
-0,3297162
-0,1753966
-0,6701127
0,4899991
-0,1398143
-0,07150891
-0,7319485
-0,2472942
-0,1999182
0,2319198
-1,382422
-0,6658574
0,6834646
0,05771583
-0,1889701
0,6238286
-0,8118768
0,9653225
0,1844152
0,1275642
1,066361
2,785736
0,07021177
0,1466269
-0,6035941
-0,5829499
0,3153707
-0,1880473
-0,04657435
0,5858198
1,721225
0,09329045
-0,3419425
0,4045473
-1,270347
0,02537072
-0,5947881
-0,1044579
0,4364256
-0,2092995
-0,8901005
0,1473805
0,6844937
-1,690045
-1,175182
0,4632678
-0,9824164
-0,4043271
-0,3277171
1,378815
0,2812647
0,4693152
-1,170048
0,2027969
1,488128
0,1654238
-0,0724937
-0,5362148
-1,207444
-0,4318584
0,288785
-0,2831944
0,4796689
-0,6767817
-0,004202187
-0,9081091
-1,207643
0,5420111
0,6208842
-0,1325038
-0,6663185
0,1583042
0,7176872
0,06565529
-1,30399
0,1541654
-0,9158219
-0,01812416
-1,256063
-1,2478
0,5973291
-0,3755453
0,3272352
1,240763
0,118224
0,003714561
-0,7615438
-0,7096959
-0,1036593
1,237028
-0,3233874
0,05741948
0,4361365
0,3611811
-0,1336617
-0,3490615
-0,5536025
0,7799403
0,0967685
-1,040722
0,08647603
0,109559
0,0007510483
0,002785087
-0,2898366
-0,6609885
-0,5363418
-0,296678
0,4538283
0,443406
-0,2390042
0,2492293
0,6642456
-0,9737578
-0,3206672
0,2388154
-0,1354846
1,064929
-0,1883015
2,151288
-0,8498828
-1,125635
-0,6706726
-1,46179
-0,4473284
-0,2021408
0,1949906
-0,4462814
0,4525326
-0,7159583
0,3660378
0,5767646
0,4791175
-0,2344158
-1,736368
-0,2057137
-0,7747719
-0,4351988
-0,7733213
-0,5661951
0,3672924
0,6495161
0,2697341
0,2746858
-0,4021514
0,2392992
0,3506483
-0,5896619
-0,5120551
-0,3452154
0,2689756
-1,119236
-0,1348321
-0,08757408
-0,1698997
0,1366557
0,07898729
-0,2115833
-0,05515899
-0,5557973
0,71755
0,06134278
0,520866
0,2579534
-0,3263167
0,6560466
0,2630855
1,107418
0,6675647
0,5755222
-0,4003529
-0,3957906
0,3771688
0,02575919
0,7356801
-0,03636801
0,06292966
-0,07347335
0,6433617
0,1877059
-0,5376006
0,1635942
-0,7764153
-0,3911004
-0,5363932
-1,262111
0,2716469
-0,4722062
-0,8822075
-0,3834573
0,4626881
-1,328281
1,128628
-0,9689694
0,2131126
-0,2545211
0,3354595
-0,6531225
0,3017339
-0,58421
0,2875447
0,1251523
-0,3983647
0,1152392
-1,805922
-0,6518913
1,006574
-0,2443883
0,4154592
0,6839837
0,4928571
-0,9441784
-0,7478837
-0,1637374
-1,320463
-0,6685051
0,7983311
-0,2270317
0,3422505
-0,84707
0,4044665
-0,7192065
-0,451413
-0,8474892
0,5397071
1,234103
0,0231895
0,968617
-0,4130273
-1,521207
0,4268898
0,4855761
0,2999344
-0,1310744
0,3561918
0,8997231
0,8405706
0,4436467
0,5407363
0,111285
0,8019943
0,7212697
-0,5511145
0,1136761
-0,8611119
-0,4460158
0,005117789
-0,4508004
0,1924387
-0,5825429
0,7464947
-0,3445817
-0,04863524
0,7330169
0,1765631
0,5541742
-0,3827414
-0,8557757
-0,7417891
-0,1099851
-0,2136577
-0,4142065
0,481095
-0,8679051
0,9374888
0,9942533
-0,6635199
-0,2085062
-0,6211413
-0,3473597
-0,1837228
-0,06158517
-0,5058318
-0,636669
0,1054879
0,1734878
0,4244109
0,2968889
0,2290994
0,5112537
-0,134414
0,1269443
-0,1371195
0,3061588
0,4975395
0,2203294
1,515699
0,4845206
0,4552761
-1,227588
0,09060079
0,9285419
-0,03626662
-0,3363597
-1,174114
-0,4207081
-0,5993109
-0,1936142
-0,3328544
-0,3805975
-0,9044596
-0,3562596
-0,3304886
1,090746
-0,9368618
-0,2191514
0,6059946
-0,2880849
-0,325174
0,6271048
-0,1246156
-0,3716422
-0,5771226
-0,5861565
0,777631
-0,9174684
-0,4355742
-0,9410936
-0,7256558
-1,895536
-1,187066
-0,3539815
0,1810268
0,822003
0,4231416
0,1300043
-0,9811101
-0,1268657
-0,4214326
-0,5946296
0,1221187
0,04062361
0,2052148
0,5469775
0,03019422
-0,5325931
0,3043694
-0,6270707
0,02120316
-0,3298461
-1,443298
0,7131726
-0,1704989
-0,1304613
0,3912666
0,8963456
-0,3005424
-0,1717765
1,608293
0,2708699
0,004183769
1,266724
0,6474218
0,4070895
0,5727659
0,1613188
-0,007401749
0,8837151
-0,3035764
0,08644885
0,4230875
-0,01185548
-0,1211143
-0,113196
-0,8268828
-0,9595034
-0,8613172
0,926096
-0,6324074
-0,3859763
-0,2545909
-0,04656088
0,1711251
-0,5634478
0,6137552
-0,2003247
-0,2817329
-0,07971534
1,236901
1,118522
-0,1261688
1,154607
-0,9506
-1,546439
0,3054868
0,6949123
0,5416407
-0,8285638
0,2597938
-0,29494
0,4849918
-0,5342184
-0,1636087
0,4408404
-1,053939
1,251832
0,8759716
0,6057926
-0,08498184
0,5860195
0,0506157
-0,6830403
-0,9227256
-0,3834225
0,03874052
-0,4915493
0,2611077
0,01246288
-1,95918
-0,7049835
1,690373
0,8851822
0,8039233
0,3831156
0,790917
-0,3368521
0,3960891
0,2004223
-1,292624
0,7146984
0,8919581
0,3830867
1,154538
0,4330919
-0,02467075
-0,3283939
0,6451591
0,7249188
0,201555
0,2107666
0,1470297
-1,015347
-0,07977897
-1,227651
0,3457864
0,4023082
-0,2383524
0,158528
0,02490914
0,5175064
0,6107784
-0,7973998
-0,1305207
0,5805768
-0,3528105
0,9317527
0,584917
0,9956866
0,3777112
-0,3448617
-1,037573
-1,390995
1,084598
0,1037344
0,1604736
0,1864836
-0,7487953
0,5003582
0,4293778
-1,036236
-0,09988238
-0,412378
0,598822
-0,0004051924
-0,2925952
0,1665745
0,8084077
0,3469762
-0,1165083
-0,7846822
0,6992812
0,7914174
0,8031526
-0,4874257
0,6138079
-0,2329699
1,29144
-0,6327408
-0,3792259
-1,591012
0,4559427
1,169707
-0,2106684
-0,1722394
-0,2960888
-0,6081141
0,1905674
0,3640786
-0,2452414
-1,567451
-0,4075367
0,2638889
-0,5078086
-0,8672671
0,2968959
-0,01047337
-0,6314287
-0,4467852
-0,4335739
-0,965613
-0,6143416
0,0350661
-0,2751355
0,2811434
-0,1067964
1,457917
-0,8075536
0,7398676
0,2384772
-1,671612
-0,2685545
-0,08151111
-0,2486058
0,3482819
0,2147573
-0,8108884
-0,2007029
0,186185
0,3214819
1,861671
0,153934
0,7366639
-0,05213556
1,111608
0,4217532
0,1765644
-0,7591021
-0,1138516
-0,2606671
1,25331
0,02181256
1,794085
-0,2152865
0,3607298
-0,4921477
0,8887342
0,2879718
-1,044751
0,8008371
0,6674243
0,4303848
1,007618
-0,2798442
0,8923907
-0,4055063
-0,5252768
-0,3566017
0,5781096
-0,1321264
-0,1842536
0,02727601
-0,6230813
-0,6543323
0,515254
-0,1508201
-0,4791412
-0,2194785
0,6389303
0,05012548
1,035309
0,2212968
-0,1889685
-0,03521752
1,297836
-1,241179
0,3333278
-0,2319549
0,2534326
-0,745878
0,8747945
1,026239
0,7790936
0,4732521
-0,6628244
-0,2157167
-0,1051119
-1,385217
-0,5009243
0,7312564
-0,2594037
0,5984252
-0,7962977
1,090981
0,2202517
0,439693
0,01483369
0,2430039
-1,087432
0,7092671
-0,5163396
0,5917644
-0,2932237
0,1395067
-0,2491527
-0,1313124
-0,544983
0,1804166
-1,708738
0,2715877
0,0126631
0,3843373
-0,6463193
0,07246989
0,8429867
0,5189712
-0,19037
0,4410073
0,6257083
0,09842533
-0,4635494
-0,1105553
0,1306906
-1,250503
-0,4239474
0,9451507
-0,3154914
0,6262047
0,1857259
0,1971566
-0,1241029
-1,450279
-1,493602
0,8666555
0,8750741
-1,062294
0,1267766
0,4795913
0,2088028
-1,210888
1,120077
-0,1825713
0,1232414
-0,8356392
-0,5420177
-0,02623791
-0,4469749
0,4297152
0,02503642
0,2085846
-0,2126807
-0,7408723
1,076251
0,5263855
-0,5803497
0,2730113
0,7402084
-0,5913809
-1,012437
-0,4834788
0,01452073
0,7726777
-0,591155
0,5733802
0,04039723
0,2363076
-0,8962211
0,3364107
0,4614727
0,6489351
-0,9758152
0,516096
0,58948
0,9645066
0,716607
-1,174451
-0,1306233
-0,2810659
-0,8107703
0,212652
0,2734591
0,7890647
0,3869497
0,0264728
0,3468103
0,58217
0,1086913
0,1174179
0,1305392
0,3056558
-0,9051896
1,256678
0,3275181
0,1228111
-2,263498
-0,7760923
-0,1541319
-0,4818428
-0,6802095
-0,6597317
-0,2981574
-1,400901
-0,0841766
1,84401
-0,3655928
-0,5454005
-0,7632236
1,490742
0,3430906
-0,3790436
0,5719093
1,193355
-0,2694265
-0,4337011
1,380278
0,7375689
0,2065653
-0,5461006
-0,6350299
-0,1691111
0,107288
0,1049331
0,06758279
-0,349489
0,4126931
-0,8045539
0,04332633
-1,327183
-1,038081
-0,7280037
1,238203
-0,3437279
-1,37225
-0,7164063
-0,525884
-0,4836223
0,3214111
-0,8877968
0,7266579
-0,4317147
-0,1182863
-0,7843856
-0,1753211
-0,4261584
0,5155169
-0,1775733
-0,004321486
-0,922734
0,1258759
0,1423893
0,5984313
-0,6960093
1,117457
-0,2163054
0,07229416
-0,07508743
0,865873
-0,03425121
0,4682934
-0,2297294
0,9299691
1,486596
0,1000861
1,028012
-0,07156025
-0,1780036
0,024468
-0,7976577
-0,1958296
0,4512097
-0,4658243
0,2560338
-0,9488956
-0,8071219
1,398452
-0,005785614
-0,8938334
-0,2908366
-0,0202893
-0,4114885
0,2123574
-0,5469325
-0,2836812
-0,2786916
-0,3436341
-0,5114897
0,4410982
0,4394029
-1,545262
0,5380566
-0,1091643
-0,2087348
0,5725775
-0,9864995
0,9862642
0,1808638
0,2639731
0,0225051
-0,8142664
0,5430521
1,243945
-0,4892334
-0,8122578
-0,2006725
-0,6981694
-0,5945352
-0,6583658
0,07666576
0,6552621
0,4399678
-0,176383
-0,9866282
0,3344749
0,01447535
0,1538663
1,514296
-0,1941674
-1,178603
0,1852686
-0,5428391
-0,833287
-0,9910239
0,0132466
-0,2578405
-0,157199
-0,5733315
-0,05785549
-0,4400918
0,6782299
0,3360313
0,4526316
0,3385758
-0,08498172
0,7536047
-0,7300763
0,6741879
-0,1876699
0,293537
0,5645804
0,1775282
-0,1106547
-0,2860777
0,3678166
-0,5675723
-0,3362027
0,6820741
-0,574214
0,4763053
-0,07073881
-0,2183018
0,1945107
0,3528047
0,6428767
1,279492
-0,09227073
0,2539635
-0,0429326
-0,712221
-0,3331562
-0,1378099
0,3313265
0,003912747
0,309473
-0,09469622
-0,1185279
0,4645668
-0,07725793
0,9734706
0,8883144
0,3008423
0,4911976
1,125534
-1,186281
0,2521415
1,052547
-0,2339031
0,07390022
-1,127453
-0,3292048
0,4887028
-0,8420804
-0,5282418
0,06012386
0,7011347
0,7054887
-0,9250319
0,3540631
0,8828634
0,1606802
0,3279507
0,2141378
1,129962
0,1081747
-0,7271614
-0,7669071
-0,4849164
0,5265996
0,536485
-0,1575236
0,112783
-0,2631024
-0,09531763
0,460706
-0,5157516
-0,5629737
0,4917151
-0,145009
-0,9882597
-0,6271361
-0,4248512
0,173327
-0,470368
1,417631
0,08034423
0,4978668
0,704928
-0,8671512
-0,3603854
-0,2103835
-0,4840778
-0,6781238
0,2964224
0,1713069
0,0417715
1,125955
-0,4678113
0,449377
-0,9449365
0,08870208
0,3167793
0,243099
-0,2264693
0,2002168
-0,1584424
-0,4632053
0,6461878
-0,7940099
0,073111
-0,2575073
-0,2344865
0,6753868
-0,1504977
0,8606687
0,7363351
0,4151607
-0,3531733
-0,2324411
-1,050465
-0,3825954
-0,14726
0,1069583
-0,7767811
-0,4698786
0,7639225
-0,02060699
-0,1935178
-0,3208068
-0,1917497
1,262064
1,112746
-0,4645536
0,6322289
-0,2379209
-0,2726427
0,9348648
0,4532786
-1,063369
-1,048646
0,5703763
1,303341
-0,629436
0,8060945
1,00108
-0,2621748
-0,6664177
-0,1969549
-0,3884495
0,732819
0,1445417
0,3891965
-0,4698785
-0,1809753
0,6133379
0,7035997
0,2553124
0,1800208
0,2900382
-0,8928117
-0,4361541
-0,2177719
-0,01809272
-0,3968208
-0,1995418
-0,2425797
-0,5660136
0,9886654
0,5458775
0,4001575
-0,2734111
-0,02730247
-0,9499441
-0,7118174
-1,061898
-0,06501549
-0,105262
-0,3447514
-0,3066508
1,116625
-0,2309588
-0,4003586
0,08467984
-0,581046
-1,546402
0,7685899
0,6410775
-0,04709472
-1,692432
-0,8203649
-0,1112279
0,6131242
0,004466772
1,001061
-0,9257734
-0,6429914
1,173947
0,1332873
-0,1763563
-0,3685542
0,7823225
0,6542951
0,1246946
-0,6351268
-0,8704811
0,3078977
1,616564
-0,4546471
-0,3165768
0,4285125
-0,2933484
-0,503213
-0,966565
0,365169
-0,5953681
0,3810445
0,3278765
0,1905059
-0,589246
0,2112704
-0,3847911
-1,039881
0,4765418
0,869758
0,8148932
0,1395144
0,6260659
-0,04704788
0,9845057
0,03302175
-1,086423
-0,6708172
0,04379006
-0,2565868
-1,316483
-0,3038781
-0,3995087
0,2773993
0,1480367
-0,8697239
0,9810184
-0,1580402
0,9645575
-0,6464964
-0,2666461
-0,7179904
-0,909062
-0,580339
-0,4433777
-1,28497
-0,4772254
-0,3787386
-0,4057708
0,370378
0,9030795
0,008964628
0,8431538
-0,06713457
-0,1097305
-0,01502335
-0,2921519
0,2264698
-0,04183447
-0,02114053
0,835946
1,177974
-0,7584525
-0,5854897
-0,2530473
2,120042
0,02261186
-0,3373782
0,02974299
0,4640603
0,1035226
0,7777967
0,411563
0,2294394
0,162986
-1,376365
-2,267062
-0,8450007
-0,2846636
-0,439509
0,1993175
-0,8215648
0,306349
0,2894014
-0,09794787
-0,6896544
0,1957186
-0,3922935
0,7919105
-0,2914841
0,7764304
-0,08277602
-0,124168
1,029513
-0,3789302
1,004724
-0,9028305
0,8534211
0,4702449
1,073275
0,6302062
0,4061592
-0,7112974
0,04424906
0,06595324
0,1862506
-0,2842826
-0,1418033
0,1285583
0,4148139
-0,02071768
-0,5062603
-0,04264808
0,4587265
-0,005769506
-0,2186203
0,2981424
0,2019766
-0,3917078
-0,07549384
0,2445146
-1,346826
-0,07749458
-0,9674718
1,305467
0,2764081
-0,4539051
-0,7256005
0,3254058
0,7851585
-0,175082
0,1107261
0,6959035
-0,6720366
-0,1088714
-1,187059
0,2134778
-0,03019917
-0,1507925
0,41448
-0,7372226
0,3098274
-0,634311
0,9094625
0,3121376
-0,8425814
0,3307394
-0,8548164
-0,4621118
-0,6230955
-0,8923431
0,393907
0,2108758
0,7977486
0,5918632
-0,419343
0,372397
0,7361797
-0,1934248
0,8590536
0,920207
-0,1870689
0,2889227
-0,4644665
-0,3745117
0,3492333
0,5611215
0,07876404
0,3120882
-0,09307291
-0,7090799
-0,2210744
0,04585038
1,019284
0,0697127
-0,8772725
1,080499
0,06085134
0,3127562
0,2698687
0,3661973
0,4702762
-0,106932
0,08691978
-0,2996679
0,5772831
-0,5348173
-0,07120731
-0,5131162
-0,2426376
-0,3879075
-0,1555613
0,2635025
-1,149465
0,8704669
0,2229905
0,4478357
0,06732535
-0,4025884
-1,475256
0,3687393
0,613769
-0,1994874
0,2824151
0,603165
0,451152
0,6459616
1,107948
0,4330537
-1,116825
-0,6434161
0,2499464
-0,1374575
-1,384468
-0,6865245
-0,003252283
0,8059098
-0,3427925
0,2741528
0,03972529
0,257532
0,1102313
-0,02481097
0,7202998
-0,07674772
-1,393498
-1,032994
0,6102064
-0,5621143
-0,1093033
-0,482143
0,2411054
-1,737828
-0,4972163
-0,3374389
1,011692
0,9236466
0,1964289
0,008635879
-1,363852
0,1831974
0,2235288
0,008996606
-0,1088303
0,4409264
-0,4183317
-0,171102
0,677739
-0,1990506
0,1148032
-0,215867
0,8748473
-0,8301413
1,235723
0,1525887
1,240599
0,277421
-0,03674257
-0,2314809
0,2349701
-0,1276899
-0,1390253
-0,01434757
0,5474158
1,117658
-0,6018137
0,01409376
-0,3886389
-0,07135659
-0,2039791
-0,4058695
0,04570553
-0,2335361
0,297511
-1,40857
0,3147963
-0,03574073
-0,5274425
1,663377
1,063884
-0,581305
-0,08480793
-0,8121171
0,08461648
0,5262894
0,1446395
-0,1522546
-0,5482008
1,282864
0,1390851
-0,06532186
0,2367985
-0,07286698
0,1801537
-0,4715374
-0,4566683
-0,5920892
0,2000118
0,09315783
-0,6433461
-0,02010012
0,3895686
-0,4727391
-0,4941519
-0,4023201
0,6596032
-0,04035044
0,3573211
0,628407
0,4323477
-0,2806147
0,9620986
-0,349542
-0,4577077
0,05667323
0,2891761
-0,1668453
0,3946406
-1,601313
0,0899196
0,3535508
-0,7114702
1,397517
-0,6057863
-0,5787241
-0,8325983
-0,09448493
0,392131
-0,2146264
-0,2131675
0,221712
0,8326686
-1,264643
-0,1298155
-0,5876099
-0,4776912
-1,647355
-0,844853
-0,2726956
-0,1020817
0,6789218
-0,3020913
0,2752053
-1,199821
-0,9722278
0,2413206
-0,507753
-0,6585729
0,8012013
-0,890148
-0,8061309
0,6970838
-1,037681
-0,5418563
0,7963424
0,103465
-0,3984275
-0,3283545
0,04492629
-1,072228
1,199595
0,03777736
0,5253935
-0,6338487
1,092783
0,561931
1,095804
-0,2703369
-0,5105458
0,4297269
-0,2416555
-0,2253361
-0,6376107
-0,6231567
1,412096
-1,151441
0,6081115
0,5750249
0,1507367
-0,1835935
-0,5321421
-0,03773084
-0,2358422
0,4320513
0,2987007
0,4273071
-0,20449
1,651353
-0,544089
-0,1960161
-1,045947
-0,3388697
-0,231756
0,8471323
0,5302848
-0,1405981
-1,838536
-0,9436044
0,654164
-0,1337654
-0,3336152
-0,6952114
1,368089
0,009933233
0,1333361
0,2094159
0,5727152
1,040887
-0,1115748
-0,4863864
-0,3858217
0,3710456
-0,2093231
0,6137938
0,7112728
-1,081324
-0,6529292
-0,9730726
0,4205958
-0,06792505
-0,8948953
-0,383431
-1,358567
-1,690616
0,8047456
0,01510629
-0,2667544
-0,5968007
-0,5104647
-1,339299
0,09700894
-0,2026603
-0,1712225
-0,1929095
-0,3592914
-0,6204865
-0,4386073
0,1506124
-0,4436863
0,5912036
1,473273
0,2404954
-0,306906
0,07924591
-0,1847618
-0,6232394
1,073845
0,504819
-1,06469
-0,1995479
-0,05518091
-1,285152
0,6864122
-0,2156701
0,3971536
-0,5644761
0,4823531
0,2555345
-0,116547
0,4053811
0,1748488
0,2042949
-0,2942129
-0,2075489
-0,1686355
0,9003538
0,4472961
-1,481276
0,0144376
0,5616972
0,5453524
-0,3652936
-1,38885
0,3414073
0,1236885
-0,1965911
0,3582936
0,2249264
-0,5896488
0,2485029
-0,2139344
-0,2936968
0,1162861
0,1695272
-0,06702673
-0,3864022
0,5032514
-0,1577784
-0,2470206
0,7913223
0,4152108
0,7235318
-0,9540327
0,7910204
-0,3511512
0,4636538
-0,7583944
0,1368291
0,8445662
0,6914322
0,4538009
-0,4694719
0,6183246
0,1313764
-0,3703917
-0,1491862
-0,1099352
1,248323
0,04865497
0,8215308
0,2464812
-0,2813926
0,29936
1,54377
0,3766581
0,8531984
-0,6524217
-0,788924
0,3942814
-0,3553258
0,8610156
-0,8171597
-0,1023853
-0,8524415
-0,3706648
0,1627762
-0,3415234
-1,321754
0,5651921
0,3040352
0,3156485
0,2187278
0,8973274
0,09268396
0,9725941
0,1322274
0,2607951
-0,5490158
-0,1573019
-0,6753416
0,173736
-0,1173896
0,3928559
0,2905567
-0,5201361
0,9106004
0,8139096
-0,1318425
0,4382772
-0,0083033
-0,972203
-0,4629203
0,5062239
0,7358971
-0,7306578
-0,5660575
-0,1367244
0,1231826
0,5212252
0,1037279
-0,7319777
-0,3473284
0,5989441
0,2305788
-1,492371
-0,4754005
-1,123039
0,6630829
0,2833015
-0,2697984
-0,3874619
0,7533989
-0,5959716
-0,1769614
-0,2624753
0,3731279
-1,040483
0,1333407
0,2244259
0,4063749
0,1674564
-0,6531737
-0,2611742
0,3600465
0,3906583
0,2220464
-0,3240221
-0,9856654
0,5120989
0,3497698
0,4210956
-0,5886971
0,3476851
-0,02774063
-0,4887349
-0,03454742
-1,770583
0,2717552
-0,14486
0,4058045
-0,07052684
-0,6720405
1,131577
0,6803911
-0,5498281
0,2223727
0,1651167
0,8332181
0,5241104
-0,4571965
-0,5722735
1,386351
0,3456547
-1,342624
-0,2083586
1,48288
0,2879466
-0,7422295
-0,2362881
0,5175396
-0,3073743
-0,2445506
0,877379
0,006107897
-0,09976873
-0,3806672
-0,1979755
-0,1375926
-0,2813039
-0,3108369
1,093856
-0,8783284
0,004140168
-0,1826242
-0,5473503
-0,6193103
-0,4380827
0,517985
0,790156
-0,7822844
0,2747188
-0,6671117
-0,6315556
0,4260638
-0,7430587
-0,3158662
-0,4153022
-0,05490774
-0,3431835
-0,578738
-0,279723
-0,1795775
1,49624
-1,15715
0,4122256
0,7261153
0,3650355
-0,679916
-0,05295336
1,577214
-0,2002995
-0,2017736
-0,06467533
0,3613781
0,2247232
1,246251
-0,5666242
-1,032811
-0,2309058
-0,02295291
0,2308472
-0,9002447
-0,6076938
0,6248599
0,2867388
-0,06002393
-0,3589934
-0,2810462
0,4838322
0,2221642
0,5739199
0,1283941
-0,4026762
-0,1251984
0,8603866
0,08834565
-0,4643947
-1,196587
0,711306
-1,235559
-0,02312139
0,3818162
-0,007008567
-0,542576
-0,5260792
0,9583042
-0,5423303
0,166165
0,008337736
0,1609111
-0,05576231
-0,9116161
-0,107416
-0,7816832
-0,9596064
0,5565279
-0,7512841
0,686338
0,409779
1,360808
-0,3491964
0,2173821
-0,5250754
0,8714454
-0,1036012
-0,2484031
0,870674
-0,6781914
-0,3208612
0,08088289
0,1346937
-1,524688
0,4136112
0,1690938
-0,1781123
-0,6087183
-0,2530034
-0,1014246
-0,6362308
-0,3538052
-0,6906913
-1,193001
-0,09513509
-0,664094
-0,1894203
-0,4219004
-1,89178
-0,6494977
1,310928
0,7784483
0,3319722
0,4190763
-0,3829706
0,766824
0,3082511
-1,371958
-0,34608
-0,3947966
-0,4457943
0,3250577
-0,2522928
-0,02341141
-0,5724633
-0,1585675
-0,2497789
-0,2745908
0,2307477
-0,0321674
-0,5451667
-0,1062874
0,5630943
-0,006857757
-0,7340395
0,227796
-0,1554086
-0,9677631
0,011527
0,1297834
-0,1352443
0,1585037
0,09473252
-0,9306034
0,2346027
-0,9544755
0,2678971
-1,048148
0,6269314
0,4195326
0,6371596
-1,999892
0,1430441
0,1792546
-1,080748
-0,4712075
-0,08884372
0,2234179
-0,01585707
-0,724956
-0,8673733
0,0798834
-0,4467944
0,002459884
-0,2667693
-1,022826
-0,2978133
-0,1269851
0,1691702
0,1921959
-0,3619808
1,589818
-0,1194773
-0,3195525
-0,3351085
0,2118458
-0,85368
-1,005057
-1,134409
-0,09907246
-0,5913383
1,010784
0,7633835
0,07207596
0,9876779
-0,2024246
-0,6744898
-1,686382
0,06558412
0,4703425
-0,4157993
-0,181121
-0,3052475
-0,09761114
1,016572
-0,16765
0,0137974
-0,2816643
0,1347754
-1,089217
0,3229544
0,9495749
-0,03901675
-1,118803
-0,04984242
0,1522105
-0,3979382
0,1638091
0,02610035
0,02052605
0,1867496
-0,8621401
-0,1308063
1,291368
-1,335451
0,4195704
-0,1062951
-0,6810504
-0,384472
0,05860303
-0,4254197
0,09293073
-0,2522509
-0,1478614
0,3661888
0,1868717
0,874912
0,8903769
-0,2003139
-0,5848646
-0,2376735
-1,027755
-0,2463167
0,5944217
0,483379
-0,5286788
-0,04088223
0,6143993
-0,1432845
0,2610145
-0,8736047
0,4575862
-0,1233783
-0,5340432
0,911925
1,356358
-0,8110228
0,7217692
-0,4295916
-0,9312922
0,4113907
0,6122329
0,1215412
-0,6411235
1,088305
1,19253
0,1710172
0,2509531
0,04386628
1,521146
-0,4655338
0,8681805
-0,5986093
0,3759875
-0,4637051
0,6762267
-0,6435437
0,8002793
0,4933901
0,242905
0,1791482
-0,404514
-0,9296613
1,028906
0,7738277
0,6529958
-0,132448
0,1652796
-0,3653181
0,8231612
-0,2080234
0,9494279
0,2650592
0,5572807
-0,6528593
-0,4267013
-0,4936966
0,4930319
0,4941424
0,47891
-0,1811024
-0,4254203
-0,1740236
-0,4066572
0,1719984
0,163019
0,4815347
0,05339328
-0,6048326
0,5991758
0,2902513
-0,1773778
-0,0004543816
0,6009318
-0,3507861
1,119986
1,040568
0,7806081
-0,1328635
0,04602376
0,6202447
-0,1215905
-0,2488429
-0,2925361
-0,7157438
0,7962016
-0,4603342
0,6993504
-0,5737607
1,162223
-0,4878397
-0,5588361
0,6382498
-1,400766
0,3807127
-0,02072781
0,4877465
0,8118807
0,2682624
-0,8539901
-0,1956254
-1,318489
0,04082984
0,2439187
-1,168298
-0,4067626
0,07057804
0,0315623
-0,07324815
0,1547207
0,111023
1,541913
0,1069028
1,232547
0,8538817
1,172443
-1,008713
-1,213181
-0,1570371
-0,2180205
-0,3491586
0,9327523
-0,5889732
-0,1446022
0,6326616
-1,124202
-0,9038652
0,1304953
-1,022568
1,204608
-1,357576
0,6665452
-0,5757136
-0,4724339
-0,8246022
0,1611501
0,2112911
-1,442743
0,5458031
-1,271581
-0,7007648
-0,5157002
1,648262
0,7556856
-0,7668185
0,2556635
-0,4006633
0,2116515
0,524249
-0,4115536
-0,7203564
1,555618
-0,8506432
-0,1317568
-0,1807248
0,1252223
0,1919464
-0,8307105
0,002823353
0,1048135
0,472358
1,664669
1,688444
-0,003495127
0,0283519
1,055463
-0,4565329
-0,2743705
0,6623338
-0,6320561
0,2517821
0,3304195
-0,684574
-0,5660282
-0,5207766
-0,8152855
-1,003115
-0,431702
0,3280421
1,179794
-0,5299181
-0,4554376
0,739538
-0,6551508
0,06513493
-0,1867402
-0,1749403
-1,0695
0,7702284
-0,06137899
-0,4178212
-0,3043388
0,4990244
0,2973561
0,003660798
0,4299632
-0,813423
-0,05516976
0,1526636
-0,4788323
-0,2018819
-0,5367569
0,4740287
0,4589015
0,2602006
0,9161018
0,06557947
0,5698465
0,4806519
0,6259748
-1,12559
-1,019609
-0,7251073
-0,1687504
-0,540407
0,9234238
-0,04822817
-0,5839962
-0,2642422
-0,9464576
0,5614157
-0,6133471
0,426857
-0,1728097
0,9945579
-1,091658
0,5948777
-0,3465309
-1,004187
-0,4152294
0,2395593
-0,5731754
0,0894424
1,459559
0,1270053
0,5273846
0,5703635
-0,2061244
1,43592
-1,098258
0,5549976
-0,2414204
0,2888353
-0,4837508
0,5216996
-0,7087415
-0,07385275
-0,9454585
-0,1547194
-0,964432
-0,7355961
-0,5647392
0,2668745
-1,260936
1,381675
0,5374863
0,01427794
-0,4549918
-0,09294268
0,02910131
0,3583224
-1,563069
0,2269489
-0,07755044
-0,3631642
0,7064974
-0,7026434
-0,7101256
-0,9587867
0,04313135
-0,05556838
0,2230273
-0,317475
-0,8020274
0,1397922
-0,2984404
-1,136075
0,2883754
0,4179464
-0,07014292
0,2722336
0,4533738
-0,4077308
0,01497677
0,8435736
-0,5791767
0,5672833
0,01212001
1,334201
-0,1524275
-1,307165
0,4257343
1,364658
-0,2566819
0,4635602
0,6351305
-0,3561415
0,2554341
-1,198983
1,567988
-0,2266135
0,4483666
-0,3817909
-0,2382855
-0,4724597
0,7135167
0,4797935
1,06356
0,05413127
-0,04989642
-0,9773452
0,3035916
0,5623894
-0,1450034
0,2516058
-0,7582639
-0,2587646
0,7094136
0,1822939
-0,4251618
1,19305
-0,2972982
-0,344143
0,3087637
-0,1238688
-0,2560214
0,7854933
-0,367725
0,3552952
0,8305014
-0,5924094
0,5560384
0,9886551
-0,1847456
-0,5446371
-1,275208
0,6839392
-0,1245609
-0,478176
-0,7034639
-1,345173
0,5976962
0,7398107
0,4771977
0,6193576
-0,2670447
0,6004241
-0,1643229
-0,7887813
-0,1812991
0,5224466
-0,6997305
-2,776897
-0,7464405
0,4561667
-0,6468788
1,039856
-0,2600896
0,3657171
-0,6873842
0,1125403
-0,3128063
0,80753
-0,254034
0,1972392
-0,6481613
0,5828868
-0,8037035
-1,026173
0,003747374
0,2741607
-0,3103895
0,2018152
0,595548
0,4420578
0,3798889
0,04762209
-0,7661021
-0,6720939
-0,6921609
0,2628462
-0,1095512
0,290268
-0,09523112
-0,1060703
-0,7404627
0,002515808
0,2063572
-0,1189248
-0,2630075
-0,06128483
-0,649102
0,2299456
0,5938817
0,2555259
0,2250326
-1,178831
0,3810575
-0,1824287
0,8248296
-1,197511
-0,8964885
-0,4571325
0,6309834
0,6321804
-0,3188617
0,01189056
0,2946129
0,6199481
-0,5623719
0,5435661
-0,3783079
-0,2221728
0,01687728
-0,3528635
0,1956951
0,5292896
-0,00345628
0,2754559
-0,5101002
0,1010431
-0,01517519
0,2820066
-0,2218115
0,1006549
-0,358457
0,3201813
0,2149189
-1,246711
-0,2210603
-0,6107884
0,4287721
-0,2413687
-0,35585
-0,6174769
-0,6462273
-1,226837
-0,3075141
-0,03260681
0,4222638
0,4830216
2,066929
0,2647439
0,1676138
-0,1648319
-0,3553767
1,86479
0,6593708
-0,1757925
-0,2495916
0,4772949
-0,7906575
-1,798008
-0,4945162
-0,2475028
-0,1544333
-0,795814
0,08177209
-0,3951035
0,6173156
0,8865751
-1,444466
0,3550298
-0,1592795
0,9453561
0,167995
0,1781597
-1,137987
0,0490111
0,8601716
0,02712708
0,3383256
-0,007496923
0,3607037
-0,3072169
-0,1189417
1,577217
0,1708967
-0,3369584
1,509336
0,2586536
-0,1822993
0,7532681
0,9711932
0,3428311
-0,3433297
0,1606182
-0,4201909
-0,2802059
0,03906052
0,675247
1,037982
-0,06804591
0,2501271
-0,7352993
1,057888
0,6338984
0,2858543
1,110712
-0,11142
0,6969681
-0,1701004
-0,8123271
0,5325665
-0,5259945
0,3181431
0,08205329
0,8397881
-0,3754913
-0,4129283
-0,1245705
0,7974318
0,3003866
0,2687799
0,2041911
-0,4569018
-0,07395627
1,145599
0,06147915
-0,7207399
-0,1258435
-0,6718832
-0,267664
-0,4152428
0,009598434
-0,7009421
0,0561707
-0,7948564
-0,8192096
-0,6206283
0,2078183
2,196853
-0,02260628
-1,163708
-0,0781042
0,2838849
0,483023
-0,2395266
-0,3646987
-0,3623915
-0,05162506
0,005907953
0,6994302
0,6159694
0,0005315542
-1,17266
0,6426367
0,9208724
-0,5080483
-0,9493185
-0,4911792
0,1597943
0,1839171
-0,4535658
0,2877478
-0,6294999
1,339133
-0,5348897
0,2267229
-1,376111
-0,7656835
-0,1421528
0,08284879
0,2946768
0,9228979
0,1329597
-0,05300784
0,5500193
-0,2613022
-0,049779
0,8572513
0,2247022
0,08494076
-0,3252117
0,256003
-0,1010664
1,262767
-0,04722095
-0,2162908
0,7066718
-1,009852
0,1806967
-0,3791589
-0,1822644
-0,6269166
-1,463696
0,07140747
-0,2248641
-0,1504369
-1,639709
0,3614985
-1,449784
-0,7136981
1,067698
1,660499
-0,3898332
0,4980798
0,3078274
-1,162199
-0,3418979
-0,6874956
0,1366018
-0,3364473
-1,131612
0,1220126
0,5300052
-0,3641845
0,0700448
-0,7640916
-1,538111
0,9063615
0,4009479
-0,0290134
-0,9923223
0,6590289
0,8582096
0,968549
-0,8569228
0,6593871
-0,1783673
1,056174
-0,5875632
-0,5483255
-0,03079692
-0,2691123
-0,6089444
-0,5508634
1,011159
1,342316
0,4351018
0,6652325
0,5501127
0,4807706
-0,4810677
-0,6895626
0,624024
0,7901892
0,930302
-0,8858931
0,4913998
-0,4435236
1,657933
0,7788455
0,03532112
-0,6553823
0,5551563
0,05089732
0,2352113
-0,06523228
0,4424877
0,1451634
-0,1536083
0,6725381
0,0537874
0,4145397
0,1126485
-1,040245
-1,463805
0,3875053
0,5540578
-0,1512959
0,3398643
-1,115216
-0,7678649
-0,9852358
0,2679651
0,09622779
0,003180623
1,090488
0,3078632
0,08826999
0,3666528
-1,336782
0,8563009
-0,6874901
0,5290511
0,7429313
-0,6099377
-1,34413
-0,4084254
0,1992595
-1,127137
0,3995634
0,2471276
0,537561
0,984753
-0,1562849
-0,1576897
0,1840654
0,4658592
0,8824604
-0,4055057
0,53812
-0,2495033
0,4140298
-0,3168198
1,153245
-0,2251621
-0,04010743
-0,3476903
0,2405692
0,5610818
0,5027375
-0,1412855
-0,1907125
-0,239341
-0,5385108
-0,7034762
-0,2342598
0,3169277
0,8693401
-1,246126
0,6477731
0,9151798
-1,433096
0,9684502
-0,006976962
0,2756839
-0,5757477
-0,07583867
-0,2840387
-0,5155171
-1,066194
0,6739071
-0,1203374
-0,1873155
2,170344
0,195499
0,2567639
0,9400619
0,6333535
-0,7955154
0,9852849
0,6091191
-0,4891829
0,094047
-0,03766268
-0,1052439
0,07288265
-0,6743512
0,001890391
-0,2893068
-0,5744332
0,9729595
-0,753215
0,8084702
0,2111705
-0,7010348
0,7464173
1,430093
1,373742
0,3165201
0,0005646348
-1,501492
0,8655339
0,0001704097
-1,00328
-1,243948
0,4689789
0,003828228
0,9373413
0,3580039
-0,4288204
0,4713055
-0,3882141
-0,9301931
1,016045
-0,4465218
-1,112536
0,9196557
0,9490972
-0,8657258
0,5775289
0,4451335
0,1733877
-0,6901642
-0,6953154
-0,2666957
-0,4466852
-0,8989435
0,01108807
0,2535751
-0,8882651
0,7444203
-0,1503499
-0,3690693
-0,1838335
-0,636353
-0,1118939
-0,5884987
0,02286658
0,2312755
0,8954481
0,2864261
-1,328263
-0,002622247
0,4262289
0,1984429
0,02740023
1,139058
-0,3164467
-0,4193213
0,2260519
-0,1063621
-0,242881
-1,751235
-1,391995
0,4327004
-0,02003884
-0,02247813
-0,5101147
-0,2387223
-0,2123247
-0,278652
0,298759
0,1675294
0,4447781
0,4088649
1,186522
0,9207176
-0,4533491
-0,7047321
0,01539217
0,2801166
-0,2756243
-0,06960955
0,322904
0,5910757
-0,4451347
-0,3836126
-0,603192
0,6663785
0,2876947
0,08488056
0,391674
-0,2014479
0,9079558
0,09246281
-0,8288822
-0,6966329
-0,3312328
0,6726147
0,2280098
-0,5448555
0,223806
-0,2567006
0,4679999
0,5582945
0,7454901
0,008127153
-0,0950591
-0,1634634
-0,01302041
0,1986967
0,3588042
-0,7288407
-0,0833194
0,09515154
0,1316443
0,8931959
1,182712
-0,3284078
-1,165104
-0,5845661
0,7343206
0,0885129
-1,242991
-0,1698739
2,00958
-0,1867317
-0,636709
-0,6637765
1,172523
1,100072
0,1539655
0,04413472
0,4157116
-0,6568515
0,02857441
-0,2504591
0,06644556
-0,5063769
-0,4722528
1,242855
0,5920297
0,1551304
-0,02337712
0,6053513
-0,4753783
0,9359644
0,4540378
-0,2593888
-0,138045
-0,4558778
-1,727613
0,1055511
0,2933824
-0,1642956
0,2770628
-1,579668
-0,2951619
0,04981865
-0,290226
0,1278193
0,1207121
0,1258457
0,3919085
0,1460991
-0,01698923
0,0425213
-0,4031402
-0,9908288
0,7445195
0,6777937
-0,2583117
-1,499957
0,6545641
0,4240889
1,130914
-0,5279373
1,315091
-0,2066346
0,09537417
-0,05159819
-0,5376825
0,3480563
-1,324376
-0,3161922
-0,8496087
0,6708725
-0,5223242
-0,629355
0,3486803
0,7219874
-0,02929711
0,7216298
-0,04530588
-0,4700735
0,8474137
0,2154476
-0,3012286
-0,2840366
-0,894444
0,3723051
0,254934
-0,8447795
-0,1700204
1,4778
0,7629434
0,5613084
-1,528316
0,301666
-0,246676
0,601062
1,393776
-0,596196
-0,04142772
0,1383172
0,3561692
-0,3049839
-0,3768643
-0,1098326
0,2602222
1,198042
-0,6940396
-0,8729502
-1,208045
1,098287
-0,103801
-0,3098024
-0,03212094
0,8426784
7,212162E-05
-0,1697625
-0,002756715
-0,7562596
-0,4858002
0,04702556
-0,00350377
-0,6999754
-0,1073723
-0,5644143
0,5948846
1,192849
-0,4492974
-0,5691026
-0,003491417
0,1022802
0,2309673
-0,4963401
-0,08037809
0,8820934
0,6715084
-0,01276466
0,7051393
-0,6033007
0,3522488
0,307241
-0,2558322
0,03383136
-0,2421425
0,4149406
-0,3776485
-0,269059
-0,3601487
0,6423466
-0,6779428
0,472454
-0,1069143
-0,1797769
-0,7522483
0,4182569
-0,5048149
-0,07812198
0,5575424
-0,06953804
0,6328179
0,2640747
-0,1914855
0,8277231
-0,1782614
-0,692315
-0,05896997
0,6169084
-0,001965553
-0,7834466
0,1144967
0,08077645
-0,9720367
0,2878051
-0,884505
0,4131469
0,117712
0,3344158
-0,135736
0,5849559
0,2452929
0,3866484
-0,2964018
0,05205604
-0,003688276
0,9210171
-0,1684507
0,6933012
-0,3528365
-0,6513442
0,7378469
-1,118573
-0,5079245
1,821306
-0,04887247
1,149854
0,8051689
0,1679228
0,6883834
-1,137748
-0,8138829
-0,2655332
-0,8843167
1,557155
-0,08095996
-0,5958194
0,1588262
-0,1215059
0,05855852
0,4169513
0,1491516
-0,5058693
-0,3433943
0,2347156
-0,8548635
0,4858983
-0,5913826
-0,05822809
-0,3288386
0,1814221
-0,1046
0,1230527
-0,8205588
0,5306158
0,1466918
0,3377086
0,1428426
-0,5926362
-0,1471068
0,2065426
0,7569922
0,7821622
-0,2863857
-1,34623
0,5935054
-0,3971859
0,7149192
0,3479609
0,1980852
-0,7017738
-0,2485003
0,7107469
0,7512664
-0,4395133
0,3368115
1,125045
0,291591
-0,3927805
-0,08624983
1,129512
-0,2084511
-0,2197733
-0,1525291
-0,4391447
0,2556028
-0,5830747
0,6367864
0,03640263
-0,9062639
0,1519365
-0,642957
0,7532682
1,234355
-0,5495921
-0,7005135
-0,4513011
-0,4230282
0,7187641
1,76629
1,612082
0,7379853
0,151053
-0,1517534
0,1896022
0,6292487
-0,217151
0,1036224
-0,7682191
0,3595743
-1,559165
-0,02711385
-0,3031106
0,7157628
0,2246442
0,3069342
-0,05085021
-0,06838855
-0,1199309
0,2231078
0,505596
-0,2254315
0,883339
0,8694037
0,3171183
-1,091339
0,03710261
0,2684577
1,725075
0,4686986
-0,8130876
-0,780288
-0,3345139
-1,087326
-0,6857262
-0,06963886
-0,5930877
1,102751
0,3928632
-0,1313955
-1,08928
-0,03095275
0,2332702
0,3155617
-0,1279572
0,6170815
0,9250736
-0,2193256
-0,2349864
0,3892851
-1,216786
-0,6726865
0,1880147
1,052399
0,5538604
0,5619911
-0,9635434
0,4913387
-0,2970948
-0,5986544
-0,04432949
0,2693453
-0,4542604
0,0105184
-0,2797224
0,7501643
0,4766607
1,851701
0,8359258
-0,5733017
0,7557297
0,5967262
0,4435704
0,1125865
0,5961657
-0,6321397
-1,293669
-0,6502093
-0,5483066
1,333159
0,4152768
0,2899156
-1,262102
-0,3749638
-0,5674043
0,5075662
-0,2089286
-0,07925874
0,6712416
-0,9648716
0,384389
0,2495362
0,3853524
-0,3739046
-0,6273174
0,1859358
1,050055
0,1895869
-1,115892
0,4062432
-0,195383
0,7042983
-0,5477437
-0,1892067
-0,9181595
-0,009098947
0,2268336
0,2809508
0,7465371
0,1081449
0,4138027
-0,09406883
-0,5046807
-0,7566727
0,174967
-0,2441232
0,4547357
0,7142686
0,1382187
-0,1938162
0,9700017
-0,1132815
0,8546748
0,6323917
-0,632753
-0,2240569
-1,155169
0,3480074
-1,419954
0,3201346
0,9051049
-0,1956884
-0,3871547
-0,7663147
-0,7698281
0,3343259
0,6285737
-0,4764327
-0,5779229
0,0129602
-0,800083
-0,7832686
0,1774302
0,3535686
-1,51757
-0,1355706
0,1263847
0,4344649
-0,9863955
-0,07516593
0,9727539
1,274685
-0,1365194
-0,0170753
0,05773616
0,8048716
0,4541018
0,07687217
-0,9043666
-0,8501227
-0,2996836
-0,3071666
1,069758
1,022301
-0,0179221
-0,4991848
0,7020164
0,2910058
-0,4960308
0,01860952
0,06703591
0,8065564
-0,4913216
-0,6360779
-0,2340803
0,06464612
1,785341
0,007707596
-0,8608305
0,2050619
-0,5168563
-0,2957115
-0,1948293
0,07671419
-0,1269564
-0,4804815
-0,4894389
-0,7670821
-0,6293811
-0,1918375
-0,2915513
0,1327552
-0,8689364
0,4717875
0,5591733
-0,5344329
0,07875234
-0,4260236
0,6080853
0,2070031
0,7701159
0,5620815
-0,07056399
1,450361
0,1723875
0,9102779
-0,2321534
-0,6528178
0,1655164
0,2995476
-0,006251395
-0,729277
-0,8381269
0,3383599
-0,8057141
-0,1612639
0,4745563
-0,3713574
1,399523
-1,140862
0,6870178
1,478419
-0,5099875
-0,9056176
-0,2969304
-0,470457
-0,8567503
-0,015513
-0,4938368
0,1141655
-0,2478831
0,3890982
-0,1234098
0,2282651
0,004419804
-0,5103544
0,1414501
-1,122933
1,120677
-0,3911308
-0,6789445
0,5357487
-0,06278616
0,5461065
-0,3303834
-0,1643746
0,7028195
-1,182338
0,9912173
-1,219153
0,9404352
-0,7161722
-1,004538
0,5064531
0,6639016
-0,1621867
-0,6061232
-0,8070338
-0,6209774
-0,9918033
-0,1642078
0,07480627
0,04457697
-0,1052241
-0,5230948
0,4173928
-0,2353638
0,3172073
-0,05845565
0,5394738
-1,062809
0,06072348
0,3925275
-0,5285636
-0,5448544
0,1520605
0,002519116
0,08165312
0,6214983
0,412987
0,5333041
-0,07681587
-0,4968888
-0,5348241
1,493697
0,07747722
-0,04155551
-0,00828141
0,1372264
0,2922294
0,4532822
-0,1451371
0,5041999
-1,243858
0,2180529
-0,6264118
0,3346021
-0,48236
0,8141765
-0,4168689
-0,9226108
-0,09079558
-0,9210937
-0,1746807
0,42252
-0,9136625
-1,626456
-0,4684672
0,4178389
0,6013474
0,5477812
-0,8001065
-1,052703
-0,453741
-1,678468
-1,119847
0,08611333
-0,06772393
-0,4592108
0,2100685
-0,9609259
0,6875337
-0,003653407
1,264277
0,5154722
0,7225844
-0,3666626
-0,3922081
-0,04395239
0,7794381
-0,4227582
0,3095025
-0,01807159
-0,8320166
-0,7954889
0,5037122
0,1942096
0,6075929
0,5059713
-1,107188
0,1577824
-0,3197263
0,7081323
-0,4768848
-0,7247461
0,1065203
0,2258728
0,1074941
-0,1900255
0,3891884
0,1366988
1,134169
1,180466
0,12064
0,8941631
-0,3389437
-1,054396
0,1002408
0,6520935
-0,6970364
-0,01896769
-0,3808279
-0,3943205
0,6708589
-0,2600888
0,01810096
-0,02392143
0,6727768
-0,07561839
0,1207648
-0,5716348
0,03520012
1,148243
-1,076135
-0,154307
0,963433
-0,3155864
0,5207244
-0,2355576
-0,4255455
0,485799
0,4442101
-0,04772981
-0,5024244
-0,8591766
0,7090906
-0,2358742
0,01445807
-0,2284188
1,072379
-0,4834884
-1,272035
-0,3588158
0,2673375
-0,3391855
-1,708618
0,1664438
0,1279582
0,0476993
0,2819539
0,3971686
0,2150843
-0,7192117
-0,9240485
-0,3576819
0,0824216
0,0808859
-0,5602504
0,2111104
0,8662696
-0,449172
0,2725197
-0,6877751
0,3026723
-0,8605944
0,7761592
-1,099528
0,09019965
0,2371858
-0,4069721
1,452143
0,6634815
0,9906855
-1,669263
-0,4069779
-0,5983884
-1,055392
0,3309269
0,6689796
-0,3924121
-0,4180943
-0,08986244
-0,2985982
-0,6149534
-0,5868056
0,8717004
-0,09736252
1,137409
0,438907
0,368414
-0,5626307
0,1269495
0,3510753
-0,3953295
-0,3404412
-0,3735901
0,4233778
-0,2298384
0,8148838
-0,4663867
-0,761776
-0,1645991
0,3416901
0,09561187
-1,119724
0,3323925
0,01087767
0,3833253
0,2811312
-1,089498
-0,2510064
-0,143401
0,4373699
0,7412868
0,03609246
1,01433
0,3299585
0,3909709
-0,2792339
-0,1732261
-0,2738473
-0,8923475
-1,146201
-0,2782046
0,295458
0,5898011
-0,5176117
-1,679782
0,2374211
0,7077272
-0,1338928
-0,2266448
-0,5413606
-0,3971919
0,1010211
0,9007567
-0,4874604
-0,1564021
0,02650994
0,04722768
0,08866805
0,9885491
-1,276417
-0,3093468
0,5660923
0,1843355
0,5020403
-0,04232074
0,03087765
0,7596595
-0,305735
-0,4071114
0,9247991
-0,6728953
-0,7198618
-0,1707717
0,5202525
-0,5800831
0,211618
-0,2902125
-0,23842
-0,2522708
0,7679179
-0,5089515
-0,3135564
0,5419266
0,6792541
0,4087486
0,1396076
-0,3266426
-0,3398499
0,2439176
-0,02122083
-0,693241
0,8993773
-0,4631772
-0,2030159
0,2431842
0,6405779
-0,4601091
-2,129376E-05
-0,4058393
-0,07209252
0,6653252
-0,8928437
-0,5245112
0,02971929
0,7871854
-0,8776386
0,422267
0,3219901
1,363878
0,1804712
0,01699452
-1,021389
-0,01064395
-0,6752915
0,8947169
-0,6638265
-0,1856543
-0,03438827
-0,203079
-0,02777261
-0,0909822
0,1818001
-1,294902
-0,7452014
-0,2720771
-0,4962798
1,301598
-1,697411
0,009315073
-0,1149901
0,1656627
-0,3530707
-0,3673534
-0,4390353
-0,3824286
0,264533
0,226284
0,888635
-0,1383565
-0,2647634
1,077839
0,6117719
0,1250396
1,025496
-0,2564515
0,2804909
1,158919
-0,1155243
-0,3726585
0,3424304
0,07584763
0,5183007
0,7068374
0,653466
0,05475608
-0,9064603
-0,35976
-0,2306485
0,769156
0,3648077
-0,873738
-0,1209534
-0,3976718
-0,1129485
-0,995544
0,1943718
-0,03462346
-0,4026583
-1,632611
-0,7693054
0,756563
0,2601542
-0,346947
-0,4481896
-0,5642223
-0,895615
0,04936963
0,3737713
-0,1615469
0,5420476
-1,117601
0,2013809
0,6747538
-0,2786951
-0,1077423
0,8373414
0,7148106
-0,1834962
0,5331869
0,4899066
-0,6784239
-0,01834187
-0,4724756
-0,06261243
0,8595642
-0,297168
-0,3063716
0,1163171
0,3365803
-0,7081306
0,1333634
0,6081891
-0,3074877
0,8119876
-0,7788258
-0,02234927
0,8440188
-1,484327
-0,6131288
0,8474226
-0,2763299
0,2658186
1,108332
-1,10903
-0,1738722
-0,1651488
0,6072068
0,6214079
-0,3048126
-0,1436185
0,2947798
-0,02821356
-0,1367654
0,5611428
-0,4111208
0,5726269
1,337758
0,9519156
-0,5158126
-0,4339994
0,006893273
1,147702
-0,09714526
-0,4254137
0,3786084
0,1289179
0,5302328
-0,5770952
0,1006195
-0,4007242
0,4353535
-0,2792518
0,244786
-0,8016734
0,6860019
-0,2444176
0,2655398
-0,1112529
-0,6380277
-0,009241208
-0,1332849
-0,130598
-1,18312
-0,7900894
-0,4931821
0,2101565
0,4949216
-0,6428533
-0,6116236
-0,4481797
1,645743
1,131288
-1,352523
-0,3866723
0,3611541
-1,066332
0,5624685
0,4549396
-0,05967796
0,8178195
-0,4827747
-0,4013542
0,6758521
0,2897912
-0,8203694
0,2559098
-0,4598061
0,5976683
-0,01217754
0,2711811
1,1303
-0,8026979
-0,324415
0,7405549
0,2249426
-0,6876286
1,110937
0,4341246
1,031006
0,3792581
0,09456831
0,8014855
-0,5310544
0,9094182
-0,7667367
0,2633129
0,38179
0,791639
0,148939
-0,7163996
1,031844
-0,3888564
-0,4266531
-0,1651596
0,3497208
0,2467348
0,7275085
-0,6965182
-0,4974058
0,5746211
-0,4981888
0,1757242
-0,3130801
0,1333297
-0,6457409
-0,06363988
0,6509154
-0,07917929
0,351363
1,481832
0,7334145
0,1228074
0,7319868
-0,9267408
-0,427699
-1,227782
-1,459361
1,818839
-0,102507
-0,5515518
-0,1084033
-0,1284967
0,1061872
0,6170209
-0,7342529
0,49998
0,2850767
-0,3801258
0,4835044
0,9351976
-0,09001121
-0,3546183
0,5168396
-0,7548515
-0,4581015
-0,3902513
-0,5712379
-1,04622
-0,5781713
-0,496306
-0,3941093
0,4475027
-0,1423913
-0,01479399
-0,1963996
-0,8466674
0,06702536
0,6546828
2,787187
0,2836584
0,3613698
-0,08837746
-0,1587787
0,04640913
0,005352736
0,478941
-0,5424512
0,1018472
-0,008547068
-1,211589
0,9112193
1,299083
0,1087039
-1,22421
-0,1984496
-1,628538
-0,6910535
-1,039155
0,2191091
-0,08848733
0,7787052
0,3510985
-1,156658
0,0420469
0,04972085
0,7313564
-0,01183483
-0,8460276
-0,3134072
-0,4751216
-1,189123
1,359341
0,1296803
-0,2188109
0,2962067
-0,5109261
-0,3265617
-0,3553494
-0,06405616
-0,6492163
-0,06279697
-0,386684
0,9114482
-0,3713089
-0,02782336
0,1718716
1,14724
-0,2643035
0,2509832
-0,1137564
0,02633144
0,1754184
0,08747968
-0,07172011
-0,5637937
-0,09600906
0,5100382
-0,05349419
-0,856741
-0,4678437
-0,4619097
0,4140542
-1,091963
1,667436
-1,205334
0,229068
0,8130735
-0,4997801
0,2232059
-1,424762
1,185994
-0,9826847
-0,1143475
-0,05698277
1,017685
-0,3597359
-0,4136631
0,9531029
-0,1501023
-0,7534053
0,2200168
0,2998112
-1,139687
-0,02343643
0,06203451
0,1024764
0,7564829
-0,2594504
-0,9011166
-0,4774902
0,1578308
0,2691528
0,3465207
-0,279031
-0,2368881
-1,59858
1,071225
-0,05198836
0,1054929
0,473897
0,08050667
-0,5351495
-0,6112502
-1,05739
0,2108631
-0,3679116
-0,2012942
-0,04702586
-0,02126844
-0,3536683
0,3248833
-0,2236757
-0,4328866
0,3941079
-0,01763445
-0,7335203
0,144946
-0,9236804
1,495296
0,2480921
0,03598768
0,1312715
-0,4024987
-0,6195652
0,01437338
0,4275041
0,1904946
0,6271852
0,3938006
0,125964
-0,07926386
1,649304
0,09462073
-0,6722605
1,140028
0,3183699
-0,1834249
0,1118228
0,06873512
-0,07341667
0,5045941
0,2209384
0,154417
-0,9536698
0,2393798
0,5692168
0,7266226
0,1203177
-0,460733
-0,3799949
-1,321325
-0,6199623
-0,1066232
0,1592242
-1,379762
0,7374034
0,2074668
-0,0178344
-1,476458
0,2581968
0,2515952
0,3323976
0,1599637
0,5728174
-0,284032
0,06814885
-0,5567464
-1,14064
0,9399563
1,294476
0,962674
0,08269702
0,3809167
-0,4141033
-0,04754049
0,01878734
1,337403
1,365915
-0,3584086
-0,7060731
0,901383
-0,2692066
-0,1879848
0,823902
0,2643268
-0,009813011
0,2551867
-1,956394
0,3036319
1,510996
-0,5433803
1,17642
-0,4119961
0,3167471
-0,3257728
-0,04592621
-0,9697602
0,05337608
0,2566952
-0,7279928
0,3927251
-0,07160096
0,4362677
0,2206833
0,3792417
1,560586
0,2945812
0,1650266
0,2628636
0,3903407
1,631949
-0,07548118
0,6342307
-1,247625
1,086836
-0,3263611
0,3098229
0,7888172
0,6736885
0,255563
-0,6739761
-0,1238551
0,2892869
-0,2513933
-0,6283466
0,02880681
1,704003
-0,09993535
-0,9692916
1,153795
0,3133757
-0,7175911
-0,5188664
-0,1099412
-0,149932
-0,01045936
-0,2512337
0,8383594
0,1839764
0,9342003
0,9624636
0,8265297
-0,6304342
1,096454
1,104793
0,05941677
0,8069249
-1,72737
1,175844
-1,4803
0,03712936
0,7173204
0,4847394
0,2283014
-0,1605241
0,1623469
0,8953843
0,2600834
0,03421146
-0,7825108
0,9224525
-1,059048
0,3273063
-0,09566331
-0,7918307
-0,6499174
1,019995
1,436139
-0,8623527
-0,02542382
0,5368301
0,4098419
0,4344171
-0,1908794
0,3379474
-0,6578963
-0,8653969
0,4846021
0,1182733
0,1652464
0,6603246
-0,2897538
-0,1376584
1,068188
-1,16997
1,140992
-0,1438325
0,5156822
-0,1918392
-0,1939988
0,6059868
0,2193037
-0,264402
-0,03922427
0,2878797
-0,1002355
0,4102416
-0,3121312
0,3825439
-0,4632472
-0,3997113
-0,8608796
0,6084195
-0,4483913
0,5527167
-0,9084116
-0,5118494
-0,5658858
-0,8227843
0,2205029
-0,4947819
-0,1623909
-0,410291
-0,1371187
0,7129376
0,8788725
-0,09854305
1,095421
-0,2956433
0,2929596
-0,09933925
0,3452528
-0,5324728
-0,4748738
0,8066669
-0,9347376
0,5295516
0,2339303
0,03103817
0,760299
0,01512137
-0,8319165
0,6648014
0,5443816
0,8381243
0,7051291
0,1233622
-1,421698
0,4968501
-0,1972548
-0,2749056
-0,5784002
0,0745417
-0,3968858
0,6862658
0,2057685
0,4563295
0,9559543
0,5185454
-0,6163772
-0,945283
0,008860767
-0,510648
0,7983175
0,3330738
0,5845602
0,5546455
0,5973694
0,4100654
0,1722757
-0,2445279
-0,3865297
0,1564796
-0,2759109
0,3441694
0,4518209
0,5167168
-0,1436409
0,4922571
-0,5887337
-0,5418081
-0,06881487
0,5288375
0,9809118
-0,3726615
-0,7312129
-0,2519022
-1,371334
-0,01347974
1,732292
-0,02059352
0,3694582
0,326606
0,2873791
0,4246371
-0,5626765
0,6816806
0,7863712
0,9346766
0,07874642
-0,6262177
0,6160349
-0,9358498
-0,6899093
-0,6083847
-0,8757496
-0,2494773
0,3070107
0,5315481
-0,5633022
0,8309766
0,4742807
0,09388201
-0,5345451
-1,088806
-0,404683
0,00895153
0,6406777
-0,07829954
0,06894642
-1,399851
0,02127212
-0,02158721
-0,4698831
0,6320612
0,1229181
0,152993
-0,3731726
0,4988594
0,8235165
0,9722919
1,360642
-0,1473374
0,06384051
0,3909243
0,7840655
0,03781343
-0,2012381
-1,521938
-0,9798048
-0,6640771
1,09955
-0,0965001
-1,121252
0,1593072
-0,4898835
0,6192762
-0,3073568
0,3091149
-0,4633608
0,1404733
-0,2388098
-0,3243255
-0,5570492
0,5016506
0,7858418
-0,3547238
0,4811509
0,7109402
0,972326
-0,2499349
0,6903611
-0,7453051
0,2758809
0,1236276
-0,7535771
0,4040015
-0,4742945
0,378205
0,8275198
-0,1799096
-0,465062
0,5528362
0,701641
0,038252
-0,5025064
0,1374079
0,7533659
-0,162626
0,157084
-0,5817325
0,296626
0,1555176
-0,05558419
0,004622221
-0,1906308
0,2893003
0,1076217
0,04311332
0,7061127
0,8672647
0,5758061
-0,759901
-0,7736585
0,170928
-0,9402311
-0,6923034
-0,6791912
0,5428615
-1,197951
-1,434518
-0,6489056
0,1030226
-0,4254466
0,5045218
0,5634149
-1,491241
0,1556377
0,1926422
-0,3824294
0,4278152
-0,6501669
-0,5437027
-0,1792815
0,9131581
-0,1608182
-0,3193761
-0,3092548
-0,3513505
0,2929181
-0,9483631
-0,5433714
-0,03011964
0,3446266
-0,02359487
0,1850456
-0,8115162
0,911559
0,3751467
0,231997
-0,2664876
-0,2717
0,3344711
-1,327994
-0,2962711
-0,1663858
-0,09228428
0,5463517
0,6634983
0,984048
-0,001579225
0,5490799
-0,2626924
0,01187927
0,5320293
0,4255841
0,6031981
0,7360169
0,5004668
0,07043426
0,3438774
0,6002086
0,1288486
-0,4435174
0,5811281
-0,7864032
0,1099184
0,3699673
0,2969061
0,4612796
-0,2626765
-0,9711732
-1,014207
0,2424285
1,029924
1,104364
-0,05229238
0,6743926
0,5546805
-0,5627146
-0,003445685
-0,305716
0,05652207
-0,1213494
0,6200963
0,5261418
-0,5153127
0,04030141
0,07355133
-0,2606612
-0,08240354
0,06239256
0,8991113
1,250927
0,6509071
0,05536282
0,2859894
-0,1418777
0,6544235
0,004747942
1,727598
-0,04194792
-0,2131087
0,3500725
-0,07682705
-0,5852925
-0,4818224
-0,004035652
0,5126677
0,579535
-0,6669341
-0,6700325
0,2706693
0,6180356
-0,4408137
-0,08890742
-0,6222032
0,5626
-0,3128961
0,1813915
0,7735894
0,5659653
-0,3269797
-0,3378408
-0,6491909
0,272296
0,3618422
-0,02393782
-0,4013688
-0,2987194
0,4636662
-0,6505187
1,678017
-0,0464717
0,357769
0,8484795
0,4102388
-0,1991117
-0,2673264
0,2925761
-0,2692498
0,652136
0,1014481
-0,2768143
-0,5501699
-0,5514538
0,3540919
0,5644017
0,159681
1,043645
0,4993663
-0,149693
-0,8999435
0,6466016
0,2732288
-0,406091
-0,2777656
-1,350589
-1,096331
0,1856281
-0,7322932
0,5465913
-0,4645909
0,3798663
0,6989421
-0,02921835
0,4511245
0,5475483
0,1784909
-0,6828896
0,6991754
-0,5635716
-0,1419386
-0,9195511
0,5274364
0,5117605
-0,5991212
0,1273868
1,537941
0,3101833
0,3566079
0,742382
0,3064474
-0,3586786
0,9286909
0,4935182
-0,5223889
-0,3022041
0,1065733
0,7578638
0,03817412
-1,056046
0,1264147
0,6564512
0,04695532
-0,2324061
-0,1159949
-0,04354453
-0,07989979
0,3581902
-0,2862743
1,268638
0,05832158
-0,165054
0,1644967
-0,4103534
-0,5831145
1,075283
0,3293643
-0,7068461
0,1275778
-0,5628004
-0,6317971
-0,4688648
0,3568672
0,6045982
0,2207646
0,7175823
0,2328249
0,596973
0,7065921
0,07163286
-0,1225796
-0,3922692
0,7048175
0,1568931
-0,9461434
-0,2420278
-0,2228735
-0,03475808
0,3825992
-1,49445
-1,134676
0,3539521
-0,515462
0,1672058
-0,8143415
0,02920437
-0,08290094
-0,2569697
1,077262
-0,8395998
-1,124888
0,2033912
-0,5066423
-0,3547875
-0,4948869
0,09756565
0,7158668
0,07596166
-1,137094
-0,1780252
0,1994619
0,12361
-1,425078
-0,9223905
-0,004156396
-0,5365125
-0,5514986
0,04067904
-0,4730421
-0,105412
0,3241335
-0,7814937
-0,1204287
-0,5532557
0,3436732
1,080166
-0,663529
-0,3266149
-0,91123
-0,4551302
-0,9362532
-0,7354589
0,707208
-0,1991389
0,1309208
0,3362539
-0,08209065
-0,6922386
-0,405144
-0,1703826
0,5607367
-0,227098
-0,03178161
-1,089043
-0,7895551
-0,4464879
0,3612975
0,6391802
-1,044597
-1,709025
-0,3462034
-0,3054232
-0,7742126
-0,8835475
1,046225
-0,5992734
-0,9084835
0,4859786
-0,1685303
0,1534135
0,3875156
-0,3519976
0,4144051
0,8767846
0,2832028
0,158355
-0,8859907
0,7186836
0,4754964
0,4184981
0,4451524
0,2909611
0,164502
-0,2556548
-0,3661949
-0,8349493
0,107623
-0,4022209
-0,3551978
-0,3978811
0,03496969
-1,385081
-0,4188877
-0,3885446
-0,8469038
-0,135026
-1,009676
-0,7212498
-0,4664549
-0,1264163
-0,06541866
-0,1354048
-0,01362556
-0,1240096
-0,1222157
0,1568935
-0,2943631
0,7884887
-0,4131046
0,9045151
0,236811
0,08639128
-0,6056378
0,2362278
-0,5912858
-1,140324
-0,08836895
-0,1384353
-0,2010512
-0,9797415
0,4150324
-0,3886043
-0,1074705
-0,1524493
-0,4513385
-0,3120118
0,411864
-0,7763415
-0,1900156
0,2265394
-1,937006
0,1472419
0,9912065
0,4002565
-0,8218514
-0,04686642
0,7239206
-0,4002824
-0,09214929
-0,2924598
0,6977735
0,09820098
0,4684559
0,7740735
-0,8102128
0,255853
-1,895395
-0,7861453
-0,08346653
-0,6028467
0,462863
-0,1574946
-0,697045
-0,09521961
-0,1751524
-0,4924967
0,1862408
0,9781455
1,109167
-0,08674045
-0,7142742
0,05337623
-0,8372526
-0,70411
0,8956804
0,8385388
-0,9426382
0,001186281
-0,6963577
-0,8057388
0,1878663
-0,1526662
-0,6318225
-0,9529284
0,7525133
1,238524
-0,9294838
0,3819438
-1,027962
-0,5951799
1,064325
0,4117774
0,2593365
-1,118148
0,1456145
-0,5141084
0,4212222
-0,1897124
-1,266254
0,948764
0,9681214
-1,010853
0,5025581
-0,4905457
0,3754752
1,276176
0,1287004
0,240559
-0,703699
0,168046
0,5671989
-0,1180064
1,280637
-0,709439
0,4062192
0,576991
0,9356009
0,3982067
0,232517
0,2510177
0,2795728
-1,145069
0,8297364
1,295976
-0,4456869
-0,06792557
-0,2363626
1,156127
-0,8230572
-0,4194245
-0,08507308
0,4366015
-0,125764
-0,9396046
-0,1083257
-0,3415644
-0,9052152
0,2542552
0,1633202
0,266374
-0,02302295
-0,4884852
0,1171474
0,2441916
-0,3591862
-0,4577142
-0,3458368
-0,8259087
-0,695582
-1,316392
-0,4549222
-0,2230298
0,8905416
-0,3163838
-0,2110475
-0,3293793
-0,8445316
0,09683447
-0,4481353
1,242141
0,163809
-0,1121562
-0,8979322
0,5677466
-0,5741893
0,6095555
0,4366815
-0,6794763
0,341764
1,114427
0,1440619
0,4550973
-0,8123887
-0,7437488
0,508697
-0,05529864
0,2114623
-1,055595
0,5840973
-0,09897655
-0,1032769
0,4371212
0,6666259
-0,03710198
0,3787611
0,4918612
0,4829918
-0,1497577
-0,02677428
0,9881047
0,3088359
0,6212253
-0,4088225
0,805301
-0,3053646
-0,1001501
0,4797494
-0,2900077
1,010879
-0,687819
1,611576
0,01912297
-0,3652416
0,03406642
-0,8064411
0,2594008
0,2064413
0,05051455
-0,1510732
-0,4380178
0,08837938
-0,1904206
-0,5554523
-0,1149383
-0,5393457
0,8156183
-0,2867355
1,299908
-0,843441
0,5263234
0,841904
0,5664064
-0,5728326
0,4756302
-0,1336304
0,4615492
0,9654509
-0,1033551
-0,3909606
-0,9865425
-0,6283056
0,4725115
-0,2745642
0,7525647
0,06335509
-0,8094974
1,038038
0,07447696
0,2514514
-0,5678933
-1,035233
0,2821999
-0,414636
-0,1761205
0,9118069
0,5841007
-0,3914604
0,5347744
-0,4681529
0,1475903
-0,06550539
-0,8416455
-0,216768
0,6303636
-1,763234
0,3416083
-0,3908565
-0,7685096
0,6923957
0,9785751
0,1578194
1,193013
-0,225775
-0,7417586
-0,5290632
-0,7445824
2,084018
0,3880832
-0,4190615
-0,5356844
0,3889179
0,6212619
1,122315
-0,5208862
0,9206544
0,5969093
-0,6571058
-0,6290478
0,7011704
-1,129404
-0,4380304
0,3070827
-0,3379365
0,1405059
0,1321293
-0,7584927
0,2608895
0,3992769
-0,2633904
-0,8506672
0,8414029
0,03267896
0,5476974
0,07636611
-0,4605972
0,4888332
-0,9943209
-0,6442662
1,070611
0,4552731
0,8551758
-0,03227898
-0,1753354
-1,263115
-1,111131
0,3323956
-0,3769527
-0,7018602
-0,8752914
-0,1401213
0,4952445
-1,151743
-0,2428499
0,7383543
-0,3310141
0,6776309
0,449327
-0,3430171
0,1809953
0,393864
-0,537297
-0,1465203
-1,071594
0,4383467
0,6791632
0,4925479
0,7978748
-0,7167112
0,9729077
-0,508947
0,04587594
-0,8844846
0,8070719
-0,2158646
-1,332892
-0,4008741
-0,6509814
-0,1502628
0,1466603
-0,9481809
0,3280874
0,1192379
-0,7653748
0,5453439
-0,4556564
-1,027058
-0,6341614
0,2061815
-0,3744099
1,135224
-0,03953928
0,9295831
0,4715884
-0,2872704
-0,2861806
0,3481981
0,7128248
-0,4776285
-0,5883174
1,332182
0,36203
0,07121217
-0,3933729
0,1379769
-0,6285774
-0,2093859
-1,028256
0,4667337
-0,03165925
-0,299904
1,262057
-0,5121422
-0,2817453
-1,30258
-0,1054282
-0,02810229
0,3634377
-0,5780015
-0,8331879
-0,2219235
-0,2731223
0,6251268
-0,2545013
0,05189136
0,1664004
-0,1486508
-0,2195473
0,1768143
-0,7483309
0,5479755
0,416191
0,08566365
1,12409
-1,298684
-0,2305903
-0,5329106
1,126293
0,3238152
0,7589388
-0,7926392
0,2234556
-0,01406303
0,4995052
-0,08547103
-0,8573189
-0,2137385
-0,7741875
0,01759666
0,197385
0,342489
-0,147582
0,3937339
0,1202186
1,225613
0,5796804
-0,09625483
-0,3051323
0,3935453
0,8710439
-0,1442653
0,8197695
0,2207948
0,09554821
0,2976781
0,3999938
0,2889386
0,2361201
-0,3530676
-0,3668262
0,3491758
-0,3040558
-0,3292797
-0,3790511
-0,363793
0,1344499
0,4325887
-0,5351982
-0,3008746
0,3140523
0,2880343
-0,2662818
0,306433
0,4223376
1,353439
0,3825774
0,0007209778
-0,7730997
0,05499226
0,8264
-0,7252336
0,6194935
-0,4820013
-0,7635078
-0,1971857
-0,4347172
-0,5763863
0,640015
-0,003893435
-0,3247631
0,9126395
0,3376797
0,1970057
-0,5834298
0,4589034
-0,1916146
0,05049285
0,2694606
-0,02110773
-1,063892
0,7527265
-0,7635863
0,1258833
0,5799035
-0,6063835
0,4822184
0,2250677
0,3837795
-0,6598948
-0,5945576
-0,3536271
-0,159121
-0,01999405
-0,1125406
-0,719903
0,07712522
-0,1934668
0,3018092
-0,2203771
0,1019966
-0,06230918
-0,06403904
-0,05658912
0,7137955
0,1489796
0,3742156
0,8428868
0,6280792
-0,2170178
-0,6103527
-0,6113023
-0,4095989
0,1224146
-0,03441611
-0,8629164
-0,1610798
-0,9102516
-0,8845649
-1,30222
-0,6892588
1,1696
0,7345741
-0,3306301
0,3620757
0,2623485
-0,1588925
-0,1496152
0,2021753
0,008258879
-0,4484161
-0,1895827
-0,3241401
-0,8132002
0,3199362
-0,5019839
-0,1211485
0,8351038
0,2351995
-0,4432915
0,001944512
0,31945
-0,3654432
-0,23322
0,2448438
0,1385017
-0,9656571
-0,3774574
-0,9087042
0,02137381
0,2347656
-0,4834859
0,3761275
-0,2038026
0,3967493
-0,592652
-0,7668594
0,2805498
0,4201611
0,3473995
0,5701779
-0,8165548
-1,155792
0,6736166
0,295052
-1,221714
0,3606951
-0,07902107
-0,09712131
-0,6104305
-0,1141088
1,372603
-1,36403
-0,08556485
0,7984986
-0,5215223
0,2257392
1,047316
0,8320416
1,16411
0,6143286
0,5795808
-1,811291
-0,654744
-0,6083198
-0,04843575
1,041583
0,08479249
1,467495
-0,03492892
0,6357564
-0,0969258
-0,9969561
-1,461805
-0,9160821
-0,8270347
0,1236933
0,1300961
-0,2132649
-0,3310885
0,4766518
-1,033762
-0,3315376
-0,6284819
1,247599
0,7454257
-0,1444972
-1,566632
0,5484105
0,207857
-0,3537608
0,9772545
-0,04780138
-0,6769189
-0,6544622
-0,8794382
-0,2049677
-0,4034746
-0,4374687
-0,02475689
0,192648
-0,436498
0,6220232
-1,276579
-0,6519043
-0,4966229
0,1889125
-0,5574315
-0,01871932
0,2582135
-0,02786587
0,1532921
-0,6230146
0,5595312
1,345493
-0,4918922
0,1419235
0,5086199
-1,087513
-0,2315516
0,007687569
0,2276405
-0,155988
0,2528456
0,3335224
-0,4184077
0,5786018
0,2713676
-0,03535482
0,5099117
-0,05774665
-0,1547067
0,3483559
-0,5311874
-0,1860238
-0,6213267
-1,239901
-0,5232601
0,282854
-0,7326761
0,4694005
0,27681
0,1661664
0,03374434
-0,7527859
-0,5554679
0,6272341
-0,7001625
-0,3906223
-1,246631
0,7306587
-0,2171286
-0,2902751
-0,4452288
-0,5606991
-0,8942112
-0,2201402
0,6678742
0,4816569
0,5684566
0,392906
0,6055091
-0,4075853
0,2412319
0,8861707
0,5603603
-0,7476153
0,6557045
0,7241217
0,7153625
-0,8995947
-0,4177039
-0,09250036
0,3929275
-0,1811524
0,5750656
-0,658884
0,5935453
-0,390721
0,4476315
0,624612
-0,3952647
-1,158709
-0,1878766
0,1409206
-0,6347357
0,2186945
0,8485336
0,8070169
0,2126866
-0,5580346
-0,08572479
-1,015701
-0,03203048
-0,1922797
0,02625966
0,6483113
-0,7085245
-0,008894295
-0,3998436
-0,1272405
-0,4011779
0,2703976
-1,80761
0,2426378
0,03929895
0,1775423
1,115949
1,050681
-0,1264024
0,01377867
-0,7668369
0,1947488
1,031001
1,030726
-0,2037738
-1,144835
0,235484
-0,05860008
-0,3768966
0,723942
0,1547527
0,3150423
-0,5061501
0,06782408
-0,1059605
-0,5655434
0,2673143
1,298943
-0,1974979
0,2689971
-0,8303654
0,9353201
-1,725766
0,3480413
-0,7117617
-0,1777697
-0,1880403
-0,3024612
0,2374511
-0,9673982
0,5827081
0,1778412
-0,4726859
0,1629393
0,6702272
0,5226627
-1,580179
-0,4992613
-0,05131978
-1,046822
-0,04794228
0,07953614
-1,153975
-1,249599
-0,1534334
0,1764402
-1,059479
-0,5478051
0,2265549
-0,2825866
-1,230438
-0,2639084
-0,5176895
0,6526397
-0,1449055
1,011031
0,4955323
-1,419121
-0,652651
-0,03430992
0,33536
0,9141299
-1,035421
0,3678986
-0,7988035
-0,03543612
0,1191748
0,9040546
0,2958364
0,4078522
-0,07029954
0,08509621
-0,5303228
0,7829025
-0,1119033
-0,9901828
1,02428
-0,2628951
0,05838753
0,4229605
0,7730166
0,08958784
-1,111292
0,1705082
-1,223871
0,2605119
0,6070616
0,3217637
0,2591063
-0,1137377
0,6222571
-0,2518615
0,3790327
-0,6375504
0,5531471
0,09892672
0,1093613
0,01177149
0,151826
0,05969579
-0,1938052
-0,2528901
-0,4816214
0,3567444
0,5177608
-0,2834814
0,2528203
-0,06993824
0,384937
1,042108
0,2475118
-0,4072604
-0,3904056
-0,2057348
0,4181674
0,6919075
-0,6272938
-0,05543631
-0,09131289
-0,3017321
0,925351
-0,1646179
0,003635019
0,9190698
0,05546674
-0,3794372
-0,8203868
0,6502334
-0,03925902
-0,794346
1,098702
0,9332972
0,5528792
1,565969
0,2532137
-0,4594691
0,05180006
-0,1987828
-0,1937036
1,198618
-0,1345942
1,422319
1,973834
-0,2737467
-0,2701648
-0,05571963
-0,8090918
-0,928103
1,475907
1,19537
0,540472
0,7632179
-0,1768866
0,3272054
0,4853204
0,5567086
0,5487331
-0,8747225
0,2500236
-0,1666155
0,1382398
-0,07149573
0,9778677
0,3196028
0,8029248
0,427586
-0,5168895
-0,733963
-0,546895
-0,5317371
-0,04626286
0,2465799
-0,2072586
0,5451536
0,04030955
-0,9161747
0,3919685
0,1032848
0,6611434
0,6700246
0,240172
-0,2979408
-0,1572546
-0,7947423
1,142906
0,7569115
-0,4865093
0,07648411
-0,5848126
-0,5273937
1,242761
0,941061
0,06350774
0,01455791
-0,4447945
0,9646306
0,4990695
-0,717164
0,507298
0,09532091
0,8294091
-0,07189058
-0,01528168
-0,1752278
-1,323335
-0,4864759
-0,2780188
0,184226
-0,375573
-0,4567756
-0,1463966
-0,4346699
-0,07259285
-0,6911111
-0,5314476
-0,3343813
-0,09333822
1,437498
-1,213002
-0,3988348
0,5961893
0,8201902
0,3691468
0,3948658
0,3903701
-0,413915
0,8019662
1,052858
-0,2200319
-0,7283348
-0,9856105
-0,1602325
0,3962437
-0,3336318
-0,01693183
-0,05205691
-0,2232868
0,09699851
0,8002625
0,08130801
-0,6424021
0,9795289
1,045768
0,4491246
0,5530457
-0,3851616
0,5345406
-0,5669682
-1,010124
-0,2515581
0,6008078
-0,6732682
-0,02827677
-0,1065638
-0,1870594
-0,9290106
1,388111
-0,7721069
-0,6956906
-0,3752423
0,0779614
0,4471573
-0,1004883
-1,091189
-0,8278516
0,3081044
-0,4334142
-0,5003691
-0,4437588
0,08563167
-2,325313
1,084776
-0,835422
0,4846782
-0,3508208
0,3173098
0,5964351
0,3249421
-0,07735786
1,490263
0,9961
0,09027173
-0,265646
-1,680284
-0,8546913
0,4502409
-0,379021
0,286393
0,1515677
-0,4591569
0,466466
0,001993179
0,541529
1,119764
-0,9281932
-0,8221222
-0,2913303
1,092133
-1,32953
0,05406016
0,1029496
-0,131958
-0,9339981
-0,1104598
-0,748038
-0,3932156
-0,6128872
0,1744291
-0,2703151
-0,2593008
0,4374992
-0,2057469
0,5205703
-0,4160006
-1,107108
-0,08824912
-0,2101668
0,3801447
1,134217
-0,1548916
0,6609844
0,3066332
-0,8873883
1,02652
0,06346136
0,7209656
0,6246097
-1,329396
0,5423439
0,7292998
0,5493291
-1,259706
-0,567369
1,023906
-0,3022546
0,1529449
0,7026584
0,9085063
-0,6582088
0,04502888
0,4391988
0,6700411
0,05430344
0,1412926
-0,7587374
-0,3406275
-0,4543775
0,221082
-0,1301962
1,073059
0,1520667
0,7292966
-0,8627448
1,176336
-0,8835766
0,132934
1,139799
-0,1524032
-0,6281528
0,9822063
-0,6318882
-0,03640383
-1,078272
0,06453145
0,4149054
-0,3520629
-0,7843372
-0,7288662
-0,224821
0,03528085
0,2697375
1,252558
-0,2623232
-0,6528924
-0,6007679
-0,3005437
-0,05054709
-0,5538032
-0,2283535
0,5424454
-0,2653403
-0,408007
-0,4033969
-0,8389568
0,5072602
-0,8839307
-0,8878418
-0,4066496
1,595815
0,3669673
0,9066691
-0,5968109
0,8497407
0,399974
0,06146979
0,8607186
-0,2006291
-0,1765249
0,8027984
0,3419446
-0,4722768
0,1504273
-0,374649
-0,1378199
0,7950627
0,1473305
0,05217861
-0,4019588
-1,643388
-0,05029771
-0,4017469
-0,1434973
0,1885636
0,08178887
0,06726193
-0,1221127
0,6465487
-0,7352078
0,01531093
-0,06929171
0,284687
-0,3611889
0,5850724
-0,5876138
-0,589348
0,4284315
0,8376004
0,3625551
-0,07645679
-0,1646807
0,163768
0,1064569
-0,5428147
-0,357365
-0,8259844
-0,1574361
0,7818076
0,149713
-0,9397765
0,9835235
-0,6873069
0,009777173
-0,5337881
0,1850293
0,2968267
0,8173844
0,5969146
-0,6773404
-0,04965623
0,1888292
0,4654709
0,1115435
0,5925516
0,2902423
-0,2864494
0,4391432
0,2045432
0,3214709
0,3562835
0,2883927
-0,6268322
-0,6770226
-0,08486876
-0,2363068
0,1908067
-0,0214286
-0,2576157
0,5320044
-0,6346546
0,2373527
0,3637848
-0,303134
1,183482
-0,3683068
-0,05999047
-1,151705
1,438517
0,640744
0,4590945
-0,1485399
-0,6015311
-0,07838938
-0,1399348
-0,5417912
1,189484
0,005404055
0,8064335
0,1279106
-0,2583958
0,1494603
0,3911604
-0,144211
0,8155684
-1,63595
-0,7241905
0,5006415
-0,8576906
-0,2343551
1,135069
-0,5068346
-0,1758877
-0,5848104
1,053794
-0,2633348
0,1940879
-0,1723092
-0,06630844
-0,2850141
-0,3834137
-0,3980154
0,7751819
0,08707318
0,2946389
-0,7115706
-0,3612297
0,557695
-0,001926661
0,345123
0,1062869
-1,092311
-0,9528626
-1,577377
-0,08760333
-0,6694396
-0,3624971
-0,1582288
-2,141435
-1,547242
0,9765666
-0,4359776
0,4592561
-0,531514
0,4397556
-0,4894579
-0,6080787
0,3452539
0,1507489
-0,8824134
0,0676257
-0,3435583
-0,1096439
0,6077179
-0,5200334
-0,1375741
-0,5299996
-0,1583463
-0,3097692
-0,002511144
-0,6116946
-0,543776
-0,1535172
-0,8718743
-0,219627
0,4785243
-0,3786973
1,186035
0,9721271
0,6647934
-0,1791229
-0,4622129
-1,553842
-0,8830875
0,2716121
0,09866932
1,735368
-0,3191391
-0,4199322
-0,1268062
0,1305984
0,8009611
0,2605148
-0,8736609
0,7154763
-0,2274534
-0,9841767
-0,5641345
0,5194301
0,1117704
0,7949061
-1,795892
0,401429
-0,4489341
0,463228
0,2489309
-0,4130291
-1,094205
-0,1484063
0,2564105
0,7723941
0,957665
-0,834864
-0,05791539
-0,06641875
0,4941214
1,255123
0,7403316
1,258663
-0,8860329
-1,385623
-0,535257
-1,035858
-0,2507646
1,627565
-0,8836105
-0,4542418
-0,9460666
-1,14478
0,02056319
-0,8353645
0,9920863
-0,7698379
-0,2900041
-0,9834741
-0,1657991
0,3013247
-0,6788697
-0,09158617
-0,1727329
0,4134399
0,006333277
1,610945
-0,1694508
0,4510409
0,8554695
0,6041264
-0,1153924
-0,8584473
0,007966787
0,6338416
0,6291714
-0,8536881
-0,1100916
0,1494461
0,4746752
0,1274921
-0,2148151
0,2428624
0,1705409
-0,09618264
0,7070079
-0,4306738
0,02161169
0,76978
0,5093572
1,409878
0,03276473
0,2514512
1,074255
-0,07085291
0,09630208
0,2161788
0,8978298
-0,5337626
-0,9093904
0,1023542
0,08574846
-0,1033226
0,1829596
0,1619913
-0,340906
0,4680505
-0,202859
-0,3459864
0,901785
-1,001675
-0,1926181
0,08874698
0,83977
0,5157444
-0,3161781
-0,9020871
-0,2533119
-0,01626834
0,9421439
0,808098
0,4051418
-1,012306
-1,186493
0,2335756
-0,2453251
0,6101781
-0,1490745
-0,4717666
-0,9527583
-1,048467
0,1871502
0,5955952
-0,2044969
-0,05621009
0,0396471
-0,3314789
0,4458877
0,8599219
0,6961745
-0,5180085
0,01821226
0,1984017
-0,1490141
-0,8215344
0,7934827
-0,263957
-0,2988356
-0,7341089
1,159374
-1,264377
0,2602434
0,1520361
-0,08900088
0,2048323
0,5293998
-0,2127732
1,764688
-0,07745811
-0,09431465
0,2046411
0,5493369
-0,1160572
-0,2996622
-0,9205508
-0,1714847
0,1264201
-0,004614577
0,5100144
0,07160014
0,2828668
-0,4732242
-0,1919894
-0,4845865
-0,3585523
0,3357435
0,9197876
-0,1344659
0,5711231
0,02934632
1,435991
0,1244484
-0,3734683
0,03118402
-0,9274201
0,1588191
0,5716677
0,8356175
0,9177742
-0,8626045
1,418635
0,5633227
0,7264417
1,174798
-0,4550991
-0,7863792
0,4796594
-0,3785179
-0,1476495
-0,08687001
0,562611
-0,1815835
-0,2367624
-0,3851265
0,322929
-0,7192992
-0,04544564
0,2039637
0,4279364
-0,6547391
-0,4090979
0,6612366
-1,037558
-0,3081292
0,6075515
-0,005943775
-0,2197697
1,44065
0,06819779
0,1785352
-0,5241225
-0,02780217
0,02910697
-0,07746589
-0,6710356
0,4105337
-0,04533738
0,01881529
0,2494549
-0,167871
-0,5039911
-0,2159479
-0,8519709
-0,9037523
0,8316506
-0,1005833
0,07908718
-0,1570706
0,6212682
1,157747
-0,520731
-0,0967809
-0,04764766
1,05808
-1,249974
-0,3447853
-0,3707276
-0,2367408
-0,06223157
0,7372591
1,165566
-0,5473376
0,007996321
0,653097
0,522198
-1,404722
1,141281
-0,2143329
-0,7303526
0,06200914
1,027495
-1,247696
-0,3095692
-0,6267121
0,6788555
0,6768537
0,06809855
0,5824878
-0,4606526
-0,1121486
-0,3055561
0,2594224
0,9967998
-1,018072
-0,1262274
-0,1608194
0,1626014
0,7540131
-0,05252963
-0,3172845
-0,2475635
-0,3086491
0,2764641
-0,7288174
-0,1788817
-0,1891834
-0,5102794
0,4696736
0,32254
0,2564409
-0,4936635
0,8693854
-0,1102651
-0,297547
0,1860249
-1,328699
0,6470847
0,01051295
0,9412403
-0,01637235
1,194143
0,2703536
-0,01980507
-0,6121538
0,5643539
0,8648781
0,105567
0,8398067
1,112962
-0,03455129
-0,8613595
-0,975867
0,5639414
0,08802748
-0,4318431
0,4506853
-0,8031129
0,5610167
0,7138162
-0,3486468
-0,2235938
0,01320434
0,1461866
0,0102585
0,2616808
0,9658056
-0,07803011
-0,09907731
-0,546677
0,1541273
0,1688452
0,1691532
0,3429335
-0,3797383
-0,2944584
-0,1467541
-1,210968
0,7446265
0,7684121
0,2545728
-0,04514726
0,06648749
0,4683601
0,435989
0,6098613
-0,6748427
0,4635171
-0,6330201
0,3390222
0,2030855
-0,2236974
0,2757368
0,2198215
-0,4796189
0,2194198
-0,4572724
-0,04305479
0,3345042
0,3927259
-0,7704648
-0,4385339
-0,8470567
0,1874339
1,055733
-0,07739144
0,4340801
-0,1803936
-0,5138497
-0,5463933
0,007733941
0,03359155
-0,5098714
0,9439662
0,9959534
0,3705664
0,03890067
0,0602418
-0,7323592
-0,4963468
0,1791058
-0,474039
1,105142
-0,8368934
0,1066974
-0,2181503
-0,5181282
-0,1501738
0,2107797
-0,3239369
-0,946125
-0,3876219
0,7090343
-1,317215
0,6568591
0,315496
-0,7253596
-0,2504352
0,6707375
0,1791349
0,6078448
0,7853197
0,07880756
0,8721312
-0,3038439
0,1945884
-0,6992684
0,6132496
-0,4164835
0,3268098
0,6790565
-0,05706108
-0,5552645
0,252842
0,3762265
1,080251
-0,3859154
-0,5370288
0,3954272
0,1147754
0,8591353
-0,3432155
-0,6576391
-0,8338368
0,2838953
-0,4626191
-0,5579163
1,393618
-0,2460614
0,08144893
-0,378199
-0,7362104
-0,1679968
0,5625852
-0,4308619
-0,9714647
-0,4402509
-0,5817229
0,3066107
0,2839441
-0,4191049
-0,7390827
-0,3379005
-0,3740206
0,55861
0,5030432
-0,3088973
0,5322004
0,2768339
-0,8957528
-0,3888286
0,2093629
-0,2523083
0,4966793
0,5247032
-0,4041141
0,2799241
-0,2097059
-1,131601
-0,06109142
1,121065
-0,2296434
-0,2227039
0,06415862
0,7131412
0,09900221
-0,8385287
-0,009803444
-0,2601396
0,5420404
0,3048719
0,7994218
0,7664785
1,585067
0,1131011
0,5581887
0,1131767
-1,543112
0,6136565
-0,02284455
-0,04921065
-0,3953067
-0,3146327
1,373512
0,08347869
-0,3309605
-0,6750795
-0,5899084
0,7010412
-0,7218225
0,1502139
0,6469162
-0,05093652
-0,5832638
-0,02769101
-0,3297738
0,4061798
-0,1094527
-0,5002
-0,1700495
1,481996
-0,651963
-1,539107
-0,6210967
0,2760347
0,1780908
-0,5302539
-0,09382536
-0,7344489
-0,5505911
0,1482047
-1,523677
0,04297003
-0,7462904
0,8789304
0,5848249
0,3438714
0,134902
0,4590673
-0,6510068
0,5684054
-1,740712
0,2165176
-0,6971295
-0,780459
0,2863222
-0,09804863
1,252968
-0,2471407
-0,2054905
-0,06724298
0,2966349
-0,8345668
0,2980152
0,07687236
-0,8514556
0,5824764
0,1516804
0,495023
-0,6755844
-0,2959822
-0,3876869
-0,7392168
-0,1681128
0,3219071
1,014435
-0,956374
0,01241374
-0,496026
-0,4439245
-0,9413337
-0,3418653
0,1809475
0,5888718
0,4846112
-0,6332726
-0,3252739
0,2196673
0,3960718
-0,5138018
-1,410585
-0,08927655
-0,5522805
-0,3639521
-0,01166323
-1,315564
-0,5257109
0,2703459
-0,2996273
-0,4131776
0,1806962
-0,3432708
0,1016189
0,2904192
0,3297682
0,2941692
-0,2348476
-0,3358243
0,606276
1,258583
0,4447361
-0,04981792
0,03438467
-0,2563341
-0,07946087
-0,02503718
0,6432987
0,01093775
-0,7062701
-1,73867
-0,04066885
0,3585636
0,1074722
-0,3979207
0,1144779
0,375825
0,5465084
-0,4370556
-0,02720556
0,246218
-0,7409908
0,4148223
-0,006356925
1,039976
0,6941261
0,4977719
-0,6468379
-0,1946156
0,04964978
0,08123082
-0,2926255
0,4352881
0,5892695
0,359486
0,3080317
0,5107881
0,2365026
-1,025442
-0,5180538
-0,1883507
0,3742046
0,4353133
-0,1237363
-0,07069574
-0,9623099
-0,09923601
0,6270822
0,3052735
-1,401694
0,8318785
-0,1383793
-0,7854736
-0,362731
1,420712
-1,457316
-0,1195464
-0,4554968
-1,220304
-0,1475532
0,09644625
-0,09236217
-0,5916229
0,2017643
-1,015509
0,7143034
-0,4507198
-0,912745
-0,2737673
-1,044723
-0,6605484
0,6177112
-0,585876
0,4767081
-0,3245624
-0,3412984
-0,7687793
-0,5669712
0,2358339
0,9442457
1,022479
-0,3276162
-1,069598
-0,1425053
-0,06424648
0,6994419
1,385709
1,935717
-0,6426771
-0,619782
1,217121
-0,4322052
0,1935323
0,575297
-0,06549001
-0,3911347
0,3590183
-0,1864358
-0,6900466
0,3136564
0,1020131
-0,2378766
-0,3629901
0,09573579
0,3314143
0,1426277
0,1990192
-0,3386321
-0,568322
0,008075386
-0,755026
-0,4712074
0,2800512
-0,5255553
0,3059865
0,7755666
-0,003739655
0,2823273
-0,8018363
-0,540629
-0,6012342
-1,034987
-0,6214582
-0,9090327
0,2557591
0,3963888
0,05183861
-0,6998143
0,5530355
1,420109
-0,8757188
-1,16015
-0,4519585
-0,7539241
-1,736363
-0,2441769
0,2133569
0,9034612
-0,4154932
-1,088476
-0,7923572
0,7082584
-0,9703588
-0,1408312
-0,2272386
-0,4477519
0,2786601
0,6254037
-0,006903306
0,01930878
0,3635945
0,4876907
0,8179876
-0,8707178
0,9704643
0,8505219
0,7829545
-0,1177734
-0,1549045
0,2052094
-0,858494
0,9909587
-0,1209343
-1,226483
-1,694024
0,4581593
0,0637043
-0,7060544
-0,9064505
-0,0005188584
0,2547172
0,06352101
-0,5400903
-0,01517242
-0,7264944
0,006323725
0,875351
0,2006286
0,6210119
0,1012486
0,4450456
-0,4400665
1,168265
-0,1591798
-0,05802882
-0,5227656
-0,6308947
-1,20196
-0,2429436
0,7580209
-0,8432203
-1,359035
0,277905
0,00176616
-0,3728443
0,1993737
0,8219371
-0,820246
0,5083728
-0,1868004
0,1650586
-0,5337954
-0,3258718
-0,2768052
0,4703857
-0,5412936
0,02221966
-0,1615858
-0,4655335
-0,05524975
-0,07767612
0,04886308
0,6455321
0,282872
-0,2979287
-0,8918362
0,1495328
0,01996708
0,4426795
-1,316113
-0,2498315
-0,7525368
-0,04654473
0,5618908
0,6107698
0,3324296
0,3625304
-0,1300952
-0,06506601
-1,59518
1,249465
-0,3382238
0,1724755
0,4312872
-0,1379539
0,08508396
0,3563219
0,4175611
1,003462
-0,86866
0,2227277
-0,4386107
0,1501096
-0,3723136
0,1461208
-0,1344009
-2,12315
0,1626269
0,2570786
-0,1270726
0,3767449
-0,05569956
-0,5796492
-0,3344266
0,2075757
0,3682539
0,5374189
1,083095
0,3660988
-0,6682208
-0,01810682
-0,9908406
-0,801688
0,2107583
-0,7244528
0,1655667
-0,7785847
0,359587
0,1061761
-0,2450051
-1,242905
1,043785
0,4555342
-0,6418346
-0,5673386
0,2594364
-0,397889
-0,04731862
0,1770545
0,172799
-0,3589588
-0,7917358
0,1542648
-0,8103057
0,08342102
-1,124537
-0,004584476
-0,5551718
-0,3302748
-0,0457257
1,096673
0,1313933
-0,2306391
0,1969449
-0,2254062
0,5046408
1,0906
-1,177376
0,3561258
-0,2395646
0,548211
-1,135703
-0,7765471
-0,530215
0,8963339
-0,5303293
-0,3458045
1,056667
0,6777006
0,2077666
-0,6150784
0,377546
0,5888196
0,039905
0,1795
0,1306274
0,7626764
0,6254163
0,3053647
1,315749
-0,6909295
0,280564
-0,3964641
0,07138067
-0,5860708
-0,9166868
-0,1613646
-0,8949871
-0,8020036
0,3416758
-0,4190211
0,8162607
0,5864703
-0,5635251
0,2545515
-1,835189
0,07215771
1,257982
-0,04637206
-0,5042249
-0,3908554
0,7042605
-0,8737119
0,1976861
-0,3010611
0,7454982
-0,09759331
0,1729154
-0,4090481
0,9922381
-0,3581609
0,1499587
-0,01052494
-0,4045497
0,03793967
-0,9963335
0,6275857
-1,05353
-0,798544
0,4271664
0,4530652
0,06708927
-0,2429026
0,4191864
1,44151
0,1167079
-0,5935985
0,610818
-0,6644113
-0,1386365
-0,689648
0,2561791
-0,890914
0,1495149
0,789868
0,8517959
-0,01389387
0,3120591
0,6701544
1,137553
0,09000731
0,03347901
0,2218869
0,6913031
-0,2199561
0,3887784
-0,08444719
-0,4545131
-0,5137878
1,340198
0,1885649
-0,1671523
-0,3619746
-0,2707897
0,9216095
-0,2926062
0,008682728
0,4357308
-0,8985711
-0,9489008
-0,5797138
0,9535146
0,4904131
1,766885
-0,6854154
-0,2466975
-0,03740412
-0,2526292
-0,318046
0,3265584
0,01165524
0,6367457
0,06380361
1,457695
-0,2644286
0,07113416
-0,8115649
0,106271
-0,4248956
0,2094397
0,5204605
0,08509918
0,2096114
1,076854
0,2219201
0,1644092
0,5365303
-0,6164939
0,5975984
-0,3811383
-0,3129487
-0,6882512
-0,005119637
0,2484582
-0,3213659
1,635296
0,1302472
-0,4423869
-1,253281
0,1240239
1,128417
0,4209484
-0,3202326
-0,006795585
-0,2817272
0,6937517
-1,342957
-0,2215931
-0,4351406
0,7185913
0,5763304
0,4829283
0,6384949
-0,2609091
0,5478373
-0,4292157
-0,400603
-0,4295736
-0,3689689
0,03406137
0,7462682
-0,2983326
0,1834606
1,44211
1,067866
0,556729
-0,7277981
0,6629324
0,8618471
-0,4411863
-0,6984274
-0,1397156
-0,3002378
0,2019558
0,159241
0,206963
0,5300801
0,01739989
-0,1764768
1,102204
-0,3483675
-0,08343112
-0,1334645
-0,5123876
0,396636
-0,6254244
-0,7770896
-0,713277
-0,5792866
0,3729559
-0,2024025
0,3185242
-0,1323418
0,9041398
0,1506946
0,9435132
-0,1604735
-0,7074035
-0,6316181
-0,3749229
0,7245656
-0,1734164
0,2932454
0,08649826
0,7405235
-0,9172617
-0,5902153
0,3019441
0,7637856
0,3613767
-0,2633507
1,053126
0,6280448
0,2071036
0,6658646
0,150009
-0,7043682
-0,3243235
0,822418
-0,1030227
-0,4318795
0,6443734
-0,02156967
-0,07134178
-0,4777046
-0,2303226
-0,4242768
-0,0865134
-0,1205592
-0,03654054
-0,3127238
-0,8297719
1,63424
0,2430325
-1,186517
-0,3353063
0,1589392
0,1323785
-0,4949483
0,9459183
-0,7056807
0,8977469
-0,01103945
-0,09549281
-0,274156
-0,2227871
-0,2236776
-0,2608344
0,579739
0,3393852
0,07566607
1,602024
0,2422771
0,6334376
-0,427703
0,5495587
-0,7530236
-0,333091
1,208951
0,47983
0,3316921
0,3541188
1,587108
-0,08655326
-0,8777726
0,5915006
-1,461478
0,853766
-0,6345006
-1,141306
0,400017
0,3870042
0,2374544
0,4370037
0,4237942
-1,098603
0,7141497
-1,007467
-0,3610312
-0,3008375
-0,1341807
-0,5617492
-0,6605449
0,4578626
0,873228
0,2776524
0,9699858
-0,4447238
-0,2953286
-0,574922
0,1820414
1,381039
-0,5269035
0,2241838
-1,437796
-1,09891
0,657373
-0,8174198
-0,8472254
-0,3731792
-0,2431412
0,8410838
0,5714221
-1,205379
-0,03129148
-0,814397
-0,5620167
0,2009935
0,9609323
0,7234048
-0,04580981
-0,1467249
1,44069
0,2818354
-0,01793438
0,4154926
0,3674204
-0,35958
0,6486433
0,1581997
0,1684156
0,05407782
-0,1184414
-0,02461612
0,4686898
-0,1243643
-0,02465209
0,111277
-0,2154242
0,3405251
-0,06107473
-0,1408318
1,117096
0,5352613
0,1290797
0,3481267
0,6501741
-0,8948008
-0,4337267
-0,673803
0,0796684
0,1854846
0,03742418
-0,2046169
1,099895
0,3306068
-0,9183886
-0,1609163
0,10775
-0,3648111
1,03516
-0,8669848
-0,02137335
-0,3497183
-0,1857659
-1,432903
-0,03119865
-0,0661746
0,9153855
0,4537467
-0,3716389
-0,07226253
-1,306753
0,1081911
-0,9890252
-0,6748103
-0,0774616
-0,6195503
1,037192
0,4492939
0,1437341
-1,488868
-0,5133636
-1,073822
-0,8550808
0,5312029
-0,7955793
1,165404
0,2743757
0,1771235
0,5453128
0,4200795
-0,6205698
-0,3710953
-1,623001
-0,1006332
0,4417148
-0,406991
0,6810775
1,361477
-0,04367131
-1,236699
-0,4807625
0,02151746
-0,6991972
-0,12015
0,893082
0,1504804
-1,08187
0,6347756
0,5116963
0,6583487
-0,4759272
1,196492
0,562596
0,02191802
-0,5845557
0,3114274
1,542608
1,702818
-0,8870752
0,02701925
-0,03673109
-0,4781842
0,4546984
-0,3183885
-0,8362653
0,821678
-0,5336515
-0,4200914
-0,5034618
-0,3331923
-0,09152895
-0,6721098
-0,5516119
-1,007477
-0,1991515
0,6673236
0,3386439
-0,4513509
0,9338157
-0,7451798
-1,311452
0,3963986
-0,5912541
-0,3489544
-1,377179
-0,7571642
-0,514213
0,2316216
-0,4588664
0,2225908
0,2494185
0,3578963
-0,006609917
-0,4648369
-0,6210412
-0,233722
-0,4830506
-0,5772532
-0,0133424
-1,254089
-0,5740749
0,6141952
0,1860347
-0,5994776
-0,6346534
-0,2766741
0,3365745
-1,00611
0,325507
-0,1692585
0,2153694
-0,206651
-0,9488789
1,613319
0,4003319
0,9820839
0,2323773
-0,6253805
-0,4777544
0,9240856
0,2639039
-0,06514388
-0,607851
0,552747
-0,5289133
0,3304356
-0,1491021
0,725723
-0,4904026
-0,8593103
0,3151798
-0,2623074
-0,3784912
0,3655097
0,688746
0,3331534
0,8233774
-0,2254921
0,546114
0,8607451
1,158194
0,8799717
0,8644467
-0,60093
-0,5772082
0,4055856
0,01638836
-0,6980575
0,2121704
-0,1550945
0,8048902
-0,6261579
0,2620763
0,2707275
-0,1930401
-0,3225445
-0,4191186
0,06676155
-0,05517769
-0,4490963
0,3966492
0,556154
-0,3476087
-0,106524
0,6143006
0,06219625
-0,08343101
0,03692707
0,2851842
-0,04284118
0,626659
-1,167499
-0,4522418
0,8183984
-0,1515611
0,4775936
-0,07093158
0,7304886
-1,039428
-0,3784763
-0,9473231
0,2156381
0,5283692
1,777968
0,08399883
2,099001
0,6472905
-0,6629824
-0,2671204
0,7126951
-0,3754696
0,7485435
0,3034312
-0,2253116
-0,306667
0,7332513
0,4955155
-0,6128329
-0,6373087
-1,13213
0,6545433
-0,1918803
0,4441707
0,09234136
-1,450943
0,3225449
-0,6806784
0,5710416
-0,3517981
-0,2702002
-0,691659
-0,4901526
0,6500361
-0,6730807
0,1698753
1,091244
0,9034672
-0,2269295
0,8736373
0,6517512
0,6358591
-0,5939664
0,4054727
-0,2507346
-0,3198172
-1,477798
-0,9767946
-0,02287782
-0,150199
-0,2529351
-0,1316255
0,2721696
-0,2200678
0,07664886
-1,575559
-0,4955531
-0,2853096
1,412995
-0,240023
-0,1556237
0,2448357
-1,169197
1,072953
0,2880288
1,509452
0,6183472
-0,02111879
1,117069
-0,7144662
-0,1396276
0,3302007
-0,4174998
-0,06811069
-1,023439
-0,2020798
-0,3469217
-0,6933098
-0,8902695
0,3628842
0,009183764
1,04603
0,4897528
0,1278282
0,1664774
-0,01257759
0,9167785
0,06275493
0,7527986
-0,5984024
-1,27907
-0,2066954
-0,7618176
-0,2414689
0,2653846
0,3245112
0,02316606
0,2505105
-0,3380821
0,5248727
0,4505219
-0,4310148
-0,2190468
0,362659
-0,6008379
0,3257539
-0,1416178
-0,3270485
0,5070871
-0,2854182
0,2832168
-0,8245878
0,2632452
1,000714
0,8629588
-0,4443342
-0,01877841
-0,04068896
-0,2379761
-0,09339911
-0,7916412
0,3164774
0,7463548
0,08945948
-0,2578777
-0,5861509
1,04914
0,5886765
0,06130183
-0,08600569
0,5543619
-0,7586488
-0,2179747
-0,9049771
-0,3581055
-0,729092
0,6823446
0,1798693
0,2433704
-0,510855
-0,5786964
-0,9072518
0,2257841
0,0234651
-0,5891187
0,2597461
0,1864527
0,3898857
0,09632507
-0,5297968
0,5500971
-0,03748018
-0,09636074
-0,6754713
-0,1533289
-0,1380332
-0,6343897
0,003883541
0,7283848
-0,3692982
-0,03740257
-0,01257402
-0,8286551
0,04326025
-0,9432262
0,3885294
-0,6501096
-0,03342103
0,4025311
-0,4613915
0,8137119
-1,519181
1,454331
-0,522904
0,7348835
-0,09395786
1,100953
-0,04021335
-1,168155
0,1656797
0,269135
0,6015514
-0,2522832
-1,473003
-0,3533078
-0,2606662
-0,4659747
0,09786576
0,3026921
-0,1327939
-0,2071335
-0,904831
0,248483
-0,8021309
0,06021821
-0,4663566
0,2766387
0,8744697
-0,4436913
-0,21785
0,03610027
1,393369
-0,5318506
-0,3920355
-0,1363447
-0,3049972
0,7350914
0,2485225
0,3551502
-0,5529054
1,34971
0,02641201
-0,3195765
-0,3731385
-0,166321
-0,1332952
1,776526
-0,6361014
-0,0526132
-0,2100335
0,0490568
-1,345235
-0,05113664
-0,2312948
1,356243
0,3487802
-0,5919088
0,1359738
-0,141142
0,1619335
-0,1962652
-0,1761614
-1,489431
0,7899359
0,3533092
-0,06588209
-0,6733943
0,03015471
0,2663631
-1,22353
-0,5137298
0,2870889
-0,242331
0,124588
0,5134706
0,07652272
-0,4391861
0,4981693
0,1895151
0,2630382
0,4924358
0,7852898
-0,1094238
-0,4616796
-0,4358162
-0,8320156
0,1618747
0,1600018
-0,8419047
-0,3921555
0,5130641
-1,650706
-0,008719534
0,2772759
-0,8844407
-0,08082846
-0,701811
0,1902323
-1,863772
-0,5939708
0,6994168
1,87126
-0,2914428
-0,1967986
-0,5806629
0,968465
-1,346721
1,1513
0,203837
-0,4558442
0,4741632
0,6144512
0,1485565
-0,04296124
1,135076
-0,4675837
0,7129625
0,6627027
1,020086
0,5495723
0,7206117
0,8718039
-0,2498657
-0,2069435
-0,7398036
-0,1205692
0,3325
0,2788915
0,3422024
-0,2566635
0,487237
-0,2131045
-0,2709582
0,4120465
-0,23092
-0,3947295
0,2661017
0,132272
-1,085739
0,277061
-0,5067633
-0,2474866
-0,3855041
0,3210258
0,01895861
1,056269
0,1295712
1,350376
0,5467278
0,03916657
0,4506429
-0,2727524
0,3478929
0,2956446
0,3863779
0,1326081
-0,1821213
-0,2149204
0,3078916
0,6730538
-0,3083494
1,408195
0,4802385
-0,798341
1,557291
0,2525672
-0,5714574
1,055326
-0,763176
-0,3562974
-0,2021769
-0,7266577
0,3275228
0,3629677
1,258535
-0,1455214
-0,6050471
0,1362262
-0,7464281
1,123151
0,7846275
-0,8614103
-0,2078493
0,623082
-0,5896171
0,3672199
-0,4452818
1,158469
0,2673583
-0,8032961
0,2295058
-0,192391
-0,2396903
0,7523118
-0,1588916
-0,0821633
-0,7881069
-0,3409775
0,2833065
-0,6430104
0,8481913
-0,4366578
-0,3585711
0,4850748
-1,984187
-1,044149
0,2621965
-0,8925422
0,195567
0,3899959
0,3770397
0,3927775
0,0428082
0,3556528
1,099713
0,1961167
0,0473334
0,06307517
1,087734
-1,006382
0,7094614
0,01965445
0,2507894
1,012584
0,07545853
0,4650788
0,0273812
0,7145159
0,01587915
-0,640907
-1,222275
0,1840073
1,068351
0,5556237
-0,3401909
-0,383624
0,5848328
0,5094472
-1,185798
0,95923
0,6325716
0,9404705
0,5752728
0,01109916
0,2172823
0,02745543
-0,2078314
0,1641012
-0,2942519
0,4180295
-0,08372387
0,234684
0,5161137
-1,127815
-0,2134001
0,01968784
-0,5831782
0,7459639
0,1993951
0,07624888
-0,1628135
