-0,5648364
0,4032067
1,288966
-0,1436824
0,02030283
-0,521668
-0,3464738
0,3139041
-0,07281782
0,6371094
-0,3310697
0,1943679
-0,7779612
0,8726793
0,4160584
-0,9088579
0,3507506
-0,5793566
-0,5241696
-0,2037689
-0,8027851
-0,09434494
0,05162154
0,6436107
-0,4827139
-0,6561005
0,3335502
0,3300261
0,3882768
-0,05977756
0,1626784
-0,6204334
-0,007402495
0,3131292
-0,5897852
0,5529158
-0,4118994
-0,4887636
-0,0447572
0,2872599
-0,1608494
0,08919036
-0,04010642
-0,1173928
0,1457846
0,20755
0,07624531
0,5073577
-1,213962
0,5479456
0,5148829
0,4165305
0,171983
-0,3627403
-0,03944945
-0,3655327
-0,863807
-0,290023
0,4097254
0,4225618
0,2721561
-0,256789
-0,732874
-0,04281539
0,1484386
0,5764626
0,3718626
0,9879081
-0,0596
0,7663155
-0,3052481
1,229867
0,2302943
-0,4851521
0,2032054
0,251893
-0,5492769
-0,0827466
-0,1729988
-1,106869
-0,6963342
0,09655643
0,2076897
0,128819
0,5491816
0,2844703
-0,3659788
0,1418891
-0,02939492
0,57468
0,4200408
-1,140704
-0,357576
0,1682495
0,1196402
-0,8376136
-0,6595722
0,1396102
-0,1296643
0,387128
-0,5164089
0,982583
-0,1826498
0,5585644
-0,2988904
0,4162616
0,4699351
-0,8298181
0,714249
1,258434
0,1228011
0,7300391
0,9434778
0,4155732
-1,6634
0,4361447
-0,4298889
-0,1375687
0,5618699
-0,6511828
-0,4075299
1,263521
0,031188
0,6458521
0,8328944
-0,04782706
0,1500136
0,03549629
0,8659924
0,1805968
-0,09487994
-0,7237185
0,3473366
0,2207278
0,5755717
0,758575
-0,2289829
0,9143959
0,1482597
0,005392313
-0,01316965
-0,2338308
-0,153348
0,8893014
-0,2180173
-0,2110357
-0,8431441
0,7800693
-1,205772
-0,3332993
-1,007472
-0,1996834
-0,4870352
-0,4624593
-0,1592121
-0,1125728
0,2415287
-0,9385396
0,1292222
0,1984553
-0,1286266
1,200819
-0,01431328
-0,622636
-0,06028408
-0,2551811
0,3971998
-0,362196
0,133173
-0,3324755
-1,192594
0,5751651
0,5339648
-0,1232857
0,2329938
0,5080763
-0,6350031
-0,9570475
-0,5499279
0,06623428
-0,4096937
-1,350757
-0,6197488
0,2165667
0,7696072
-0,1601438
0,2400131
0,5831304
0,73888
0,1934382
0,07286304
-0,08154136
-1,138918
0,6136385
-0,1788072
0,6342047
-0,309769
-0,08225596
-0,6877126
-0,5534664
0,9897087
-0,2754499
-0,03842938
-0,8650409
-0,6920265
0,5550777
0,2979282
-0,2275916
0,3027541
0,5236911
0,5361554
0,2388501
-0,6102436
-0,7434859
-0,1934103
-1,464445
0,2131057
0,1697338
0,9701979
-0,06645882
0,02788615
-0,3077776
-0,4224502
0,1076385
0,7681258
-0,2925222
0,6286138
0,319801
-0,07248658
0,229751
-0,4365635
-1,5598
-0,06109029
-0,4646576
-0,2659388
0,7580045
-0,5642607
1,152416
0,1826012
-0,5833634
-0,0857507
-0,2473669
0,3183652
1,595576
-0,1982213
-0,638957
-0,5452965
-0,363254
-0,4914719
0,241908
1,205505
1,236941
-0,2525783
0,2300423
0,5596931
-0,7819284
-0,8181287
0,4699984
0,2934264
0,2736033
-0,2762301
0,7868532
-0,04863216
-0,4861395
0,2687446
0,3983921
0,7047532
0,317582
-0,0602864
-0,02250391
-0,01813312
-0,5622016
0,2071742
-0,2603797
0,6601838
0,4496161
-0,2549254
-0,3177403
-0,205914
0,7683368
1,460514
-0,29295
0,4869663
-0,4773114
0,3548931
-0,9408426
0,3143409
0,3929279
0,4850745
-0,5482164
0,4211037
0,07726467
-0,8071722
0,4238753
0,09647697
-0,5543645
0,3098302
1,086542
0,06855071
0,9482476
-0,6173974
-0,1956655
-0,6069105
0,7914842
0,1308065
-0,227302
0,5882557
0,06734562
-0,267189
-0,03431046
1,184847
-0,3035184
-0,04493953
-0,09328453
-0,3701692
0,6451542
-0,7209429
-0,02493626
-0,1729271
0,6877989
-0,5360932
-1,066004
0,558511
0,3430996
0,7913808
-0,1333725
-0,1735891
-0,7512842
-0,3893614
-0,1112444
1,000693
0,4707732
-0,3597212
0,7178128
0,3157935
-0,7334611
0,6260269
-0,8794929
-0,311219
0,1553605
-0,8791867
-1,365041
-0,04224475
0,07253957
0,09422863
-0,2215385
0,8664544
-0,07657939
-0,8930001
0,1683827
-0,01152243
-0,1020841
-0,8389903
0,5637714
0,534954
-0,2656982
-0,4392884
0,7459798
0,4050024
-0,2796634
-1,151947
-0,6210136
-0,4757681
-0,663433
-0,6285561
-0,644099
-0,794256
-0,2293432
-0,298468
-0,03076667
-0,2609378
0,1472709
0,3242156
0,05963093
0,407478
0,116188
0,06388383
0,8445953
1,120662
-0,08948006
-0,278618
0,7695105
1,066107
0,09920323
0,3495758
0,5526947
-0,8038499
-0,2975692
-0,9292259
-0,7240007
-0,1820933
0,159089
0,4565055
0,8757758
0,01094532
0,1322302
0,05791914
0,2306325
-0,1323095
-0,7868527
-0,3974783
-0,5111234
0,2465745
0,8929764
-0,173315
-0,01963389
-0,1224974
-0,2431706
0,1538477
0,5233365
0,5020941
-0,5113335
1,108384
0,6782243
0,3376712
0,9394547
0,2365364
-0,6053128
1,270118
0,6748783
0,2030745
0,8285496
-0,09528595
0,458958
-0,4955357
-0,7289086
0,418323
-0,6994612
-0,8450117
-0,2899177
-0,5301974
1,111901
-0,7211406
-0,6103208
-1,058979
-0,1318474
0,007581517
0,3633333
0,2003503
0,02194387
-0,7029037
-0,01828986
-0,3962881
-1,394142
0,05156404
0,4968289
0,6802874
-0,4884331
-0,9168075
-0,4158476
-0,4747814
0,7825966
-0,9016785
0,3674817
-0,7604373
0,04131842
0,2616143
-0,7936093
0,1247762
-0,6416441
1,407564
-0,2157193
0,6218757
0,8016968
0,03913604
0,1853148
1,259251
0,7446619
0,4980265
-0,0516001
0,08516315
0,4314856
-0,03286594
0,04229723
-0,09238827
-0,1977161
0,4066133
-0,2992818
0,1713203
-0,3294179
-1,1927
-0,411512
0,233918
0,1270017
0,1480865
-1,042781
0,1616759
0,6123963
-0,5415964
-0,6088622
0,152017
0,02410859
0,327341
0,362006
-0,549401
-0,07715288
-0,517244
-0,5883001
0,1891762
0,6163887
-0,5051405
0,7385721
0,5829354
-0,9169092
-0,3812465
-0,2380626
0,1399179
-0,01735355
0,1597019
-1,845091
0,3763499
0,8075739
0,3143651
0,5723729
-0,4684759
0,2654835
-0,7658839
-0,1269336
0,3823701
-0,8309775
-0,2977139
-0,0591051
0,4739609
-0,7683481
0,01343369
0,06605089
1,271813
-0,4335423
-0,6072856
-0,3474913
-0,6809694
0,1644342
0,2804398
0,4389663
-0,03626007
0,1520969
-0,8232561
0,2627721
0,50675
-0,3099527
-0,3511014
1,015907
0,0997629
-0,4341249
-0,4076698
1,029348
0,4928751
-0,3362771
-0,8735356
0,4618766
-0,6812146
-0,9832773
-0,05035728
0,7475597
0,5794774
-0,4571763
0,08311248
-1,242287
-0,2479596
0,2636098
1,719749
-0,06677955
-0,1158283
-0,2042573
-0,4094803
-0,3229378
0,6660818
-1,175828
-0,6067997
-0,1722152
-0,5699179
-0,1426936
-0,02936026
-0,1521466
0,2105685
-0,3818462
0,05702165
-0,2352049
-0,9842367
0,6854326
0,562575
-0,2627022
-0,3473139
-0,5156165
-0,216496
0,2139655
-0,01016939
0,5293416
-0,2331321
-0,0875594
-0,1344084
-0,07985795
0,1798853
-0,570948
-0,3845304
0,4107333
0,05346996
-0,2172208
-0,421644
-0,02714926
-0,0606872
-0,4501011
0,57741
0,140373
0,03261197
-0,3927357
-0,7352931
0,4465307
0,1263387
0,5256932
-0,3369133
0,2189879
0,3902493
-0,5096952
0,8486875
-0,1660407
-0,8064278
0,8595861
-0,2233868
0,0714559
-0,121571
-0,458029
-0,6962965
0,299068
0,05433965
-0,2498227
0,5927673
0,01724374
0,1291324
-0,1293858
0,2280365
0,09568864
-0,3733308
-0,2331243
-1,030322
0,2730125
1,156765
0,2679181
0,1428757
0,1196731
0,6705268
0,2490739
0,7038876
0,1978626
0,8048224
0,4201904
0,3156106
0,01068044
-0,1605184
0,08448856
-1,216571
-0,07022382
-0,598655
-0,9645231
1,312825
-0,01948512
0,5950664
0,3643186
0,1752531
0,1319836
0,7170027
0,2544385
0,1164423
-0,5702414
-0,3918065
0,2931901
0,2257332
-0,1895084
-1,058956
0,3575261
0,4139681
-0,1570159
-0,1666914
-0,2353729
0,3425449
0,9219312
-0,2213531
0,2784683
-0,937857
-0,01739956
-0,0149917
-0,9108765
-0,1579264
-0,199705
-0,2998693
-0,08095092
0,6390656
-0,1073956
0,6928657
-0,4379933
0,5190639
-1,182143
-0,6371925
-0,7102193
1,201205
-0,08740491
-0,3651021
0,242793
0,18628
-0,4203047
-0,241048
0,06714779
-0,411148
0,3792835
-0,1904795
0,1914852
0,649448
-0,4914971
0,5790306
0,350783
0,2922218
0,0611648
0,182947
-0,6097898
-0,220405
-0,343996
0,1020829
0,8330306
0,578599
-0,9335723
-0,4086487
0,4030119
0,9055427
0,7962785
-0,6975364
-0,7778643
-0,7001165
0,4645919
-1,063049
-0,3916731
-0,03647149
0,3130882
0,9722931
0,0153752
-0,7180042
0,02017003
0,4223207
0,04645953
0,05586736
0,4801812
-1,27914
0,9560637
0,6763084
-0,08004445
0,1340863
-0,4725224
-0,05437887
-1,063288
0,1094389
-0,4231113
-0,09065843
-0,2134742
0,8423697
-0,1161975
-0,1460305
0,5589469
-0,6921422
0,7731377
-0,5536305
-0,4611992
1,043943
0,3959324
-1,352912
0,3088188
0,1975295
-0,2105747
-0,6066868
0,03053802
-0,1635116
-0,4668883
-0,3035537
-1,766785
0,6435896
0,9076636
0,04594275
0,1416069
0,5380392
0,231365
0,596684
0,7284392
-1,305165
-0,1988746
0,2471034
-0,5638555
-0,2665345
0,4038839
0,4320001
-0,4621309
0,6697048
-0,7491649
-1,195073
-0,1047718
-0,5670923
-0,34225
-0,1445274
-0,1422051
-0,09429473
1,000075
0,5885987
0,04128641
-0,1430121
-0,9572546
0,4732363
1,060487
0,6684731
-0,753009
-0,109716
0,7453712
0,9175115
1,223622
-0,2938725
-0,2941604
-0,3653671
-0,1819985
0,07497816
-0,4198953
0,01612061
-0,2953731
-0,1886534
-0,693552
-0,486883
-0,8344252
0,005578101
0,2103706
0,6357418
1,013648
1,116796
-0,06673117
0,8679303
0,1981257
1,081764
1,70465
0,06370407
0,2838411
0,1118194
-0,8219076
0,2183149
0,1829843
-0,2752784
1,232238
-0,05575699
-0,6440497
-0,9443631
-0,2312904
0,6569018
-0,1899991
-1,047742
-0,332062
0,02849776
-0,2120884
0,6885231
0,6071468
-0,399563
-0,1031927
-0,1984469
-0,2410354
0,1283211
-0,005511045
-0,04499537
0,4290839
-0,6022819
0,5844488
-0,01954418
0,5016674
0,4357432
0,1635131
0,404161
-1,054692
0,2141955
0,2256069
-0,5151767
1,279361
0,0182458
0,6149176
0,7632561
0,1281871
0,8423077
-1,343164
0,20854
0,4794868
0,2646945
-0,814784
-0,5414725
-2,340376
0,3674141
-0,7779271
0,4016058
-0,8154343
-0,01005912
0,1886716
-0,9595327
-0,4846849
0,9409714
0,2005164
-0,7327142
0,8677856
0,2025237
-0,003000379
-0,8975317
0,3196132
-0,9455047
-0,3310236
-0,2202036
0,1948257
0,675959
0,2540268
0,4653985
-0,1405637
1,334655
-0,4627549
0,5354126
0,06595652
0,4506748
-0,05179015
-0,7405826
-0,7758627
-0,9178175
-0,4925095
0,3535841
-0,1748651
-0,875501
-0,4494781
0,3146746
-0,6010029
0,1398619
0,8900703
-0,701462
0,7240308
0,5517613
-0,559202
-0,003173351
-0,9538056
-0,524446
-0,6645554
-0,02144177
-0,001016453
0,928326
0,2128568
0,1891096
0,6528522
0,3553644
-0,4200012
1,224143
1,213284
0,1686528
-0,5144216
0,162688
0,8211941
0,9377052
-1,324586
-0,1693825
0,110814
0,6035681
-0,1724197
-0,005909681
-0,1461307
0,3450526
0,3350506
-0,9384866
0,3794223
-0,5317458
1,37832
-0,6565626
0,8603321
-0,05582476
0,5262472
-0,5407493
0,6645819
0,8880205
1,077506
0,03465544
0,5850524
0,1744726
-0,9941767
-0,1386091
-0,115218
-0,3596153
0,0994795
0,2679549
0,1426777
0,6311485
0,478633
-0,3019286
0,0986084
-0,401986
1,01932
0,5229031
-0,510939
-0,3209074
0,656611
-1,272801
0,3092121
-0,8817343
-1,635262
-0,3029898
-0,5019498
-0,5293603
-0,4506564
0,2496884
-0,9568563
-0,07424158
-0,08092113
0,5003531
0,750113
0,2182706
0,1443852
-0,5681841
-0,5833798
-0,0686899
0,3984182
0,05677164
0,4867935
1,286593
0,7219456
-0,6149228
-0,5913578
-0,2002649
-0,4260705
-0,07463378
0,1695212
-0,670849
-0,2315648
-1,098425
-0,3025993
-0,7397825
-0,2913443
-0,1404758
-0,2939631
-0,06217051
0,7707043
0,1683747
0,4588661
0,625745
-0,01560032
-1,131323
-0,5739406
-0,725863
-0,6807247
-0,2329132
-0,3363495
0,7836363
0,3042998
-1,386509
-0,9377894
0,4678908
-0,2957821
-0,5802504
-0,07837142
0,05423617
0,6315649
-0,1830278
0,03094202
-1,12039
-0,05463159
-0,3690318
-0,8108456
-0,856033
-0,1910611
0,4377171
-0,1679456
-0,3009326
0,7355471
-0,06361967
-0,3581516
-0,1043291
-1,324782
0,3587077
0,3051858
0,5335244
0,8440986
-0,5177854
0,6509627
1,169853
0,1925434
-0,6319733
-1,159055
-0,4922223
-0,05357438
-0,6968345
0,07473296
-0,3752681
0,0002192855
-0,222212
0,1903924
0,6670239
-0,6452371
0,5259985
-0,8601184
-0,01534833
0,1443291
0,4098378
0,9560126
-0,4784139
0,2747447
0,7319288
-0,21693
0,1052645
0,7772925
0,9120415
1,746449
-0,1220054
-0,6742661
-1,043096
0,3758714
-0,8852576
0,3630404
-0,06652451
-0,04387063
0,01728646
0,4701449
-0,2061075
0,7477838
0,493692
0,3141821
-0,06695713
0,4598831
1,039962
-0,5675569
-0,1473614
0,8801807
0,5264907
-0,5126485
-0,6794224
-1,013938
-0,4049896
0,2115059
0,2205163
-0,3567236
-0,3714903
-0,800563
0,2992805
-1,112983
0,2631804
-0,6159517
-0,130348
-0,7023711
-0,101261
-0,4686911
-0,220928
0,8656593
1,525564
0,1619174
0,2801141
-0,5255761
0,02560864
-0,2519233
-0,1079604
1,295643
-0,8240434
0,6469473
0,4259307
-0,07609029
-1,080166
0,4169912
0,0589726
0,9687355
-0,4584122
0,7821686
0,7529646
-0,4146419
-0,1976497
0,7767749
1,27529
0,2067882
1,254855
1,067063
-0,1288238
0,0421555
0,6244644
0,05734307
-0,118195
-0,2163764
0,8868552
-1,590073
1,002002
0,2953731
-0,4141982
-0,1313242
-0,6744392
-0,04566312
0,624492
0,07703489
0,004194379
0,2874485
-0,08526754
-1,425395
-0,511058
-0,2204931
-0,33177
-0,1448741
-0,2579383
0,08850795
-0,1761683
-1,411432
0,6547639
0,1603335
0,1062437
0,2138432
-0,4445897
-0,06212777
0,187851
-0,638075
-0,2123875
-0,4206095
-0,8427415
-1,155895
-0,7408512
1,00326
0,1013976
-0,7834123
0,3768203
0,4862012
-1,05063
0,03301501
-0,1150474
-1,37451
0,2602858
-0,4922376
-0,08857709
0,6491845
0,5210448
0,7468408
0,07689206
0,1557088
-1,103052
0,4800226
0,46707
-0,03278148
-0,2300186
0,1996437
-0,07503626
-0,08432496
0,3297762
1,03879
0,349131
0,2844043
0,2370234
0,3339856
0,03625238
-0,6178216
-0,5572417
0,2208974
0,3343706
-0,4751343
-0,2863992
-0,5075282
-0,0429346
0,2923881
0,7025141
-0,8232688
-0,02728409
0,4901629
0,6652535
-0,03772575
-0,2660096
-0,1324427
-0,4478436
-0,2473074
-0,2319575
0,112933
-0,4544128
0,5895247
-1,085971
0,7410311
0,7617468
0,6267831
-0,01289059
-0,2239456
-0,8349375
0,1802988
1,388652
0,4556684
1,006546
0,799449
-0,8883161
-0,1096678
0,07816915
-0,2496582
1,472521
-1,022075
0,1616005
-0,6883596
0,5527542
0,5840342
-0,2337481
0,7373857
-0,3609693
-0,8779165
-0,6067523
0,7879783
-0,5025149
-0,0860042
0,5729492
-1,134719
0,04129982
-0,336365
0,1225727
-0,1390871
-0,1953817
0,1924424
0,3628535
-0,01452012
-1,456659
0,213168
0,1310734
0,3017337
0,5415877
-0,2345466
0,3245459
-0,1602371
-1,950921
-0,2585741
-1,567756
-1,027895
0,1352809
0,2519596
-0,1146849
0,7230883
-0,4679269
0,6845376
0,6402504
-0,82165
-1,011541
-2,23597
0,6456648
0,2576879
0,06242067
-0,08094767
-0,03179306
0,3417411
0,7156612
-0,791613
0,5773026
0,00292182
0,08923018
-0,3502982
-0,2181242
-0,933515
0,8162416
-1,488791
-0,9146631
-0,9576644
-0,06985271
-1,136651
-0,1961393
-1,054277
-0,4850971
0,304873
0,140536
-0,157198
-1,1947
-0,436513
1,317467
0,4108658
-0,4233838
-0,8160822
0,3888929
0,8868232
0,6978845
-1,004941
-0,450353
-0,3281713
-1,582092
-0,2241808
0,6639864
1,087329
0,3393383
0,1855994
0,08846337
-0,0405807
0,2233098
0,5614175
0,1428451
0,884236
0,1422414
-0,04221737
-0,7035092
0,6575078
0,266636
-0,109696
0,2952225
-0,3571379
-0,3883703
0,3535649
1,722414
0,1683367
-0,04949981
-0,2643883
0,4143808
0,8208818
0,06475359
-0,09259486
-0,2999671
-0,6956003
-0,4037113
0,89986
-0,3400236
-0,9286504
1,23826
-0,7976286
-0,1824916
0,08584154
-0,3110668
1,871482
-0,3819954
0,2575936
0,3690999
-0,8188097
-0,1053699
-0,07785237
0,6861538
-0,4426457
-0,1792591
0,1552845
-0,917619
-0,4036468
0,513382
-0,4181948
-1,97332
0,17355
0,4965702
-0,3490692
-0,3081946
-0,6837832
0,4664179
0,3599283
-0,07369548
0,4933436
0,2207737
-0,3501446
0,7320597
-0,6489237
-0,01863086
-0,3283361
0,1499286
-0,5542312
-0,6327239
0,3545786
0,2405516
1,105121
0,8778768
-0,6466365
-0,985833
0,3852664
-0,6371916
0,0410236
0,4006247
-0,1177526
-0,4793249
0,101771
0,007632852
0,6736993
0,1444133
0,6023902
0,4657353
-0,8861461
0,2908047
-0,2583406
0,1884615
0,767328
0,4105638
-0,1900183
0,2038766
-0,1450121
-0,05555995
0,1556695
-0,06805861
0,2691311
0,3146265
0,7495414
-0,2253962
-0,9399207
0,5237781
0,6592687
-0,1204527
0,8151172
0,4985563
0,04272583
0,5395236
-0,7641307
-0,2925131
-0,1371655
1,093331
-0,8296614
0,0742062
1,048192
-1,374183
0,1304737
-0,1559235
0,02666181
0,9335265
-0,3670927
0,4183015
1,053517
-0,05661048
1,121675
-0,1755544
0,3731252
-0,9596528
-0,09624143
0,1250942
-0,8371969
-0,03075004
-0,7573352
-1,603524
-0,390346
-0,2517352
1,455346
-0,1695317
-0,3581433
1,492862
0,169513
0,588689
-0,5339793
0,8968921
0,7789467
0,1964086
0,9299365
-1,064521
-0,4871433
0,6474613
-0,2805856
-0,01962578
-0,8506491
0,6705436
-0,979517
0,8232902
0,4487441
0,4366546
0,3212648
-0,001498163
0,8128667
-0,825008
-1,026512
-0,1788085
-0,1661565
-0,459751
0,2668608
0,1734214
-1,335085
-0,1527573
0,04763018
-0,5607105
-0,3134001
0,6088951
0,01768225
-0,9479145
-0,06464809
0,3532431
0,8813542
-0,0605067
0,5085462
0,4925666
0,1859773
0,5708577
-0,005793333
0,7922218
0,04385546
-0,2702236
1,808528
0,8169645
0,4743136
-0,2919563
0,831013
0,6260124
-0,5263847
-0,442261
0,3804693
0,06701612
-0,1333988
-0,1544525
-0,1907526
0,1300167
1,159026
-1,190278
0,5836568
0,3539778
0,2236877
0,6100578
0,8695223
0,1117392
-0,3735349
-0,157977
-0,7684145
-0,7884915
-0,2858985
-0,4524081
0,4720414
0,06541753
-0,0603171
0,5613954
-1,002093
-0,560959
-0,3684951
0,09709673
0,08015583
-0,01020534
1,180188
0,9542941
-0,5056179
0,8526704
-0,2104928
0,4297132
-0,6478034
-0,2739894
-1,284044
-1,268127
0,3755424
0,7126119
0,3470976
-0,0619753
-0,1157081
-0,7409766
1,336617
0,3640355
0,786377
0,3907973
0,2094831
0,8859167
-0,4301479
0,2726462
0,6105414
-0,3633069
-0,06545633
0,1878089
-0,01399358
-0,004659787
0,3284106
0,9672969
0,1498604
0,6340735
-0,3390629
-0,2781052
0,1769555
-0,06147933
-0,2724161
-0,9422721
-0,1476933
-0,8012714
-0,6591712
-0,2123016
0,4467859
-0,5592629
0,04455404
0,2655621
-0,9063712
-0,4909887
-0,1436672
0,949218
0,0549956
-0,3829031
0,4230711
-0,2252299
-0,3197147
-0,7301823
-0,2207744
-0,6512573
0,3325273
-0,594542
0,1691079
-0,8488828
0,5299534
-0,02076179
-0,3365983
0,5659766
-0,6928656
1,883868
0,9294071
-0,4529776
-0,6855471
-0,1560622
-0,4470283
0,02475677
0,5001521
-0,1371952
-0,4841849
0,2667874
0,2750264
-1,040048
0,3268676
-0,3022724
0,1913863
-0,1466194
0,7298728
-0,02032806
-0,02952111
-0,1420301
-0,2582605
0,3133967
-0,04996485
-0,02101213
-1,08292
0,3651051
0,3249137
0,693211
-0,3313673
0,1029876
0,1546757
-0,464792
0,2758502
0,1570711
0,2891626
-0,5114471
-0,3028386
0,3768134
-0,4331031
-0,8936904
-0,5853246
-0,3347687
0,02987514
-1,062584
-0,05627173
-0,4745619
-0,3707214
0,611783
1,622768
0,1133182
-0,3153368
-0,8205863
0,2504582
0,3530314
2,431352
0,2355477
-0,1029077
-0,09603167
0,2359504
-0,2948885
1,121713
-0,285743
-0,1292415
0,8798165
0,7258101
0,24872
0,6589971
-0,1021153
1,732768
-0,6461042
0,7092701
-1,404873
0,7351595
-0,06537409
0,3812101
-0,3615576
-0,214034
-0,02023657
0,3079759
0,3448895
-0,01432681
0,7415383
-0,8884097
0,6284582
0,1303714
-0,02009875
1,192785
0,05959934
-0,1061946
0,02724753
-0,32001
-0,1516062
-0,07346117
-0,2341947
-0,008918762
0,3786024
1,139686
1,80047
0,5250028
1,057632
0,8233705
-0,6458368
-0,7196663
0,4366955
-0,5980766
-0,4276286
-0,3128314
-0,44823
-0,6205216
0,2554353
-0,4374372
0,7194338
0,3166829
-0,8888454
-0,3539836
0,6252689
-0,5326365
0,6610552
-0,302285
0,119351
0,5498604
0,1210548
0,3112044
-0,4196494
0,8479435
0,7396772
0,5414113
0,7328886
1,023901
-0,1640934
-0,5941318
0,3282858
1,057395
0,2918974
0,7187897
0,4010779
-0,3197176
0,6878853
-1,777898
-0,01329666
-0,3407647
-0,2708585
1,305502
0,5328049
0,1102183
-0,6895031
0,9990094
-0,151706
0,06767148
-0,926288
-0,4553403
-0,279513
0,5742614
-1,192736
-0,4757084
0,1255386
-0,7042956
0,4778522
0,4531152
-0,2068356
0,6657289
-0,4375829
1,629397
0,3360449
-0,2155194
0,07036346
0,1532804
0,6363398
-0,09292507
0,7087896
-0,4481464
-0,5739345
-1,184023
0,3210571
-0,07562107
0,7400892
0,2313289
-0,0905081
-0,1941229
-0,3346784
0,3844507
-0,07805419
-1,041178
-0,109463
-0,8235331
0,9114738
0,8743695
-0,4161071
-0,7134229
0,5437422
0,08349466
0,453593
-0,04282957
-0,8362189
1,147973
0,452221
-0,1865727
-0,4290735
-0,2814003
-0,4524207
0,03870112
-0,04538077
-1,070251
-1,130366
-0,862843
-0,4329484
1,143975
-0,1529898
0,07693249
-0,1567976
0,4030126
0,1016467
-0,2172101
0,1205341
-0,4362069
1,130545
-0,8071947
0,3325815
-0,426191
-0,8941973
0,4670807
-0,2865399
1,07828
0,07595646
0,898898
0,3275148
0,2878165
0,09372787
-0,6494486
0,7149971
0,03805876
0,4459073
0,1736411
0,3303286
-0,6046672
-0,6250329
-0,2545329
-0,6157501
0,7610422
0,03826505
-0,4377782
-0,3795918
0,5424995
0,09961437
1,078432
0,4336627
0,372319
-0,7967238
-0,6884432
-1,272242
0,7665263
0,5875146
-2,124005
0,157437
-0,1701559
0,9206926
0,6036373
-0,08903074
-0,5003346
-0,934534
-0,2495152
0,2046939
0,5704422
-1,337127
-0,3248418
0,03301607
0,7669677
-0,8780441
0,1524301
0,4026991
-0,7461317
-0,02646333
0,7536949
0,3795329
0,1300045
0,002873719
0,2896106
1,220337
-0,598755
-0,04403645
0,04671776
-0,752333
-1,579844
0,3190773
0,2995625
0,2580448
0,02996862
-0,1749359
0,3422351
-0,5525699
1,40529
-0,5917346
-0,2667624
0,8480963
1,271947
-0,2381365
-0,2778981
0,07592669
1,317197
-0,6930895
0,7961153
0,6018831
1,359729
-0,6913158
0,3733931
0,5782947
0,370171
-0,2986034
0,4398522
0,1458415
0,3881282
0,2743309
0,6342722
-0,0383634
-0,4583376
0,5229941
-0,2846826
-0,4187936
-1,267285
-0,5020922
0,1275731
-0,6294242
0,05879545
0,5650931
-0,3194243
-0,3706564
-1,047004
-0,3965183
0,2931564
0,5887138
0,05133158
-0,753028
0,3730357
1,131937
0,8171061
0,2722336
-0,4898726
0,2560576
0,4392791
-0,6617683
0,9528304
0,4282199
-0,3080006
-0,5898938
-0,715069
-1,421301
-0,738339
-1,269255
-0,3962778
-0,282706
-0,4568799
-0,3132422
0,322348
0,8157611
-1,344187
0,09688592
0,1816022
0,07372904
0,01442116
0,1472273
-0,4589633
1,124669
-0,2769882
0,219491
-0,1254957
-0,03413153
0,1341573
-1,050611
0,4382457
-0,775866
0,07291096
0,2423366
-0,05647951
0,2764689
0,5276152
0,2352267
-0,3917274
-0,05119729
0,4226452
-0,05435252
-0,2165015
0,1225254
0,2486866
-0,08051425
0,9388958
0,4652345
0,5864362
0,1486645
0,1449992
-0,2920753
-0,1340379
-0,1699126
-0,2940263
-0,3409433
0,6317763
0,5955196
-0,1991541
-0,9330072
0,4256274
-0,01126933
-0,6670716
-1,637359
-0,2975946
0,5089647
-0,4966905
0,1217517
0,324861
-0,8438082
0,1827604
-0,7726157
-0,6620696
0,6268351
-0,09626251
0,3101557
0,4432115
0,3802316
0,8894932
0,08512771
-0,2361379
0,5063549
0,2183968
-0,6003786
0,01970908
-0,5212405
0,2726411
-0,00452067
1,062691
-0,06772077
0,3431412
0,564307
1,059378
-0,4611124
-0,1871952
0,4814112
0,6241472
-0,01866873
0,07116818
0,2092779
0,5025738
0,5446394
0,5473533
-1,081269
-0,3181692
-0,3601347
0,2730959
0,731828
0,4755177
0,3595136
-0,9247431
-0,8911226
0,7328662
0,6446543
0,295261
0,9413155
0,2694642
0,02471606
0,06120312
-0,2414057
0,1974569
0,1726626
0,683928
0,02995996
0,3899956
-0,09424216
-0,6176078
0,9225823
1,154471
-0,1779199
-0,1243658
0,07812963
1,146222
-0,461719
0,3905413
0,2718405
0,4070114
0,181334
-0,906295
0,8629513
0,08255965
0,2892944
0,6165034
-0,2057406
0,6849596
0,05291288
0,2456053
0,210569
-0,3176956
0,4149907
0,3386019
-0,8485481
-0,05346593
-1,272296
0,5989662
-0,38098
0,04764855
-0,70863
-0,3133664
-0,1245748
-1,668094
-0,0349644
-0,8391107
0,04363579
0,726928
-0,3082387
0,4587004
-0,3998922
0,1264719
-0,488375
-0,3489362
-0,3139973
-0,4416065
-0,01436789
-0,184353
0,3478054
0,1729912
0,9332389
-0,1548226
-0,27631
0,09201281
-0,1582711
-1,379525
0,6870884
-0,5688756
-0,4039863
-0,7369844
0,2706027
0,9423727
0,4610245
-0,1621836
1,209895
-0,4954402
0,3388546
-0,2165608
-0,3800792
0,2108505
1,416169
1,015401
-1,253525
0,3430311
-0,2679179
0,07957131
-1,069061
0,5964888
0,5985206
-1,398475
-1,589599
1,068865
0,9527017
0,3751132
0,5293376
-0,9022186
-0,07929468
-0,8769993
-0,03235546
0,8709931
0,02070761
0,1983913
-0,5399638
-0,3118957
0,6016133
-0,5547884
0,480826
-0,1182913
-0,1491539
-0,9515645
0,2160341
0,305773
0,3796492
0,3188379
-0,8383902
0,6410449
-1,149991
0,6002961
0,9763162
-0,07345605
-0,2655588
-0,8376475
0,8062423
0,9299247
-0,2527596
0,4971598
0,188381
0,1345287
0,3116357
-0,6788412
-0,346268
-1,121997
-0,629841
0,4144056
0,7809408
-0,2540946
-0,0606389
-0,2524661
-0,2990772
1,295997
-0,230153
0,09014893
-0,7076201
-1,017129
0,1535519
0,06547666
0,1838767
-0,3592008
-0,6120431
0,8103791
-0,3852863
0,5420443
0,2807855
-0,2109182
0,6493227
0,7211168
0,4659823
-0,2287716
0,05255108
-0,4421572
1,428416
0,3970155
0,3060065
0,05777985
-0,5711692
0,1731567
-0,3122929
-0,533232
0,08039537
-0,5116863
0,1729809
0,7440881
0,6328827
-1,038274
0,3715116
0,02680463
-0,602429
1,22936
0,8875382
0,2130004
-0,05068214
0,8442155
-0,06120105
-1,188237
-0,1398828
0,3386515
0,1961567
-0,8161895
0,6144991
0,4108024
0,9103481
-0,1871206
-1,566903
-0,8940048
0,6880155
-0,7482463
1,421817
-1,51572
-0,01327649
0,1933011
-0,1196477
-0,483376
0,3295963
-0,2005002
-0,235608
1,404723
-0,5243412
0,2864557
-0,3363022
0,9422925
0,2905881
-0,1895127
-0,006315172
-0,7386751
-0,3608627
0,4313995
0,003474832
-0,1671448
0,3510895
0,5654726
0,5646897
0,09814958
0,5497226
0,1575529
-1,020356
-0,4344422
-0,3202457
0,0867179
0,8225632
-0,01615691
-1,380981
0,1882869
0,7535647
-0,2254987
-0,4714631
-0,6284808
0,7059231
-0,5122151
0,2110123
0,04792249
0,02362496
0,1084905
1,34396
-0,1794541
-0,620505
0,8239526
-0,03200908
0,8353311
-0,2902398
0,3273389
0,2507522
0,128643
-0,4040225
-0,9812796
-0,6690581
0,8024479
-0,3405924
0,5510177
-0,1830691
0,1040058
-0,3273473
0,3592135
-0,8336471
0,243109
0,5141996
0,3710841
-0,3232533
0,116316
-0,415336
0,1701618
-1,172017
-0,1018844
0,04390788
-0,7503657
0,8533351
0,4221578
-0,3944759
0,9645286
1,183503
-1,124143
0,6244413
-0,5518898
-0,01643038
-0,4890155
-0,193496
-0,2312341
0,425519
0,4231035
-0,293118
-0,05437711
0,5186886
1,014937
0,2022769
0,5079104
-0,04172923
0,1177262
-0,3162602
0,5892013
0,5101078
0,1900665
-0,07061946
0,5610039
0,1263965
0,2864436
0,775611
-0,2755769
-0,4157608
0,860467
-0,3169817
0,03879076
0,4199558
-0,1275955
-0,4818393
-1,119719
1,240662
-0,5825207
0,4437089
-0,3896356
-0,4223343
0,05655801
0,6040355
0,8280095
0,7972536
0,2942321
-0,05818838
0,4397063
-0,7369987
-0,3259541
0,2532166
-0,776094
-0,5983889
-0,08311176
0,2346181
-0,3462983
0,3605654
0,2501162
-0,08492233
-0,1458243
-0,1880486
0,1110339
0,2156176
-1,523724
-0,6391777
0,2452969
-0,2934151
0,4039009
0,3240508
-0,2922402
0,4825451
-0,6046956
1,784944
-0,2341935
0,0711602
-0,02587819
-0,1599051
0,5181789
-0,5553513
-0,1504912
-1,263413
0,4612308
-0,1552525
0,6397899
-1,683385
-0,06621045
0,06149167
0,01193821
1,207586
1,16962
0,7171351
-0,02317865
-0,6176661
1,31945
-0,4452409
-1,219405
-0,3296208
0,1533771
-1,215421
-0,4458565
0,04047477
0,5122931
-1,009933
-0,3589309
-1,5163
-0,4404842
-0,7821019
0,6909475
-0,3131523
0,7877988
0,3902308
-0,02414151
0,08990663
0,1683779
0,1864827
-0,1517059
-0,01537907
0,2896872
-0,5700405
-1,397916
0,3849728
-0,6328504
0,09914464
0,423115
0,6917656
0,1648452
-0,03732216
-0,8911743
-0,4616899
-0,02171302
0,6009789
-0,7388506
0,00657171
0,1013054
0,7044064
-0,2008693
-0,2588662
-0,1688421
0,1017756
0,4217771
-0,5773678
-0,05956967
0,4048206
0,3675925
-0,1984253
-0,4254486
0,4005308
0,426548
-0,5647641
0,7752103
0,2611132
-0,09304321
-0,1630116
-0,03417313
1,0869
-0,1641107
-0,2042709
0,2438172
0,4153055
1,378937
-0,5666018
-0,06627673
-0,7065359
0,9887971
1,053533
1,620111
0,9336191
-0,1096778
-0,018112
-0,7841968
0,9256675
-0,4265626
0,5260942
-0,2571146
0,6418357
0,3352231
0,4841691
-0,5621349
0,6399134
-0,7032847
-0,7323686
0,4782416
0,4419724
0,3044287
-0,8534696
0,6232183
-0,5112401
-0,973609
0,2937313
0,201857
0,6917143
0,6222302
0,6607462
-0,7655587
0,0321095
0,09487015
-1,34288
-0,1989489
-0,0159352
-0,2335252
-0,304336
0,3624316
0,7664556
0,2297914
0,003349066
0,7572802
-0,3213112
0,8617891
-0,6457959
-0,2397285
-0,7012918
-0,1925697
-0,4820511
0,4363172
0,1106094
0,4395462
0,1859288
0,04353702
-0,7657349
-0,8120431
0,2080142
0,5445427
-0,09297234
0,2096338
-1,420275
0,3180604
-0,6977167
0,7287737
0,8710355
0,481514
0,2741879
0,02530146
0,1070746
0,8130431
-0,8579766
0,6010939
-0,5093271
0,1706555
-0,04053122
0,3998878
-1,00566
0,09444749
-0,00148356
-0,1593446
0,03299582
-0,01543826
0,1141319
-0,04988636
0,7852631
-0,08977336
-0,5809834
-0,1072922
-0,3456708
0,1115614
-0,5270579
0,5857285
0,2494705
-0,2304341
-0,4427711
1,324877
0,3690715
0,7032073
-0,3952307
-0,01842375
-1,044135
0,2417979
1,052689
0,2935984
-0,5231452
0,2497579
-0,01686174
-0,4473604
-0,3149014
-0,5705249
0,2075196
-0,258314
-0,1621646
-0,2139354
-0,3772135
0,3929237
0,07453674
-0,1941731
-0,6446996
0,6246663
-0,3331944
-0,3755176
-0,08741212
-0,2425919
-0,6451209
-0,01820767
-0,7261602
0,1481892
-0,1103567
-0,4750968
-0,1034931
1,391553
-0,2727525
0,5299686
-1,402964
-0,08353926
0,5061316
-0,8264707
-0,299323
-0,78523
-0,7200785
0,9228227
0,8181437
-0,2818708
-0,3219824
-0,1737691
-0,2271598
-0,6335193
-0,349752
0,3189383
-0,428302
0,9515249
0,889739
-0,3538116
1,072685
-0,8826507
-0,1673105
-0,715856
-1,086225
-0,1248658
-0,4086492
-1,174992
0,2761993
-0,1438198
0,3948622
0,1868248
-0,6407253
0,1507121
0,1938138
0,9318383
-0,5185359
-0,6382009
0,4336759
0,3168765
0,2213154
-0,4284953
-0,7316713
0,79522
0,571262
-0,2422631
-0,1545563
0,5080007
0,7937288
-0,1620379
0,8232442
0,6049575
0,1494968
0,2138013
1,492281
-0,5561629
-0,04200599
-0,2854669
-0,030876
0,3763703
-0,2496333
-0,201377
-0,9213828
0,7548527
0,9389032
0,007173359
-0,5130205
-0,3810102
0,5030991
0,3979467
0,1030743
0,6619608
0,6759373
-0,2226737
-0,3083085
0,06511939
1,07041
-0,1028147
0,198082
0,003680587
-0,569107
-0,05734867
-0,179445
0,199118
0,8543395
0,1191161
0,2706491
0,4313603
-0,3996059
-0,4467949
-0,825233
0,8278273
-1,281251
-0,275178
-1,553042
0,02367747
-0,07880402
0,06192774
0,4575195
-0,2289309
-0,3156625
0,2503906
-0,2251253
-0,03465033
0,1092546
0,2281443
-1,169475
-0,1613632
0,8035318
0,1724018
-0,2124236
0,6330925
0,1495877
0,4569164
0,220556
1,332532
0,4568007
-0,496267
0,6564149
-0,4976136
0,6753521
-0,2469369
-0,05793889
-0,3571934
0,1691619
0,6101493
1,119593
-0,07516009
0,428341
0,07591981
-0,1643087
0,1283465
0,676297
0,3361474
-0,3148973
1,491071
-0,7919785
0,1118782
0,5514189
-0,221514
-0,8488619
-0,1830997
0,911221
0,07983594
0,2685795
0,6979564
-0,3850067
-0,07937378
1,020268
0,02584887
-0,7216202
0,713982
0,6322189
-0,1134885
0,1563214
0,3321746
-0,2761329
0,7301488
0,002027571
0,6006618
-0,6796947
0,1798417
0,186904
1,037311
-0,1986899
0,0875586
-1,038375
0,03272974
1,12947
-1,761458
0,07155448
-0,1405247
-0,5999117
-0,3177784
0,9543293
0,1152428
0,4775596
0,02946544
0,7161409
-0,005609512
-0,5479963
-0,7113625
0,2362135
0,5515366
0,3241011
0,5901886
-0,1944144
-0,7074429
-0,3055209
0,4965121
-0,4708902
0,7216253
0,3227445
0,4022291
0,4085282
-0,4580309
0,6730799
1,010277
0,5395973
0,1437817
-0,02792495
-0,9874185
-1,281202
-0,3188263
-0,4737648
0,7331064
-1,345464
-0,4419519
-0,5235766
0,724247
0,4316083
-0,3308576
-0,3676276
0,3715211
0,4140918
0,03163753
0,4061056
0,8206472
0,256083
0,3221282
0,9926734
-0,9970586
0,8836617
-0,4509888
0,7815408
-1,087322
-0,02846637
-0,6231762
-0,2001061
-1,315252
0,9249617
-0,4696331
0,1812031
-0,05895263
-0,8281407
-0,163288
0,9447505
-0,1067342
-0,1643202
0,2321269
0,1189422
0,05393904
-0,6383246
0,3491653
0,08473073
0,7215844
0,4791805
-0,5294158
1,099988
0,4125993
-0,1617786
-0,8027059
0,3970754
0,6109778
-0,1365303
0,2062286
-0,8134822
0,4144312
-0,3028313
0,6489192
0,4356832
-0,2863693
-0,008911133
0,8810402
-0,660128
0,127737
0,02807504
-0,8849527
-0,5286248
0,307415
-0,7480972
-0,8016416
-0,1663993
-0,4788982
-0,2646111
0,08822989
-1,464507
0,8373384
0,3201954
-0,05692783
-0,8717452
0,006679893
0,1828103
-0,2680127
0,2438727
0,1181424
0,3576403
-0,6038802
0,09212415
0,3032808
0,6952999
-0,2346734
-0,01616317
0,6880696
0,4814097
-0,3036201
0,5008637
0,2435548
0,5698895
-0,5383242
-0,4387621
0,2099559
0,390463
-0,0148603
0,4055592
0,3685532
-0,326503
-0,05423623
-0,5136148
-0,3321681
-0,3172889
1,274086
-0,9064247
-0,5967305
0,05533245
0,4733724
0,768004
-0,3416739
0,3785874
0,2624708
0,9701238
-0,3648772
0,2298012
0,4018913
0,06779902
0,05443764
0,1997402
0,2317265
0,4198972
-1,055138
0,009452984
-0,3702006
0,9545158
-0,1538825
0,0772242
0,8012486
-1,394172
0,09505853
-0,0566352
-0,4729088
-0,08762735
-0,6440462
0,7167656
0,03417918
-0,3673053
0,13354
0,1235563
-0,9345104
0,07840639
-0,002225637
0,401091
-0,6246362
-0,08926529
1,475768
-0,06483562
0,140409
-0,8973644
-1,021243
-0,4821395
-0,5353118
0,3247556
0,957285
-0,4787603
-0,1649061
0,5192435
-0,4355806
0,4079967
0,9181465
-0,09028579
0,7232631
-0,1139164
0,008486629
-0,08436188
0,8709565
-1,071781
-0,9755654
0,296222
-1,16404
-0,2558431
1,37322
0,02570121
-0,377665
0,4974661
-0,5005622
0,7915226
0,03322749
0,3528041
0,4332868
0,2682727
0,2694817
-0,6083478
0,3190702
0,8204324
0,3647487
-0,1008857
-0,197032
0,04468066
-0,5239885
-0,4529461
-0,02279246
-0,2842574
0,5269052
0,3331726
0,2426375
-1,046407
-0,2352959
0,5801997
-0,03449786
-0,2026083
0,4232
-0,5208521
-0,2359357
-0,1132892
0,2829118
0,3637757
0,802932
-0,4122319
-0,5873258
0,02625525
0,3738517
-0,2756953
-0,06393176
0,01667368
-0,3714913
-0,1648318
0,694089
-1,096081
-0,2975678
-0,7817863
-0,9723285
-0,04334658
0,6180978
-0,2508946
-2,145767E-05
0,2944314
0,2559156
-0,3404391
-0,528291
-0,6786332
-1,393665
-0,1951062
0,2860067
-0,2954405
0,03807344
0,5554546
-0,06225367
0,2419637
0,2858053
-0,7718493
-0,2707816
-0,3321615
0,06516939
-0,7539067
0,5337915
0,2860345
-0,7415175
0,6705299
0,483833
-0,2296323
0,1342632
0,1400968
-0,8275121
-1,336991
-0,349631
0,487116
-0,6800855
-0,05219722
0,3563848
0,336766
-0,1402163
-0,1702896
-0,0220474
-0,2407893
-0,4615198
0,01690292
-0,258361
0,3038301
0,256507
-0,5745187
-0,01379696
0,05419503
1,184282
-0,6175793
-1,193735
-0,484865
0,7076302
-0,1549316
-0,1786556
0,3926952
0,5474023
-0,1263577
0,1911716
-0,4297374
-0,7899697
-0,9117341
-0,4641121
0,3567818
-0,5237973
0,4838086
-0,1975692
-0,8453982
0,8125479
-0,6931453
0,04801393
-0,3918159
0,4860593
0,3444306
-0,4049613
-0,9376583
-0,211026
0,3110762
1,040271
0,7748901
0,7533374
-0,2793596
0,5362566
-0,2327263
0,6052213
1,103007
0,40335
0,07134956
0,5261002
-0,1982216
0,2992221
0,391421
-0,2185808
1,34994
0,4529985
0,6350934
0,8603747
-0,2201998
0,9546889
-0,6821778
0,1485628
0,8733768
-0,125447
0,0402934
1,692013
-0,3015686
0,3279015
0,290168
0,4838408
0,4804682
0,08253777
0,7362335
0,2800535
0,2303761
-0,04997283
0,3235545
0,3479318
-0,4324793
0,6822354
0,74541
-0,188213
-0,2831836
-0,4828522
0,1947744
0,03164971
0,06827638
0,3817657
0,4213562
0,4089525
0,4682808
-0,9986923
-0,01023704
0,3539668
0,6860574
-0,03727467
-0,4385977
0,09413318
0,0800494
0,2231242
-0,6518191
-0,979169
0,02624546
0,2631586
0,6836739
0,3594632
0,165159
-1,661526
-0,3076679
-0,4802704
-0,4891454
-0,5737683
-0,510893
-0,2805088
-0,2956232
0,6115326
-0,9439702
0,4219545
0,1097946
-0,6965731
0,08330745
-0,1632193
0,02928704
-0,5769243
0,01458001
0,2729857
1,00923
0,1126438
0,8145412
0,7351797
-1,033611
0,6209536
0,06270497
0,3742664
0,1149132
-0,1001725
-0,2090782
-0,1783681
-0,1566477
-0,6654671
0,004631281
-0,1572566
0,2748252
0,5841777
0,820238
-0,4396545
0,5357763
0,1665998
-0,1004926
0,3870479
-0,6623447
-0,3115765
-0,7636222
0,2832862
-0,8588167
-0,4934202
-0,1081367
-0,5319726
0,132881
0,07391822
0,5125335
0,2291246
0,3426344
-1,189908
-0,6854458
-0,5821821
-1,351363
-0,1396761
0,9980406
-0,5116538
0,02565932
0,7560194
0,5823703
-0,8487424
-0,762217
-0,1674908
-0,5694778
-0,3451293
0,7764654
-0,5945723
-0,4184141
0,1385859
-0,2336128
-0,4596884
-0,1903242
-1,880699
-0,7699389
0,9781665
-0,2176861
-0,3780984
-0,783906
-0,8273787
0,3874262
-0,8577815
0,09374988
-0,5954731
-0,8095704
-0,1538631
0,6424269
0,05692229
-0,1095995
0,3553938
-0,03431147
-1,010775
0,05094737
-0,5048255
-0,02774984
1,026448
-0,2453578
0,1815974
0,2724362
0,2477244
-0,02451602
-0,5341975
-0,3986203
-0,703725
-0,3381451
0,133165
0,03903633
1,178633
-0,02685672
0,7103018
-0,3165349
0,629228
0,4291975
-0,450304
0,316469
-0,22153
0,02708548
-0,03202856
-1,271116
0,06631446
0,1959932
-0,7777617
-0,2450529
0,1196302
0,08786964
0,4894556
0,06298643
-0,4392118
-0,4414742
0,1548855
-0,7650239
0,5373046
-0,5795333
-0,4379354
-0,04607487
0,5175477
-0,1637979
-0,06852454
0,4650806
-1,044878
1,162174
0,005962372
-0,8783187
0,2730363
-0,636179
-0,3750438
0,8442696
0,3678573
-0,1540618
-0,1460154
0,9114828
0,06254075
0,08934474
0,2534364
-0,6207389
-0,04545271
-1,459887
-0,2371336
0,2534906
-0,4079689
-0,4441276
0,1836032
-0,2330625
-0,2299894
0,1834053
-0,2698392
-0,1233513
0,2828789
0,2447538
0,6861821
-0,2940867
0,07332492
-0,1908496
-0,2755889
-0,367782
-0,2409165
0,512902
0,009713233
-0,1601648
0,1840664
0,02142641
0,2763773
1,114283
0,9254904
-1,365946
-0,3385356
0,02451059
-1,038469
-0,5292978
-0,2339925
0,04177111
-0,01049012
0,3315276
-0,6909248
0,7357295
-0,004273057
-0,7633712
-0,3682649
-0,1496602
0,5737319
0,6399132
-0,1905948
0,2171979
0,2844594
0,5026674
-0,4650572
-0,5313622
0,4887795
-0,1151785
0,9282305
0,03259629
0,4214941
-0,1723909
0,3422589
0,9973907
-0,3759206
-0,7966825
0,245392
0,2568189
0,7511482
0,122728
0,5694557
0,3481641
0,3413172
-0,2377679
-1,211148
0,09614074
0,07279128
1,38687
0,1023487
-0,2415518
0,07914451
0,5559462
0,09186727
0,5316892
-0,6153495
0,4988348
-1,063002
-0,3227711
0,2490216
-0,5000961
0,5870436
0,2810129
-0,8542261
-0,1520384
0,7091013
0,5605741
0,0296191
-0,4334186
0,2507372
-0,2661123
0,4449811
0,3575494
-0,07738961
0,5548997
1,11575
0,2258914
-0,2381909
-1,25757
-0,6332266
-0,8900769
-0,6876613
-0,1083486
0,3022979
-0,1868879
0,1686597
-1,277432
-0,1458287
0,3518667
0,4901865
0,1136891
-0,2709949
-0,6258526
0,4007984
0,3628685
-0,5451527
-0,7100529
-0,559902
-0,6184943
-0,5425453
0,4411603
0,05717099
0,001553237
-0,413443
-0,4223168
0,2313842
-0,03131205
-0,3549353
-0,3005031
0,2456392
0,2629488
-0,09146136
0,07653141
-0,01753195
-0,8223342
-0,5456419
-1,249349
-0,2587299
-0,0529585
0,7328333
1,558616
-0,1504414
-0,727447
0,9412602
-0,05072869
0,3699706
0,05518161
0,3136694
-1,334977
-0,2220295
0,02989209
-0,03242965
0,001685828
-0,06562185
0,2787374
0,8623792
0,344429
0,1467781
-0,8620288
-0,1667807
0,184134
-0,4066806
1,022175
-0,03825767
-0,4155358
0,5702941
0,5623034
-1,038483
0,4756027
-0,300041
0,01645607
0,2908128
0,4587517
-1,043807
-0,2426762
0,7680588
0,4224477
0,1484669
-0,7324198
0,07064736
-1,579608
-0,4268035
0,09384316
0,3830712
-0,8685241
0,5083458
0,1394013
0,4883105
-0,2992814
0,7047074
0,3143906
0,5130489
-0,2426321
0,1059108
0,4877837
-0,7551843
-1,132678
-0,7032008
0,3314973
-0,1297878
-0,3803319
-0,7116275
0,1191678
0,9417522
-0,2462854
-0,2223653
-0,3658289
-0,2721339
-0,330608
-0,1868609
-0,4813499
-0,05420363
0,6587532
-0,3164767
-0,06435318
-0,3993696
-0,408196
-1,590244
1,69012
-0,6711521
-0,1772008
0,8431693
0,5110784
0,5938498
-0,7229249
0,1633403
0,3329412
0,8730267
0,6597009
0,3398574
-0,1806193
0,5086237
-0,8726202
-0,6731483
-0,1841985
-0,4524694
-0,464076
-0,7581156
-0,3792408
0,1114696
-0,3919531
0,4560286
0,5186638
-0,1553077
0,05650485
0,5784872
0,1395939
-0,008824915
0,07965899
-0,2707314
-0,4393101
0,9093918
0,1682408
-0,5146023
1,039607
1,283107
0,7168943
0,6936037
0,01643972
0,95476
0,4384878
-0,002438933
0,7716874
-0,5723855
-0,0364719
1,404135
0,2995676
0,6029823
0,2790157
0,7672061
-0,3645475
0,6006599
-0,8482953
0,6429409
-0,1306667
-0,7271218
-0,124894
-0,004754663
0,695431
-0,6933541
-0,1406657
1,149707
-1,060043
-0,2015451
0,3570939
0,4050377
1,15606
-0,3597781
-0,5640902
0,1256588
0,002852738
0,4302827
-1,051437
-0,7121357
-0,05398494
-0,5080267
0,6535065
-0,0640102
0,1053026
0,888414
-0,06389126
0,9170284
-0,5581872
-1,096328
0,238992
0,2946362
-0,2446107
0,326629
0,4298847
0,5467286
-0,074132
0,2370396
-0,4076734
0,4127606
-0,7298424
-0,2801647
-0,7180687
0,3039083
0,04263538
0,63455
-0,3786895
-0,3313101
0,146491
0,5244026
0,4388044
0,7177562
0,6945191
-0,5963396
0,1781497
-1,048908
-0,3379138
-0,3071029
-0,1606527
-0,4792234
0,5435791
-0,1205029
0,1416764
0,2107093
0,4587528
0,5970936
-1,030346
-0,5513634
0,5843448
0,4183077
0,2203932
-1,000376
0,1591068
-0,09573168
-0,5096207
-1,025005
0,874238
0,8571594
-0,2355748
-0,3566181
-0,819145
-1,067582
0,359459
-1,292269
-0,5036145
0,4007858
-0,4523258
-0,7690263
0,08403921
-1,035896
-0,1126238
-0,613059
-0,7900261
0,1096136
0,631925
-0,4103464
-0,1748503
-0,6625014
-0,153034
0,1927153
0,2017816
-0,4795286
0,2358211
-0,2046942
-0,2292061
-0,3390371
0,2964195
-0,5153936
0,3523428
-0,458737
0,2640541
-0,545108
-0,3036103
0,08172189
0,6907954
0,4228284
-1,125232
0,1772378
0,716442
-0,1406402
0,9924323
-0,2167935
-0,2183555
0,7696068
0,1009535
-0,07382919
-0,8069909
0,4041866
0,07105976
-0,2391927
0,2248819
0,6684713
0,4797904
-0,1350878
-0,6535945
0,368162
-1,447191
-0,7128956
-0,6877359
-0,3974518
1,325553
-0,2762476
0,8712666
0,1884026
0,3279112
0,4218884
-0,2651535
0,3983685
-0,02286386
-0,3618861
0,05468053
-0,2458342
-0,4583949
-0,2564756
-0,4527539
-0,5409896
-0,9131293
-0,5176408
-0,9133974
0,267789
0,313541
0,9983141
-0,3293862
0,4135086
0,8503028
0,9175103
0,4797313
0,0815621
-0,4252819
0,135173
1,163076
0,007144243
-0,7151309
-0,7765666
-0,1772861
-0,3153549
0,9622189
-0,485957
-0,4287893
0,4949492
-1,144025
-0,09598878
0,6200337
0,3343507
-0,5230275
-0,02948171
-0,9576073
-1,077726
0,07750422
0,3225517
0,02106905
-0,1482218
0,4843251
0,2950219
1,36209
-0,3407488
-0,4457754
0,4805065
-0,4369866
-0,3002498
0,5795562
0,325781
0,2656489
0,4320335
0,2177262
-0,00136745
-0,1628764
0,3877475
0,2675521
-0,6914553
0,3760467
-0,1213838
-0,7525356
0,2645683
-1,153455
0,2022576
0,1599812
0,5986671
0,0131042
0,5582253
-0,08714122
0,4371192
0,6618816
-0,2744267
-0,4659563
-0,3132832
-0,902925
0,0786823
-0,1194825
0,3957701
0,7841727
-1,089039
-0,4874103
-0,3818724
-0,1942331
0,04708588
0,527312
0,4087956
-0,5651163
0,2894225
0,3359772
-0,1813197
0,1651505
0,9236007
-0,4821824
-0,2761277
0,08558691
-0,1315464
-0,4415435
-0,1992186
-0,5619905
0,1393248
0,8653951
-0,09592044
0,05761532
-0,1230951
0,5295964
0,4655707
-0,6315639
0,2706276
0,5147251
0,3064616
-0,4409302
-0,03649825
0,3837649
0,1184187
-0,1463081
0,6728049
-0,2331958
-0,5291807
0,4164478
0,6503737
1,014763
0,4263772
-0,2125144
-0,5174174
0,3082891
0,05367355
0,2206596
-1,047313
0,09256105
-1,346884
1,591566
1,226871
0,5215134
0,5944684
0,05891532
-0,5826219
-0,1023791
-0,1138965
-0,2098262
-0,489633
1,098982
-0,1467543
0,171595
-0,01094884
0,6069944
-0,50425
1,308947
-0,5044089
0,2341122
0,7895693
-0,4398984
-0,7903352
-0,4456092
-0,4175305
0,003961444
-0,4278647
-0,3319051
2,027169
-0,7958878
-0,3669814
0,5052119
0,734431
0,4260058
0,732191
0,4752597
1,200649
-0,4311437
-0,4669891
-1,115404
-0,3039346
0,0418961
-0,1076147
0,3367044
-0,0762499
0,3197424
-0,004655957
-0,4268575
-0,8167582
0,1085308
0,5730444
-0,2852758
0,03403091
0,05934995
0,4356273
0,6727869
0,6910849
-0,2091777
0,4999499
-0,7424983
0,8595279
-0,238322
0,2360159
-0,7077897
0,2314632
-1,031116
-0,7284162
0,5233854
-0,1995355
0,02979285
-0,3535951
-0,13286
0,3202711
0,8469352
0,715157
-0,04780567
0,1882777
0,2251318
0,005848646
0,1601571
0,1067826
0,2622629
0,3364348
-0,06020963
0,01669526
0,9948298
-0,5296
-0,1329429
0,8873551
-0,3601098
0,535229
-0,07339275
0,06354749
0,9321179
-0,3440023
-1,290606
-0,3863271
0,1366549
0,5037739
0,08802658
0,3064758
0,482226
-0,9934283
0,6580058
0,2145907
0,1232899
0,6398466
-0,1704657
-1,577838
0,629553
0,388185
0,4893799
-0,7038735
-0,2409146
-0,6637957
0,1423544
0,1179086
1,017056
1,089627
-0,06856525
0,7250746
0,03228998
0,9256469
0,431802
-0,2137805
0,3063501
-0,3381786
0,3928456
-0,1288654
-1,601664
1,013184
0,4399799
-0,4684333
0,3609654
0,2532718
0,332907
-0,6875494
1,218473
0,4077052
-0,05794914
0,2701154
-0,2277018
-0,4930949
-0,4608282
-1,022827
-0,05268359
-1,118583
0,1364017
0,2448169
-0,007436424
0,8911568
-0,4502512
0,2490902
0,9721044
0,960934
-0,7620327
-0,05717051
0,9830866
-0,327024
0,7791535
-0,01330572
-0,6972474
-0,4779786
-0,7053983
-0,1443656
0,06747806
-0,1594288
-0,3470705
-1,208591
0,3543971
0,04035139
-0,3464751
0,4850416
0,645512
0,4731299
-0,02394772
0,9203525
-1,027001
-0,0602603
0,6009626
-0,921742
0,02908397
1,140313
0,3701358
0,08262151
-0,3444429
0,8041934
-0,6791029
1,291735
-0,009648025
-0,2103554
0,4580559
0,9175026
0,9149235
-0,4302647
0,5513656
1,22701
-0,9208605
-0,2687802
1,268337
0,1955355
0,4281087
0,7786896
-1,829257
-0,3405754
0,6640868
-0,06455022
-0,3797364
-0,2460568
1,239463
0,1739609
0,4055552
-0,9676696
0,1750453
-0,07944334
0,1218544
-0,4173836
-0,1073153
0,6699803
-0,148751
-0,1742091
-0,1216537
0,409081
-0,1454364
-0,800847
0,05839843
0,3362163
-0,0631807
-0,4938399
-0,5535263
0,7390305
0,5681214
-0,9550914
-0,9482473
-0,6327068
-0,4728214
-0,3399995
-0,196454
0,9767257
0,4461033
0,1604686
0,3524384
0,3138537
0,1408122
0,08915466
0,3447154
-0,3041701
-0,6094034
0,9935369
0,1235175
-0,5622984
-0,3337985
-0,04436864
0,5020621
0,04504734
0,6368662
0,03159273
0,6637697
0,3641388
-1,123571
0,3620347
-0,3545889
-0,169885
0,3560286
0,6093612
-0,3958995
1,096471
0,5638527
-0,6533493
-1,064047
0,8617866
-1,064967
0,1886794
-0,157975
-0,2606724
-0,03279173
-1,062289
-0,1024571
-0,07712328
0,2330939
0,06553441
0,5049692
0,4068609
-0,08810717
0,5288036
-0,2383344
0,05352461
0,4821197
0,5013908
-1,066715
1,369986
0,4832653
0,3438096
-0,005205631
-0,7402017
0,6547821
-0,04150379
-0,6303598
-0,2776083
0,03239095
-0,7014657
0,6782538
-0,2382538
-0,382539
-0,6576704
-0,576233
0,7881521
0,2457902
-0,4686655
0,5541438
0,5917353
-0,4294477
0,4513506
0,7310374
0,422915
0,2189819
-1,433
-0,09059143
-0,4931014
-0,7478186
0,4738391
0,8874407
0,3638284
0,2112882
0,7830927
-0,1422323
0,2188474
-0,2427431
-0,1988539
-0,3486518
1,160061
-0,08632457
-0,06722856
0,868597
0,7960652
-0,6679201
0,6246449
0,3066863
0,440955
1,135988
0,3833942
-0,4112651
0,8881389
-0,2246609
-0,2959921
-0,3224925
-0,5333417
-0,11638
0,4419409
-0,4457028
-0,006464794
-0,08434665
-1,664703
0,6612653
-0,2145434
0,1107856
0,01241839
0,04253197
0,5292314
0,8898575
-0,2480252
-1,243103
0,03229204
0,2713743
0,4732778
1,51151
0,8111501
-0,3289228
-0,2053093
0,6919757
-0,3408023
0,6047128
-0,1491331
-0,481329
-0,0735178
-0,5061029
-0,9315481
-0,2489779
-0,05672455
1,743423
0,1140745
-0,2518483
0,7183231
0,547551
-0,1911363
-0,3546203
0,2020579
-0,7033735
-0,2067104
0,02310258
-0,6360124
0,2194476
0,4631234
-0,1604704
-0,2556585
0,4553931
-0,7753961
0,6967726
0,4780199
0,6434515
0,3303356
-0,432318
-0,2661919
0,4056965
-0,8106774
0,05220294
-0,0137188
0,2730227
0,6260027
-0,1890097
-0,6649057
-0,1631395
0,2962587
0,1733315
1,527
-0,3232106
-0,1990939
0,3694528
0,4998698
-0,1808585
-0,1062291
-0,07331961
0,3898602
0,2856101
0,2187192
-0,06977177
0,5616274
-0,0895927
0,6610058
-0,1625004
-0,2586192
0,4516925
0,3470098
0,2243363
-0,5773036
0,04584537
-0,3278099
-0,0968429
0,06028301
-0,5335713
0,2873296
0,8130208
0,6831419
0,3048367
1,015463
-0,6341606
-0,07424219
-0,3329688
-0,08827437
0,2601855
0,1639908
0,3743824
0,6748828
-1,109358
0,1424234
0,2796815
0,1437604
0,5268937
-0,1212641
0,4084265
0,3649995
-0,06807518
-0,2815607
0,2267526
0,01205063
-0,7324467
0,2745969
-0,3367401
-0,5143867
-0,0009471774
-0,5229278
-0,9732037
-0,3671352
0,1520579
0,2951898
0,6405184
0,4955087
-0,3650615
-0,3973167
-0,1132761
0,1596729
0,9922302
0,274731
-0,1404125
1,482952
1,086085
-0,8687009
-0,3559005
0,4809659
-0,3750979
0,05105135
0,3885334
0,01225805
0,1326755
0,4444866
-0,2358755
0,9376909
0,1377664
-0,105227
0,7269425
0,6779028
-0,03488517
-0,2328203
-0,347445
-0,7034993
1,746415
-0,7463415
0,3129739
0,5009421
1,110343
0,4244638
-1,476912
1,205986
0,1092764
-1,112423
1,148719
-0,1033548
-0,4306899
-0,9314151
0,02185176
-0,7928573
1,04307
1,428566
-0,3786467
0,4051234
-0,4961478
-0,1757485
-1,368898
-0,05312154
-0,3449414
0,491672
0,3307336
0,9740855
0,4629511
-0,4375026
0,7185153
-0,1791638
0,2278527
0,5950184
-0,4532061
-0,6314823
-0,8868849
-0,5593293
-0,6365054
0,5443417
0,3721306
-0,7366318
0,6279268
0,4124185
1,07135
-0,1227131
-1,091182
0,09282391
-0,04073948
-0,7261785
0,01517074
-0,6915681
0,4709853
-0,2574281
0,09690887
0,3614714
-0,7267311
-0,5313082
-0,4476601
0,09701847
-0,03212954
-1,02812
1,112564
-0,5539457
0,1452837
0,06746489
0,8289015
0,6963342
0,3402036
-1,668235
-0,1243226
-1,27956
-0,5925347
-0,3039839
-0,24049
-0,4729034
-0,3790534
-0,08746016
-0,1289274
-0,2701759
1,638734
-0,5096616
0,06588495
1,693971
0,06577677
0,7384962
-0,9436928
-0,5446638
-0,08212043
0,8756737
0,236136
0,6779085
0,333753
-0,01621699
-1,044665
-0,4257943
-0,01856525
-0,1483011
-0,1926575
-0,6347622
-0,7126237
-0,2484966
-1,152054
0,2736305
0,3315369
0,1033163
0,5526786
-0,087927
0,3846785
0,4481599
-0,19177
-0,7549343
-0,03888375
0,6636738
-1,269947
0,2514308
-0,5061583
-0,1819101
1,056406
0,2476288
-1,056395
-0,05097884
0,6785079
-0,1590461
0,5721349
0,3365569
0,03597383
-0,9534659
1,067637
-0,7517824
-0,6902415
0,726544
0,2134262
-0,7236267
-0,6466975
0,1090949
0,7525216
-1,153983
0,8260023
0,6553113
0,1951277
0,455314
0,3561618
0,01178282
0,754391
-0,6426601
0,5451549
0,1898992
-0,1111508
-0,2741718
0,03204525
1,16151
-0,4928265
0,3116605
0,5792251
0,06420898
0,203757
-0,7122705
0,5753643
0,3420053
0,467274
1,250225
-0,3304763
0,3354852
0,5688749
-0,04225397
-0,3464975
-0,5724066
-0,8773194
-0,3260581
-0,04396333
-0,05383265
-0,6260927
0,1260797
-0,4938881
0,07375127
-0,3207875
0,131907
0,02917147
0,6482109
-0,2889168
0,7815764
-0,1344798
-0,1719541
0,3632187
-0,1985207
-0,2634946
-0,3688812
0,7875311
-0,4472502
0,04014093
0,674836
0,6818788
-0,7105089
-0,6747261
-0,1036197
-0,6976967
-0,280336
0,6730792
-0,01908916
-0,1150501
-0,4933447
-0,1393526
-0,653863
0,5979488
-0,2279318
-0,3041609
0,551912
0,8932753
-0,1740246
-0,3985605
0,4485211
1,045206
0,2882838
0,8885915
-0,6679268
0,7723141
-0,4388437
0,3634196
0,00640367
-1,010211
0,1727811
-0,3874254
-0,4894859
-0,7624966
0,05325678
0,8364648
-0,8477817
1,271466
-0,7962235
1,250174
0,1097187
0,7055238
-0,6371903
0,09361434
-0,8912208
0,662802
0,01125513
0,5447259
1,364811
-0,326701
0,7473901
1,081678
-0,0623045
0,09914649
0,1920125
-0,4179512
0,4950204
-0,2020165
-0,007139802
-0,7610856
-0,1915432
0,09934753
-0,6348122
0,7801166
-0,4419747
0,7695684
-0,9267566
-0,6294052
-0,5581296
0,1686689
-1,160449
0,1756112
0,6424745
0,9056087
0,7663463
0,0983253
-0,00294131
0,2771708
0,4288698
0,5347392
-0,2122728
1,511327
0,4282529
0,3307385
0,5323703
-0,5515957
0,1829213
-0,3995097
-0,6193648
0,01521879
-1,217443
0,6704619
0,2618223
0,5769222
0,4239259
0,5150506
-0,7406886
-0,5618357
-0,7171122
-0,1107702
-0,4724269
-0,6257669
0,371646
0,2656319
-0,06766424
0,5783533
0,2235277
-0,3406283
0,546927
0,4582053
-0,007568121
0,5207855
-1,20649
-0,25312
-0,2314385
-0,2587654
-0,7117672
0,01570833
-0,06176949
0,2599614
-0,06328489
1,018332
0,2267048
-0,4333943
-0,8688694
0,3522289
-0,3614929
0,3636681
-0,2455939
-0,8464261
-0,216817
-0,2566162
-0,3990077
0,4263076
0,1652453
1,081468
-0,6899251
-0,5428066
0,0018612
-0,3278147
0,4369041
-0,8921271
0,4050245
-2,07243
-0,2964954
0,2947552
-0,5882046
0,7914537
1,235258
0,08092444
0,2864655
-0,1802584
-0,1835617
0,201851
-0,2079998
0,970346
0,2064674
0,6429989
0,3262413
0,3819485
-0,2404839
-0,4738182
-0,2821754
0,03813601
0,4587206
-0,6872463
-0,4848983
1,212112
0,4114107
0,07379696
0,371654
0,3009146
-0,3088474
0,1815292
0,1372979
0,7731048
-0,3747206
0,04386896
0,2650921
0,07003319
-0,7702453
-0,2541935
0,2568843
-0,6759048
0,3037095
-0,3079048
0,8230372
-0,7719387
-1,253771
-0,9575042
0,07341276
-0,1956002
-1,480418
0,80747
-0,4028535
0,6204558
0,1983745
0,340146
-0,1538044
-0,6054524
0,7700019
0,6517617
0,1967308
-0,2146868
-0,2680798
-0,05061507
-0,4969032
-0,1514035
0,1053402
-0,4173253
0,8782235
-0,01767039
0,4439136
0,8943665
0,4080095
0,2742233
-0,9903126
-0,5484653
-0,1500405
1,659545
-0,358366
-0,1108171
0,05489753
-0,4800004
-0,5289689
-0,2877833
0,09675753
1,139256
-0,6529189
0,7875142
1,192389
-0,6045173
0,9019725
-0,3244753
-0,1019508
0,3949142
-1,211388
0,1477646
-0,77316
0,03807527
0,4978346
0,2323512
0,2954094
0,5889251
0,6898935
1,014495
-0,7966085
-0,1279246
-0,1733752
-0,5267583
-0,5653844
0,2383545
-0,3733934
-0,006324261
0,02358997
-0,8443998
-0,1685898
0,3328583
-0,0355669
-0,7742906
0,8937843
0,8074365
-1,36649
-1,473376
0,1624232
-0,862718
0,3519871
0,3596317
0,8998802
-0,1960231
-0,4217529
0,3269081
1,072223
0,5787317
0,08828104
0,7366656
-0,2284095
-0,8062728
0,1878814
0,2138253
-1,418522
-0,5519605
0,1131414
1,05379
-0,2991413
0,1436398
0,3960118
-1,346584
0,6027072
-0,4008987
-0,1398038
-0,11645
0,1974617
-1,155977
-0,07638521
0,03126526
0,1377019
0,08490306
-0,5421425
1,326657
0,5268006
-0,5564881
-0,5222853
-0,2843952
-0,3025731
-0,3568196
0,4242381
0,002789527
-0,3943229
0,09521294
0,136835
0,4205672
-0,03025132
0,2179168
0,3186694
0,5131123
-0,8257143
0,2728441
0,03489059
-0,1031359
0,05036543
-1,406218
-0,2283638
-0,09964907
-0,02580954
0,7519119
0,1130787
0,5575253
0,4847418
-0,02419294
-0,3202423
-0,1475794
-0,8971215
0,7625103
0,1133235
-0,322827
-0,4874748
-0,9211357
-0,4812415
0,9867043
0,9482065
2,77961
0,6285062
0,7469875
-0,9574684
0,266995
0,597698
0,2126076
0,2968012
-0,4635611
-0,0868628
1,110405
-0,129173
-0,07077253
-0,1488505
0,3390533
0,2633054
0,03082073
-1,164999
-0,535637
0,1771844
0,3884562
-0,1899474
-0,3700114
-0,645473
-0,1463798
-0,02438936
0,2314649
-1,257589
-0,1927549
0,5865748
0,1517373
0,0334971
-0,5253897
-0,1629547
-0,3325384
-0,1853144
-0,6560965
-0,2167938
0,4430827
-0,6014425
-0,6488346
-0,001062334
0,3891661
0,7025811
-0,7201146
0,5056475
-0,1992961
-0,7746722
0,07791889
0,5555621
-0,1696451
-0,6238288
0,3258367
0,8574264
-0,1626824
1,187439
-0,4080091
-0,5141535
0,08502913
0,1204544
-0,1607335
-1,139531
-0,7617482
0,4313486
-0,03525943
0,4874719
0,183693
-0,3496848
-0,1222581
0,5893031
-0,4300574
-0,2202633
-0,3902739
-0,8007911
-0,3891559
-0,3159959
0,2082037
-0,1131579
0,3598104
-0,2592567
-0,6592451
-0,3130909
0,3303342
-0,1789979
0,2588977
1,299048
-0,5053921
-0,9648194
-0,6755545
-0,7886511
0,3412901
1,094402
-0,1564264
0,5999824
1,442399
-0,5521784
-1,186719
0,05299932
-0,453906
-1,237568
0,5361425
0,5655779
0,5039866
-0,6949429
-0,2356075
0,32147
0,1288872
-0,09342569
0,5970488
-0,1395981
-0,7554165
0,53392
0,06529586
0,1007537
-0,4302257
-0,5444059
-1,392711
-0,4579107
0,4805732
-0,7130348
-0,05650014
0,9641654
0,09536093
0,0710583
0,6513078
-0,09523463
0,02553773
0,6445402
-0,4987988
-0,1053561
0,1476725
0,9411113
0,6576215
0,006975338
0,1811045
-1,221503
0,2203333
0,8792462
-0,7025219
0,03419392
1,19627
0,1007951
0,2671586
-0,4336598
0,07348222
0,3880731
0,1760738
-0,06731823
0,2163045
0,2308432
0,008393168
-0,2491398
0,7252194
-0,08566298
-0,3303633
0,02336119
0,8095666
0,1616548
0,2697411
-0,6002679
-0,9724255
0,07701293
-0,6451897
-0,4851512
0,5172065
-0,5203701
0,2049651
-0,628808
0,6483114
-0,3192636
-0,4583167
-0,06998014
1,101644
-0,8307933
-0,01644219
-0,645812
1,003506
-0,08485974
-0,5469947
-0,9151369
-0,9725416
-1,281641
0,1530387
1,020897
-0,9298306
-1,232055
0,2874021
-0,3737022
-0,2306273
0,6399947
0,9367745
0,9676757
0,419068
-0,006290764
0,5518765
0,1585246
-0,0907079
0,3072457
-0,1449483
0,06810504
1,229425
-0,3807125
-0,3854496
-0,9199675
0,05391806
0,7432269
-0,3829154
0,5469101
-0,7676777
-0,45007
-1,073856
-0,3719901
0,2175425
0,2451257
0,3310549
0,2831923
0,6198722
-0,7148474
0,3680146
-0,8024441
0,2877113
-0,06198716
0,2962804
1,024486
0,7619456
0,1888608
0,03825331
-0,09347534
0,7028341
-0,005906165
-0,729812
0,4285704
-0,176875
1,162216
-0,3121179
0,5979562
0,3425455
0,6295903
0,8407464
0,9906041
1,190631
1,035842
0,9885856
0,3958548
0,3188556
0,7266009
-0,8066071
1,046211
0,3467827
-0,166379
-0,4374414
0,4588078
-1,048839
0,2695087
-0,1029052
0,3028007
0,382368
0,1907041
0,2353884
0,4386518
0,6001461
1,17309
-1,189975
-1,581015
0,1475265
-0,9424793
-0,5765707
-0,1731852
0,6518615
-0,314249
0,5378772
-0,5501484
-0,0541665
0,0650668
-0,4826888
-0,0450383
-0,3572458
-0,06040639
0,949528
-0,6343015
0,590901
0,5379196
0,4896461
-0,08651173
0,6802753
-0,6286464
-0,124753
-0,7537222
0,6969693
0,7959335
-0,5598664
0,4249791
0,4715733
-0,340837
0,6754974
0,1893099
0,1528313
0,8980856
-1,310626
-0,3713549
-0,4798772
0,1013007
0,3099813
-0,5173997
-0,5282665
0,1186569
0,5741894
-0,438792
0,6441009
-0,1421826
0,1061221
-0,5541126
-0,3078868
0,108089
1,324213
0,7465072
-0,03651029
0,3921978
-0,08101529
0,7263102
0,1148801
0,6072116
-0,6304643
-0,09759748
0,8136865
0,689365
-1,228246
0,704077
-0,04054588
-0,5256683
1,082035
-0,2555774
-1,058547
-0,9484136
1,011733
0,695182
-0,23805
0,5752063
-0,2599761
-0,2203328
0,6988556
0,329749
-0,3920763
-1,183421
0,05603433
-0,09507187
0,4812622
-0,4088824
0,4260914
-1,277304
-0,07731719
-0,493683
-0,2437307
-0,3824424
0,07342289
-0,03834772
0,1851642
-0,05765259
0,1352762
0,1216077
0,4239661
0,7942863
-0,2488527
-1,154712
-0,1504241
0,3814169
0,02351896
0,3050504
-0,09088647
-0,07002169
0,1310576
0,3116858
0,4826722
-0,6405016
0,2519488
-1,405447
0,04059482
0,03916675
0,1850996
-0,5821102
0,8604578
-0,1567645
-0,6327782
-0,02583773
0,4208751
-0,03661558
0,1036932
0,4418402
0,1096073
-0,4136744
0,9111001
0,3968937
-0,2998726
-0,10436
-1,31896
-0,5543466
-0,1599157
-0,3773538
-0,3434061
-0,1831341
0,005261347
-0,1192093
-0,4410722
-0,4090396
-0,1912969
-0,5465351
-0,2829233
0,480905
0,0150978
-0,1290427
-0,970432
-0,5409316
0,3409654
-0,4670669
-0,2610439
-0,7517595
-0,8220638
0,4962389
0,6650236
-0,05383646
1,341532
0,1523902
0,9253264
-1,124078
-1,248373
-0,1904834
-0,872641
-1,054956
-0,4567987
0,6802168
-0,9264994
-0,1590486
-1,401045
0,5321192
-0,560599
-0,8004134
0,5004662
0,3033561
-0,7180586
-0,4323865
-0,3101412
-0,2139245
-0,7230313
0,2400782
-0,5418939
-0,1667002
0,6280361
0,3619015
-0,1224231
-0,03947055
-0,7100734
-0,6088482
-0,3292676
0,505473
-0,5872222
0,6916324
-0,02308513
-0,788101
0,4970945
-0,5411503
0,1248449
0,04218209
-0,005255476
0,02328342
0,1596741
-0,2920672
0,1167591
0,2842599
-0,4992766
-0,2160914
-0,4718513
0,6322591
0,161204
0,4636336
0,8394698
-0,3957711
0,8441357
0,6133962
0,193275
-0,8270364
-0,006110728
0,05124438
-0,1629411
-0,1145178
-0,06935734
1,271209
-0,3436031
0,3636401
-0,04876596
0,4082608
0,3002414
-0,6231726
0,4552127
0,6387463
-0,2898192
-0,7843148
0,4527875
-0,1947742
-0,4261911
0,04857606
0,390578
1,232159
-0,05457079
-0,1209529
0,1103
-0,3409957
0,8143817
-0,1550806
-0,5156016
-0,08170551
0,5749262
-0,1863142
0,8206805
0,9459919
0,9800385
-0,8585173
0,01830351
-0,9644057
-0,1821021
-1,156453
-0,08645548
0,2488618
0,7512726
0,1760016
0,008577466
0,02017009
-0,3290103
0,5487152
0,09419686
-0,4993989
1,196211
-0,9464898
0,4324241
-0,02625163
-0,1174251
-0,5151592
-0,2843459
1,883164
0,3798086
0,3439159
0,3629164
0,2479941
-0,2173977
0,6873781
-0,4027632
-0,6486957
-0,4861388
-0,1552556
-1,18558
0,6638578
-0,07937491
-0,9366986
0,1436687
0,270396
-0,4248494
-0,8587366
0,3858663
0,6389558
0,1085705
-0,04328144
-1,283332
-0,05273342
0,0998321
-0,004688174
0,3037288
-0,1598631
-0,5158568
-0,7901672
0,2336363
0,5174409
-0,07269692
0,06922555
-0,6826831
-0,02384217
-0,5558634
0,6944915
-0,7310595
-1,210998
0,4912143
-0,8149143
-0,4395412
-0,5226264
-0,4581179
0,07431316
-0,6839864
-0,5060768
0,4908803
-0,04254848
-0,3746592
0,6203026
0,201818
-0,1758125
-0,1730495
0,6444216
-0,009658277
-0,0192032
-0,1271999
0,1510589
-0,1247664
-0,6141058
-1,406029
-1,055492
0,6191251
0,9151808
0,4582774
0,2377024
-0,7062929
0,3770955
-0,7313612
1,008585
-0,01225787
-0,3108429
0,2250748
-0,7753606
-1,054313
0,8010772
-0,3606471
0,4345887
0,27368
-1,114157
-0,3605562
-0,3982441
-0,1331326
0,1659821
0,1595756
-0,5248671
-0,3593137
0,3254691
0,1298506
-0,525018
1,318013
-1,602291
-0,4535278
-0,04172963
-0,02509613
-0,6026804
0,5761356
0,08723776
-0,05303454
-0,1411412
-0,1055499
0,06380555
0,06512886
0,3518559
0,3436072
0,05410784
0,6936871
0,5412147
-0,141737
0,4260479
0,3472939
-0,08849442
0,2579052
0,2469492
-0,3590497
0,2105656
0,8225219
0,7731611
-0,3562281
0,183431
0,4541881
-0,719216
-0,5287359
-0,09882432
-0,6290933
-0,2154806
-0,4916802
0,498266
-0,4451294
-0,002186239
0,9961015
0,1497854
-0,2056566
-0,4756421
0,812993
0,30991
-0,2361971
-0,1415375
-1,302343
-0,8177652
0,2908954
0,9984117
0,6403008
-0,6884273
0,153538
0,3902892
0,3264341
-0,06525385
0,1743405
-0,6872638
-1,517893
-0,1665989
-0,4650916
-0,7781424
-0,4106464
-0,2308569
0,8286364
-0,8760854
-0,1945575
-0,9355451
-0,3959957
0,5754613
-0,02790105
0,4577658
0,09348416
1,263525
0,1573762
0,3472968
-0,3130578
-0,6682503
0,1654977
0,5540953
-0,3053217
0,9748103
-0,1405542
0,5093819
-0,6868404
0,8988773
-0,896589
-0,6177949
-0,1886003
-0,6191707
-0,5203613
-1,068079
0,2516937
0,3643616
0,3062011
0,07413118
0,1112056
-0,06522983
0,3597415
-0,8662612
-0,5851229
-0,1164482
-0,1596301
-0,3142896
0,418365
0,1604276
-0,1441456
-0,7158231
-0,4387705
0,07060294
-0,8113808
-0,4107012
0,08404815
0,3619872
-0,257459
0,8381382
0,6923326
-0,8995497
0,2620098
0,8763517
-1,058279
-0,007087171
0,5368756
-0,5136469
-1,106054
-0,08620214
0,2611598
-0,3585859
1,597115
0,2493385
0,3861729
0,410879
-0,60278
-0,09861292
0,7629046
-0,8441973
-0,3366288
0,2734033
0,835506
-1,898299
0,1199475
-0,613777
0,4751745
-0,2558421
0,5301581
-0,06802368
-0,3208551
-0,08132924
-0,8464071
0,4369505
0,2224457
-1,128961
-0,5477339
-0,4063051
-0,8924246
0,63255
-0,2050765
-0,07214355
-0,1357285
0,3749339
-0,4366364
0,7329432
-0,387915
0,2576524
-0,4178997
-0,6208282
-0,7331975
0,6965111
-1,115507
-0,5259874
0,4962804
-0,07221013
-0,1601618
-0,3379157
0,02519745
0,1637791
0,701248
1,0099
0,2697827
1,306438
-0,1548087
-0,9665642
0,2327372
0,6168365
0,257031
-0,3506934
-0,1821362
-0,06691074
-0,0294046
0,01857392
0,08606529
0,4876748
-0,4801162
0,4008213
0,6581351
1,594051
-0,4785118
-0,1682115
-1,782144
-2,710593
-0,6294875
0,6481246
0,1261607
-0,3857872
0,2555816
-0,3686845
0,3793411
0,1115174
-0,1209997
0,02711692
-0,3094076
0,2663112
-0,02531117
0,9090739
-0,6536762
-0,50418
-0,5621763
-0,3767865
0,5839494
-0,1524759
0,3035669
1,051032
0,7531717
-0,106399
-0,07529993
-0,1788499
1,237137
-0,1260146
-0,1714137
-0,7180413
0,1136813
0,2551081
-0,6065159
0,7920905
-0,2989585
0,4894384
0,4865644
-0,1893593
0,01311487
0,3087766
0,21114
-0,546116
0,18648
0,8572413
-0,03057432
-0,2958438
-1,058895
0,308938
0,3311453
-0,01588655
0,5948057
-0,09329356
-0,03508008
-0,5987265
-0,1575509
-0,05277228
-0,06738418
0,5730985
-0,4987181
0,09623849
0,3192357
-0,1548262
0,9045222
-0,7736267
-0,06234169
0,9584664
1,058131
-0,05752701
-0,3389719
0,3887463
0,2309557
-0,4092717
0,3129013
0,4469562
-0,7157116
0,4499334
0,03150272
-0,7193277
0,2885439
0,04435158
-0,516924
1,206983
-0,8154384
0,2988894
-0,4325296
-0,03712422
-0,4272348
0,4194425
-0,3919623
-0,3911914
0,6963896
0,2214394
0,1990205
0,5267652
0,6527256
0,2669979
-0,7104428
-0,3238904
-0,131933
-0,007789388
-0,74602
-0,4682192
-0,9161602
-0,2557995
-0,3945792
-0,6636361
0,1222401
0,3109515
0,589496
0,902346
1,026349
0,03647506
0,4776787
-0,1527021
0,6210935
-0,4099484
-0,1136766
-0,1344813
-1,241902
-0,2674765
0,5272946
1,008707
0,7536409
0,7649145
0,5161239
0,7418858
-0,4002649
-1,258733
1,443769
-0,8929157
-0,5928374
-0,2984604
0,2497843
-0,3687959
-0,143973
-0,5179362
-0,4757262
-1,290237
0,379957
0,3209575
-0,3676742
-0,0009070188
-0,5333876
0,5625318
0,7396737
-0,1450123
-0,4964201
-0,4977254
0,5710089
0,8440711
0,7017213
0,1106351
0,8495259
-0,03230464
0,06361538
-0,8711091
0,08177489
0,5982957
0,8478041
1,110559
-0,003077224
-0,2616409
-0,7210543
-0,8242595
-1,099772
0,2617983
-0,1260135
0,06312053
1,220093
-0,2290558
0,3730282
-0,1942495
0,8460379
-0,7888415
-0,09636068
-0,9083774
0,7823621
-1,14102
-0,5505105
-0,7396738
0,3645379
-0,0698818
-0,5168057
1,089531
-0,3051804
-0,04162529
0,3204895
-0,4005046
0,3408659
1,329169
-0,4523214
-0,5714687
0,05180937
-1,255412
-0,1858586
0,5006287
-0,1675334
-0,3942394
-0,4438
-0,1938298
-0,4956884
0,1985917
0,7505955
-0,5436957
0,1187856
-0,4773287
1,059644
0,3548836
-0,4561002
-0,3039066
0,4927642
0,2459198
-0,6593851
0,005931914
0,3139796
-0,1231628
0,9394531
-1,087186
0,08468759
-0,9832614
0,3758633
0,3892612
0,1707255
0,8410793
-0,5349677
0,6150466
-0,1911471
0,1200026
-0,41373
1,058066
1,312576
0,1189066
0,1278908
-0,1037802
-0,3259875
-0,2370344
0,09808344
0,4164503
0,9510115
-0,7208498
-0,3457724
0,3852689
0,3725132
1,002835
0,647411
-0,007508054
0,1560767
-0,5061294
1,198389
0,3780962
0,02654546
0,04065454
-0,2113421
-0,7208595
0,2413399
-1,075389
-0,1760371
0,03411888
-0,1456805
0,8697315
-0,3844262
-0,1627133
0,5287538
0,6080057
-0,8431439
-0,6039042
0,7681007
-0,2219294
0,5641322
0,5624319
-0,1227683
-0,3546975
-0,2559375
0,7709047
0,03124958
0,7546915
1,117174
-0,1658262
-0,15166
0,8636555
0,4226667
0,02571534
0,487099
0,2219172
-0,4367368
0,3279123
1,037795
-1,139849
-0,3203775
0,1142697
0,634858
0,4982418
0,5358441
-0,4501576
-0,9099884
0,1180878
-1,041945
-0,2157996
0,3064824
-1,476467
-0,5174189
0,4257576
0,008253217
0,3029441
-0,3057132
-0,1031642
-1,142185
0,7500019
-0,7730052
-0,09026426
-0,1742731
-0,2375779
-0,4858649
0,1960958
1,144118
-0,03423411
-0,2525091
0,05052888
-0,8321031
0,2395008
-0,8674225
-0,4952981
-0,2051848
-0,2752018
0,3541471
0,584001
-0,5859157
-0,6585743
0,1129359
-1,026743
-0,6739736
-0,1797502
-0,8338872
0,4186698
0,4116086
-0,9747974
0,195033
0,4005279
0,613636
0,1130421
0,4473451
0,4830512
0,454914
-0,9190549
0,107075
-0,4512646
-0,4324443
0,3552864
-0,4586651
0,1959386
-1,876186
-1,337009
0,2467647
0,3455182
-0,9253587
0,1331586
-0,2041185
-1,516113
0,3183663
-0,7223355
1,592381
0,4296904
0,6976942
-0,1622831
-0,6894393
0,4459621
0,3321075
-0,6227311
0,3440091
0,1227129
-0,2366117
-0,4798716
0,4210324
-0,4823621
-0,282353
0,2615765
0,8604252
-0,05066723
-0,1628237
-0,2419943
0,04593907
0,0938974
0,566099
0,6334725
0,2984329
-0,2102804
-0,6434106
0,0884465
0,2775128
0,01150356
-0,606522
0,6715587
-0,5381334
0,35868
-0,8940571
0,3248504
0,235057
-0,2875889
0,2199681
-0,3584317
-0,9395112
0,2610182
0,2838945
0,2679837
0,2997583
-0,0387224
-0,7414188
-0,2658428
0,8142791
0,3187377
-0,3071485
0,06501675
0,3926415
0,6342455
-0,39511
0,6910314
-0,5055507
0,05973838
-1,048773
-0,2107834
-0,2167566
-0,5992951
-0,494222
-0,07165343
0,3398242
-0,925764
0,6428278
-0,5207911
-0,1106274
0,6621746
-0,3501233
-0,661203
1,097751
-0,02130187
-0,1602758
-0,3205386
0,229178
0,04202217
0,8756276
-0,1664661
0,3322026
-0,4663947
1,539999
-0,1504524
0,01861708
-0,1694278
-0,3043721
-0,3047768
0,1069214
0,5525914
0,8502383
-0,9358856
-0,2326139
0,5528224
-0,09570467
0,8146769
0,6708066
-0,2882146
-0,4742426
0,06084204
-0,7318724
-0,2282795
-0,3674869
1,137705
0,3955939
-0,6014013
0,01129387
0,4603323
-0,1179718
0,03136897
0,6323108
-0,239193
0,3114592
-0,6636748
-0,6284006
0,40625
0,804415
-1,193303
-0,1441254
0,8212789
-0,2622289
-0,7081136
0,2263561
0,8594297
1,078398
0,03510092
1,421416
0,1726401
0,245865
0,2676831
0,04588026
-0,06185329
1,042286
0,4315436
-0,4180809
-0,189773
-0,5111242
1,126393
0,4434569
-1,397188
-0,456124
-0,6438138
0,2402609
0,2682269
-0,525788
-0,4908861
-0,6119205
-0,3783887
-0,7908545
0,133969
0,1055793
0,5281398
0,5893769
0,4458346
0,1560157
-0,07272322
-1,762406
0,3846945
0,4539365
-0,3536974
0,1554208
-1,081311
-0,2084156
0,5628113
-0,575443
-0,7611418
-0,08675241
-0,2909588
0,644143
-0,3695771
0,1613852
1,246854
-0,440632
-0,05313414
0,02536297
-0,1598659
-0,3969831
0,6268122
-0,1797318
-0,02635753
-0,004955828
0,4913586
-0,3766403
0,6800311
-0,2135395
-0,04656418
0,4250048
1,028873
-0,5333954
-0,3973968
0,08185124
-0,1798632
-0,4636166
-1,035085
0,5293093
-0,2632948
-0,5458634
0,05461079
-0,2466372
-0,3974561
-0,3856052
0,358631
-0,0463326
1,745966
-0,3079355
0,3158047
0,5173566
0,662716
0,4602815
0,5899384
0,05526412
-0,8856378
0,3628169
-0,3752011
0,8142723
-0,7202441
-0,4064179
-1,393167
0,1599473
0,9190279
-0,707583
0,2849529
0,7216553
0,8817865
0,05730909
0,1901121
0,01912636
-0,7928178
0,5830922
0,4672728
-0,4673324
0,4540594
-0,177265
-0,5085023
0,5636389
0,1280028
1,432729
-0,8174468
-0,2529937
0,2514777
0,5051214
-0,08733357
-0,07575798
0,1658033
-0,08031893
-0,002864122
-0,134493
0,3858737
-1,200852
0,04335946
-0,7170269
-0,3409795
0,1185146
-0,5325759
-0,1397799
-0,08169527
-1,736138
0,3784546
0,2738621
-0,8561596
-0,7400149
-0,4523312
0,762135
-0,1598161
-1,406874
0,2085856
-0,08978242
-1,10431
-0,08291215
-0,515429
0,2823974
-0,2405755
-0,5403672
0,09509927
-0,1255839
0,4496775
-0,4347578
0,2042728
-0,6757162
-0,4932352
-0,3103935
0,029047
-0,9089241
-0,6403193
-0,8321154
0,8802059
0,1245481
-0,5549323
0,008948371
-0,2554408
0,1150873
-0,806177
-0,6712813
0,1126629
0,703033
0,3529
0,04351342
0,2680764
0,3880873
-0,2783394
-0,5421364
0,3516227
-0,003857076
0,2278208
0,3845107
0,0798707
-0,4742395
-0,9273217
-0,3929365
1,037661
0,5742319
0,07681297
0,1874661
0,7645087
-0,1282103
0,2181334
1,204507
-0,6473392
0,05990285
0,7578155
-0,5437207
0,2488566
-0,4638553
-0,1385142
-0,2806901
-0,3941399
1,055325
0,5811171
0,4217784
-0,08861315
0,4465922
0,156693
-0,336022
1,729334
0,003163993
0,3786143
-0,105627
0,5948949
0,5545309
-0,07909627
-0,318081
-0,196179
-0,2402539
0,5527194
-0,3414853
-0,6999959
-0,2298388
-1,392467
-0,3131596
-0,9332774
0,1884092
-0,4195949
-0,6414018
0,1001621
0,2478731
0,8033859
-0,7236537
0,1430165
-0,918656
0,5155194
-0,3457136
-0,9710616
-0,3949019
0,2293467
-0,3946189
-0,3931608
-1,312971
-0,1706516
-0,1358615
0,2816688
1,671748
-0,1073281
0,01214916
-0,9791594
-0,2107782
0,6110791
0,3153428
-0,1907851
0,2284646
0,02376336
-0,03858215
0,2663556
0,5204049
0,05794972
-0,2043256
0,8309059
0,3004869
-1,231673
-0,1799138
0,7929792
-0,2732195
0,3641671
0,5511989
1,371492
0,293931
-0,2643961
1,10047
-0,8986112
-0,7743285
-0,5634799
-0,06070751
-0,3053129
-0,4295539
-0,9405826
-1,16377
0,6908237
0,8042324
0,1340695
0,7520449
-0,6196874
0,3030003
-0,5305747
0,161283
1,074776
-0,6356431
-1,258101
-0,257751
0,06619768
0,6920331
-0,6974911
-1,143517
0,4001831
-0,08405697
0,644948
0,1073308
-0,09426081
0,4815221
-0,3523474
0,4392531
-0,2568211
0,1063228
-0,3851301
0,1939318
0,3140702
0,2058967
0,2629125
1,196354
-0,6254035
-0,5909408
-0,07179832
-0,8065462
0,6612692
0,6511841
-1,482883
-0,4015374
0,5933632
0,1736119
-0,0909515
-0,2439349
0,03548616
0,6507425
-0,6377133
-0,2025941
0,4338372
0,06489041
-1,642546
-0,04204631
1,456583
-0,5529875
0,5009685
1,311571
-0,3522468
0,05361193
0,9726996
0,3299932
-1,305288
-1,898376
-0,4289997
-0,7553221
-0,5466698
0,69679
0,2335051
-0,9334914
-0,1207814
0,303847
-0,6658326
0,3295851
0,532804
-0,8088885
-0,07663572
0,2509786
-0,05682212
-0,517287
0,1051375
0,2872427
-0,8573552
-0,3298011
0,2603536
-0,7695467
0,1188372
-0,52104
-0,163932
-0,360242
-0,2105567
0,5297278
-0,3744933
0,09603184
0,4890581
0,9960255
0,3833611
-0,2447814
0,4099709
0,2751114
-0,2126607
0,6679851
1,225087
0,5821593
0,4831495
-0,811407
0,0896291
-0,5146837
-0,6614734
0,118004
0,3556089
-0,1298407
-0,4763081
0,4190795
0,1250328
0,552146
-0,2483274
1,15635
-0,9778748
0,6838202
0,8406061
0,4429831
1,179557
0,08536774
0,03347218
-0,5238984
1,163018
0,2600861
-0,5616168
-0,3045832
0,7059553
-0,3685843
0,4474252
0,06251138
-0,3858104
0,2525388
0,2787769
0,2648606
0,162255
0,3031968
0,2745057
0,3333977
-0,9612154
0,6826299
-0,7208378
1,153083
0,2392954
0,8629497
0,1976563
0,4851051
-0,5784544
-0,2917681
-0,48544
0,6973457
0,1724302
0,8695272
0,214631
-0,4682507
0,05350447
0,7374431
0,04175448
-0,5842701
-0,0007953048
-0,5690526
-0,6955366
-0,5042136
-0,2916986
0,3025818
0,07556456
-1,135297
0,01171631
-0,629855
0,2567235
1,805769
-0,6310349
-0,1522505
0,8290172
-0,789656
0,3409107
0,02787167
0,3256693
0,2913069
0,8927058
-0,6715947
-0,5244429
0,1363486
0,2231657
-0,6635717
0,5667002
-1,502612
0,1783561
0,7218432
-0,002426088
0,9179025
-1,067426
0,2189408
0,7910035
-0,4658557
0,8893395
-0,8868127
0,2114169
-1,141879
0,2315111
2,085926
0,9322087
-0,1452174
0,4082174
0,3391024
0,03421992
0,4085757
0,5286294
-0,3036283
0,1193104
1,123527
0,5272652
0,7631762
-1,044268
-0,07594378
0,9010457
1,092834
0,7784722
0,01256256
-1,330158
-0,2708982
0,01635855
-0,538186
-0,6514105
-0,4505827
-1,129029
0,1468204
0,1865235
1,0522
-0,565491
-1,054156
-0,4120374
0,5449442
0,1036556
-0,5321946
0,2558439
-0,7148128
-0,1295267
-0,1766902
0,06095958
-0,2827199
-0,3801476
-0,2890396
0,5496103
0,06053118
-0,542996
0,4358723
-0,2434339
0,2726226
0,05518556
0,5609003
0,06234437
0,02950203
-0,5592859
0,2875983
-0,234039
-0,3592569
0,2806743
-0,5440273
-0,1929459
-0,1520024
0,3505066
-1,088557
-0,3907503
0,2319956
-1,050397
0,8372774
-0,4506096
0,7291543
0,9112491
0,3060579
-0,6470692
-0,06374085
0,1895607
0,2811711
-0,5491729
0,2198539
0,7829368
-0,4145338
-0,8968784
0,7463573
0,3045107
0,2205553
-0,5796168
-0,03614737
0,2356847
0,5951574
-0,410194
-0,1578607
-0,441556
-0,2923388
0,256465
-1,227297
0,1090281
0,4217281
0,3442841
-0,4231766
0,2950811
0,5368697
0,03406709
-0,5636254
0,6104042
0,4762641
1,038031
-1,279266
0,2086221
0,152171
0,1923661
-0,09438103
-0,02432686
0,1414425
-0,5789731
0,2326199
0,8820333
0,8475796
-0,7841033
0,3427166
0,03875697
-1,659061
-0,5478852
-0,7602119
0,475628
0,173615
0,1207349
-0,001979709
0,9101775
0,4116606
0,4522837
0,05166948
-0,3691906
0,1441312
-0,7133218
-0,9693368
-0,256759
0,8800527
-0,2731472
-0,2078005
-0,538949
0,08909279
0,2952318
0,09118432
0,06152396
-0,4395729
-0,3578842
-0,2350542
0,6357657
-0,4176213
0,4582373
0,3347438
0,440673
0,106236
-0,496285
0,4000845
0,06779236
0,02792171
0,2020401
-0,041511
-0,1681315
-0,1299184
0,3723075
0,2958206
0,5680547
-0,1619709
1,022214
0,5126998
-0,487336
-0,3789312
0,4655505
0,2279467
1,31929
-0,1595671
-0,3995471
-0,003549993
-0,6873207
-0,2860859
0,06785709
0,2898951
0,5577134
0,05637275
0,6454455
-0,6132275
-0,01691002
0,3335928
0,2889191
-0,2205375
-0,06231272
-0,6640632
-1,709565
-0,2489956
-0,3144449
-0,2645425
0,3287054
-0,3060423
-0,4083819
-0,02144039
-1,031025
0,2719983
-0,4621276
-0,1929625
-0,1341668
0,5756298
0,4607626
-0,6458202
0,2270756
0,5173852
0,3457143
0,2106102
0,3905256
1,117864
-0,1109379
0,04465169
0,9232561
0,3889383
0,4741167
-0,129736
0,128805
-0,1142831
-0,2905595
-0,9587136
-0,6877024
-0,3861463
-1,334414
0,3186634
-0,541427
-0,5456335
-0,916733
1,438871
-1,11316
0,3076527
0,1188545
0,0304302
0,0286454
0,7755828
-0,2511231
0,9568319
-0,3000112
-0,009413123
0,06355178
-0,9875051
-0,1358621
-0,2870373
0,1291608
0,7194139
-0,1371039
-0,007289782
0,1111017
0,3784025
0,4772916
0,02367799
0,5406739
-1,641785
-0,1636279
0,05972832
0,4070354
0,4599132
-0,7333068
0,06746356
-0,8637097
-0,7065598
1,274491
1,278797
-0,1243932
0,006677434
0,8231298
0,3920521
-0,4527435
0,5144344
0,4362447
-0,4509216
-0,7399916
0,6221144
-0,2185393
-0,8141404
-0,02450621
0,3975267
0,1513719
0,3350266
0,6396202
0,06595874
1,175134
0,4273725
-0,389679
0,3308218
0,109336
0,5549017
-0,1677259
0,5779248
0,2027197
0,9940084
-0,127133
0,4916321
0,5880356
0,0102095
0,3863019
0,1622893
-0,09846129
-0,2186366
-0,20665
-0,7222277
-0,01870342
0,5414171
-0,2139502
1,260704
-0,6287233
0,6328316
-0,1008893
0,1679198
-0,9552612
-0,01002359
0,465014
0,5437531
0,4031297
0,1471488
-0,3684918
-0,7541241
0,07541358
-0,06778711
-0,4708829
0,03789204
-0,8204592
-0,4555905
0,9124056
0,7030554
-0,1977238
-0,2890782
-0,4720652
-0,6131482
0,4598612
0,4143734
-0,09655878
-0,9405893
0,1715983
-0,877993
-0,2905652
0,1014267
-0,5528113
0,7900888
-1,21308
-0,7176031
0,1358552
-0,5304481
0,02993852
-1,026634
0,3826031
0,07796013
0,688724
1,014441
0,1940038
-0,4268198
0,8456977
1,288535
0,1191929
0,08901578
-0,2224193
-0,02819765
-0,2543284
0,03899312
0,373596
0,6330303
-0,1022341
0,2518741
0,2302474
-0,5721811
-0,8516914
-0,1031214
0,1136126
0,6432752
0,7930091
0,03689633
0,4259344
-0,5976285
-0,1856252
-0,6361076
-0,3032396
0,6666372
-0,5781788
0,1717961
-0,403435
-1,472699
-0,3333532
-0,09944552
0,7068722
0,3595111
-0,02420479
0,2880855
-0,6369526
0,1340882
-0,6728277
0,3130339
0,1767956
-0,4374683
-0,08747196
0,4005654
0,4963416
-0,9640718
0,9770642
-0,0398339
-0,139538
0,5466779
0,3211369
0,1392834
-1,197979
0,432586
0,1185097
-0,7509601
-0,3622121
-0,0829735
-1,207835
-0,6466041
0,01716901
0,2499534
-0,3862969
-0,0007724166
-0,2205107
-0,8271793
-0,1085355
-0,2234324
0,3743868
0,5972235
-0,2811278
0,51368
-1,775604
0,2643175
-0,1048205
-0,02186203
0,4361567
-0,9773608
0,4537123
-0,2842438
-1,135028
-0,7670361
0,29137
0,7574685
0,06873202
-0,5221891
-1,900934
-0,8398425
0,6619888
0,0652205
-1,269192
1,195706
0,2429083
0,7043392
-0,9963345
-0,1092119
0,4083273
-0,4485844
-0,06922615
1,244464
0,1749463
-0,2367445
0,7803492
-0,6064592
0,385959
0,02931517
0,7186919
0,7998378
0,01674497
-0,1828127
-0,2035936
-1,178498
-0,7208125
-0,2568449
0,1679033
-0,06515461
0,6636698
0,3343326
-0,3904821
0,3144863
-0,1661623
1,40739
-0,9111918
-0,4444011
-0,7370224
1,258815
0,5239022
0,622455
-0,4757753
-0,008980095
0,7091358
0,2159606
0,2909618
0,3950889
0,0533697
0,1558655
0,7718487
0,2078325
-0,2116072
-0,2803073
0,2249248
-0,2168692
-0,5545791
-0,1193913
0,6779862
-0,5763722
0,79194
0,1077538
0,8506927
0,563955
0,7966328
0,6914361
0,5326506
0,3551669
-0,179059
0,5217969
-0,321062
0,2259589
0,6757267
0,8695421
0,2658724
0,0782524
0,1311239
0,6983911
0,3845463
-0,0255444
-0,9950372
0,7269406
0,1089582
0,2685125
-0,3257357
0,5257431
-0,4650847
-0,2176731
1,76423
0,4989505
0,3793731
-0,2244504
0,09524208
0,82933
-0,02767128
-0,6690314
0,2665718
0,2682155
-0,07715209
-0,7755592
-0,1745315
0,1495464
-0,612565
0,1461375
-0,8804552
0,146459
0,6407094
0,07153177
-0,6417176
0,02025789
-0,05168188
0,4756312
0,21404
0,004590213
-0,4242413
0,9429933
-0,001606703
-0,2080893
-0,1214138
-0,9564793
0,01768094
0,4108334
-0,1964556
-0,4271724
0,03872889
-0,1006498
-0,4926024
-0,4348658
0,2255136
-0,3531957
0,1697771
-0,9583526
-0,8406631
-0,4670231
0,4975781
-0,3287696
0,1859983
0,3429477
-0,3419157
-0,4839849
0,3166513
0,2225776
-0,4968865
0,09396243
0,5206026
0,370164
-0,6330407
0,4370246
-0,09525967
-0,7359781
0,4537151
0,1431043
-0,2936034
-1,096861
0,1975582
0,7243604
-0,1477924
0,02939945
-0,3150694
-0,03078456
0,1301627
-0,03481925
-0,9614335
-0,07364684
-1,205645
0,2081946
0,1225346
0,0453791
0,4910318
-0,6083382
1,061319
-0,4625247
-0,3330069
-0,9111211
0,1945354
-0,8152307
0,07801938
-0,2616847
-0,4886127
0,3264967
-0,4127988
0,04857588
0,4245391
0,8560842
0,3954961
-0,788702
-1,003159
-0,04857206
0,2629109
-0,8568912
0,9527666
0,8211092
-0,4436331
1,055058
0,150513
0,04348552
-0,2371485
0,3145722
-0,3978952
0,1219077
-0,89302
0,6929466
0,6575999
-0,168233
-0,1605046
0,8878948
0,07962285
-0,2119306
-0,4547113
0,07251716
0,3142427
-0,2605102
0,2714998
-0,05241644
1,226517
-0,7834142
0,7872449
-0,05221045
-0,9256859
-1,435091
-0,1000683
-0,162429
0,6283886
0,3260576
-0,4642821
-0,1217362
1,297897
0,8491467
-0,083574
-0,6678911
0,1608332
0,1766162
0,8506331
-0,01251103
1,048397
0,5682648
-0,5091804
0,3568879
0,81883
-0,3954961
-0,2035797
0,007012427
0,7872849
-0,2491495
0,2974015
0,6827168
0,9401385
0,1530932
0,03706706
-0,4739255
0,06158477
-0,4895071
-0,9726375
0,1179233
0,04376838
0,4865949
-0,3375251
0,6150277
-0,0150305
-0,2669117
-0,01320481
-0,09017694
0,8621796
0,7275296
0,05140965
0,05899036
-0,3975911
0,6045632
-1,047848
-0,1148425
0,1963612
0,01483047
-0,5767731
0,6930807
-0,8290381
0,7395878
-0,2559962
0,0008028746
-0,3750353
-0,293236
-0,1828712
-0,1434434
-0,0717954
-0,5247399
-0,3680171
0,1014557
0,3320975
-0,5309573
-0,02367878
0,5158111
0,3916389
-0,7543905
-0,5244761
0,2705092
1,697003
-0,4235643
-0,07679862
-0,1622191
-0,253876
-0,0809074
0,9311932
-0,3285838
0,7815323
-0,3451568
0,5276317
-0,09431207
0,4251148
0,1047863
0,03081465
0,36088
-0,1105437
1,392229
-0,06557401
-0,373971
-0,4832988
-0,6471239
0,5148942
0,9772074
-0,7156221
-0,4418783
0,5444978
0,1809653
-0,8363059
-0,1496962
-0,2714188
0,01045221
0,9108841
0,2211857
0,4074118
0,02420259
0,4924238
0,4515538
0,4358895
0,2669277
0,03338216
0,7428832
-1,032727
-9,340048E-05
0,8216671
-0,7529622
0,7273136
0,9514418
-0,4174662
0,5416186
1,222245
0,0001121163
-0,6271386
0,2680917
0,9786153
0,5125756
0,7697235
0,4422651
0,6119252
-0,5903376
-0,470928
-0,5754195
0,8407482
0,4474024
0,5752583
0,06439584
0,4617652
-0,1468338
0,1113669
0,1867822
-0,6022755
-0,3882998
0,1120508
-0,4454734
0,172325
1,037781
-0,1312728
-0,1878477
-0,7535118
-0,02821606
0,421733
0,5670163
0,2613422
-0,5785214
-0,3177845
0,08687848
-0,01564515
-0,4315082
-0,8511391
-0,008166313
-0,1171645
0,2461982
-1,05472
0,4325866
-1,028931
-0,2314117
-0,3022937
-0,6141457
0,5286725
0,457746
0,4130676
0,5766442
0,2874842
-0,3101861
0,1558615
1,109958
-0,4800187
-0,5344835
0,233279
-0,3264346
-0,7258533
-0,1931907
0,3235055
0,3610427
0,4963086
-0,9243727
-0,1731262
0,2618137
0,02945814
0,6430384
-0,2579935
0,9077455
-0,8269468
-1,021258
-0,4362673
0,2329722
0,3607522
0,3861677
-0,6450639
0,3474628
0,4419931
-0,02057707
-0,3446115
0,4621066
0,2482508
-0,1831015
-0,6019902
1,531587
-0,1045641
0,4897681
-0,1146225
1,175758
0,09420723
-0,4743232
0,5283605
-0,9157345
-0,3736844
-0,5543057
0,3240154
0,737537
0,5194597
0,2892877
0,2106293
0,08676136
-0,2706013
-0,5396442
-0,9213067
0,684181
-0,4776711
-0,9651514
0,3578757
-0,8087649
0,2428591
-0,2516275
0,3395638
0,762876
0,2669328
0,3190674
-0,0839839
-0,004954994
0,6024328
1,087144
-0,0926009
-0,4729921
-0,5521947
-0,942167
-0,7706764
-0,6942111
-0,4747549
1,020713
-0,6081579
0,2855953
0,1607275
0,6677231
-0,05643314
0,9121125
0,8485262
0,4616469
-0,3169073
-0,5194661
0,05975395
0,1251296
0,4789588
0,7117398
-0,1915523
-0,3468316
-0,9416124
0,5917351
-0,5347587
0,1073218
0,8882313
0,5599436
-0,0002853274
-1,032126
1,169484
-0,2509124
0,6394221
0,5609699
-1,062755
0,2813756
1,257385
-0,07873797
-0,3770514
0,4026447
-0,9510782
0,3441932
0,2041379
0,4230813
-0,8181077
-0,3270828
0,4276758
-0,748772
0,2992311
-0,5892354
0,5270464
0,1238096
-0,07493241
-0,3647649
-0,7130233
0,7066374
-0,1076733
1,699419
0,3912976
-0,5673953
0,185724
0,1134309
-0,6486714
0,2454511
0,5174442
-0,7207351
-0,5423124
1,237107
0,4349328
2,02113
0,1210378
1,202294
1,006816
-0,005442321
0,1000854
0,303222
0,2790898
-0,3966999
0,736338
-0,01124287
0,3243143
0,2663495
-0,03397407
-0,5744609
-0,2013168
-1,320065
-0,705436
-0,668299
0,5400108
0,8820453
0,2332963
-0,1872078
1,203547
-0,2185877
0,1178713
-0,001866221
-0,04447424
0,1224054
-0,9195824
-0,1240777
-0,3618055
-0,2341465
-0,2152917
-0,4009481
-0,1277778
-0,6810791
-0,7482044
0,5258061
0,02009815
-0,2553691
-0,7408371
-0,4150565
-0,5881626
0,1134208
0,6924677
0,5047022
0,472579
0,8342944
0,1963058
0,4895366
0,3941319
0,09261303
0,03289634
-0,3292385
0,3939483
0,1368623
-0,3006926
0,3161629
0,2782754
-0,177286
0,7097226
-0,5137113
-0,1464727
-0,1692061
-0,01555854
-0,2224191
0,6222512
-0,108555
-0,6224887
-0,7360483
0,7531835
0,2130448
-0,4888209
-0,09294289
0,0977162
-0,1780371
-0,01513435
0,7221849
0,4071461
0,0542177
0,1632442
1,373502
-0,1697398
-0,2496643
-0,1201829
0,7559482
0,4088174
-0,1637587
-0,441588
-0,835785
0,748917
0,4216601
0,001872897
-0,6694665
0,9041439
0,8801714
-0,8010926
-0,2409863
-0,1416275
-0,09021671
-0,5632856
0,7428572
0,1202234
-0,2377563
-0,5167
0,5936264
-1,739877
-0,6363273
0,2191661
-0,2612594
1,630691
-0,2248365
-0,3829986
-0,1040656
0,3102689
0,04919124
-0,3873245
0,2102343
-0,5833191
0,2511109
0,543277
0,6415892
0,03148425
-0,6722571
-0,2385077
1,159494
-0,2073767
0,3940165
0,02520572
0,007936299
-0,5288762
-0,5630325
0,4619176
-0,2046433
0,4399951
-0,1670132
0,1336755
1,232416
0,4617503
0,6035103
-0,2402798
1,25878
0,3190593
-0,6093355
0,4217442
0,6129326
-0,707159
0,8233637
0,5882962
-0,8117785
0,6112037
0,02535588
0,4352603
0,689308
0,02764803
0,1170201
0,8409306
-0,0304507
1,951887
1,331079
-0,4325927
-0,5261425
-1,038713
1,076314
-0,318683
-0,2167426
0,7532664
-0,82813
-0,3241653
0,9354411
0,00627248
0,2084736
-0,882999
0,3398241
-0,3557987
-0,372655
-0,07601304
-0,1660814
0,7194228
-0,648899
-0,5949526
0,003856465
-0,01544183
0,01267008
0,9177373
0,152142
1,463935
-0,4006192
-0,608707
-0,6365187
-0,02516711
0,2623017
0,1510693
0,006421626
0,08974026
0,347356
-0,2120004
0,8048
0,06842917
-0,1254213
-0,8956487
-0,3793575
-0,3893237
0,4532915
0,7433554
-0,9721588
-0,4468402
-0,4018485
0,1835874
-0,6677319
0,2844237
0,007376373
0,6771649
0,8348402
0,3469186
0,2126462
0,4577824
0,2309034
-0,3936644
0,3219349
-0,1343596
0,3508843
-0,3877196
-0,2870201
-0,1874477
-0,6456161
0,0001256913
0,7354665
0,1579635
-0,209864
-0,09908205
-0,08593106
-1,481744
-0,6065664
0,521988
-1,087868
-1,126311
-0,4297594
-0,5020327
-0,0684717
-0,1104357
0,1629067
-0,5407653
-0,2351985
0,07573877
0,7664562
-0,9403191
-0,159463
-0,286744
0,6986832
-0,1573564
-0,5961471
0,8858587
-0,3186636
-1,310481
-0,05687499
0,3720141
0,3667744
-0,6393709
0,4275689
-0,8563515
-0,2668897
-0,7035028
0,3070043
0,06999294
0,4017549
0,1312203
0,4493627
-0,3202432
0,2694507
-0,7638515
-0,4721403
-0,02638537
0,4576533
0,3587914
-0,2090437
-0,3026558
-0,2295128
0,01168358
0,8021706
-0,5433142
0,2917644
-0,06752415
-0,5056747
0,09691672
-0,9292372
0,06549996
0,3864853
0,3825469
-0,0190745
-0,0808472
0,1538952
0,4683318
-0,4317362
-0,1863414
1,265405
0,2607597
0,7590262
0,0416711
0,3277296
0,2850657
0,4932925
-0,5535432
-0,6919509
-0,05477458
0,9627054
0,2079268
-1,283208
-0,3717272
0,1219508
-0,2581234
-0,325376
-0,1617092
0,08818251
-0,06958863
-0,2499689
-1,590314
0,2282892
-0,4511911
0,9021767
-0,4875622
-0,6792627
0,02747333
-0,2652206
0,01097673
1,344404
-0,2494047
-0,1758708
-0,5549905
-0,3795964
1,34569
0,4572645
0,3684577
1,000454
0,1496677
-0,08841556
-0,2742941
-1,085071
0,5054945
0,3558321
0,6154872
0,1460648
-0,09896016
-0,4045402
1,030269
0,4329093
1,024049
-0,3416784
0,2430678
0,1667638
0,1177514
1,230192
-0,2533301
1,205561
-0,6912489
0,22579
-1,773919
0,314356
0,3685437
0,1814518
0,3101283
0,3193348
0,2409475
-0,7229364
0,4305609
0,08902532
-0,5485106
-0,2219393
0,1996859
-0,3410013
-0,7675731
0,532994
0,6115616
0,1058555
0,5594337
1,333828
0,754826
0,4721036
-0,8870804
-0,03514035
-0,2933553
0,2691991
0,3629322
-0,705138
-0,4059767
0,4305729
0,07342565
0,05034184
-1,012483
-0,6429998
0,3097098
-0,2949678
-0,1571131
-0,3162894
0,7540938
0,3920526
-0,4322184
-0,1523905
-0,3134627
-0,4362481
-0,07952172
0,5611861
1,461729
-0,7624524
0,4392851
-0,4455948
0,01594406
0,5430058
-0,08772267
1,048089
-0,03791189
0,2369586
-0,07038277
0,633935
-0,6506792
0,1985556
0,264382
0,4300662
0,355689
-0,6451442
0,6381135
0,337448
-0,6941522
-0,2020824
0,1529572
-0,08542669
0,2109834
0,04409325
0,09210527
-0,4880067
0,7367094
-1,20574
-0,02218248
0,6007401
-0,4830701
0,6118607
-0,5527242
0,7712139
0,7170391
0,2528322
1,029818
0,05142194
-0,6826947
0,4280922
0,1259241
0,003554165
-0,2199123
-0,3619347
-0,2966952
-0,05398108
-1,286813
-0,05807175
-0,2118875
-0,050357
0,8032261
0,8262599
-0,05031312
0,4139946
0,05977224
0,2272403
0,7628179
0,09239423
0,1409256
0,02094263
0,353108
-0,6100815
-0,5002372
0,9971195
-0,09282607
0,2915531
0,1681874
0,3213829
-0,4798849
0,3858248
-0,2248797
-0,03065333
0,45556
-0,0654906
0,6766228
-0,4093026
-0,128566
1,592262
-0,8636799
-0,6256877
0,3534663
-0,09037375
-0,1826762
0,8641649
-0,0108192
-0,6743935
0,4770076
0,2795824
0,346844
0,7146349
0,2942261
0,8460227
-0,1409134
-0,1851904
-0,0223313
-0,1069999
0,3883798
-0,3331001
-0,01521546
-0,03123826
0,7157621
0,749922
0,07456791
-0,1511209
0,05917519
-0,6223687
0,819762
0,9953599
0,1441053
0,03953688
-0,8730115
0,3750508
0,5189106
0,7722859
-0,3383851
-0,07204008
-0,8187935
0,4401792
-0,1827053
0,6554338
-0,523717
-0,04084373
-0,5997995
-0,3485364
0,1994784
-0,2828209
0,449119
-0,4781091
-0,3967614
0,5291727
0,4277373
-0,5594477
0,1461858
0,3085183
-0,257201
-0,4542569
-0,428462
-0,3346168
1,285844
-0,5838999
-0,1431471
-0,2312028
-0,3988897
0,2027802
-0,1415628
0,7246764
0,2468371
-0,2166516
0,50363
-0,6125736
-0,8233173
0,08181405
1,218385
-0,9662603
-0,3314364
-0,2043855
0,4699181
-0,3577192
0,1294411
-0,5878774
-0,3252369
-0,811389
-1,267888
1,179849
-0,4955628
-0,7622999
-0,3793398
-0,4494002
0,4624902
0,3640891
0,806087
0,116196
0,06620376
-0,4392535
-0,8425166
0,378014
0,4767836
0,9759393
0,1505204
-0,1414453
-0,364677
0,8365586
0,23498
0,2466188
0,5509355
0,4007423
-0,7921649
0,882122
-1,385054
0,2332433
-0,2520179
1,510473
0,3639743
-0,8073145
-0,188573
-0,6864607
0,05868487
-0,9239036
-0,4326866
-0,2355388
0,3122808
0,1985701
-0,09997278
-0,5025895
-0,1565376
0,7779765
-1,574471
0,7397363
0,1413395
-0,2479334
0,7987961
-0,3674921
-0,319165
0,1339065
0,7333984
-0,116554
0,9302499
-0,299188
-0,4020218
-0,5413266
-0,256714
-0,7833311
0,4035162
-0,1860566
0,1512215
-0,1294865
-0,04364002
-0,4518777
0,540437
0,5637263
0,2557531
-0,5354173
0,3160487
0,157941
0,09848028
0,1905078
0,1590466
-0,5975045
0,5972134
-0,02362633
0,1849418
0,7334426
-0,4257576
-1,108693
0,3527443
2,462895
-0,6935325
-0,7045418
-0,3252518
-0,3748813
-1,179591
-0,6494952
0,8147137
0,6291808
0,5847549
-0,3777202
-1,235529
1,095785
-0,1202475
0,1788642
0,1550716
0,2506257
0,4813521
-0,05121705
-0,09249909
-0,7245567
-0,4172866
-0,06525463
-0,3978808
-0,783715
0,6468648
-0,01350284
0,1713694
0,3269092
-0,4542776
-0,2803165
-0,1150241
0,6081822
-0,1085448
-0,1590944
-0,2461929
-0,1089766
0,2502502
-1,008278
-0,4102996
-0,08236736
0,7250655
-1,291394
0,3588747
-0,4104167
-0,69667
0,1013861
-0,6614747
-0,4136081
-0,1475977
-0,5197605
-0,2206346
-0,3604599
0,07765573
1,042551
0,6239668
-0,5203673
0,8327248
-0,3238311
-1,025544
-1,047237
0,3984997
-0,3138897
0,002288043
-0,04504657
-0,9265312
-0,4429686
-0,2007545
0,5849802
0,8087325
0,05023324
-0,7655433
0,01601863
-0,7705476
0,5783922
0,5184614
1,236349
0,04279125
0,2513301
-0,05873936
-0,1411339
0,6428167
0,3091335
0,8100618
0,4584506
0,305882
0,2868022
1,792963
-0,5807592
-0,4341781
-0,2874386
-0,2189715
-0,4739332
-1,981205
0,7852041
0,1259114
0,440378
0,2515803
-0,562966
0,3767371
-0,6591892
-0,2508705
0,5429912
-0,05578578
0,3275531
0,2539442
0,1246502
-0,02728248
0,509024
0,7928326
0,4933751
-0,3866913
0,5441841
0,2063985
0,1365455
-0,6095974
-0,3305991
0,3824621
-1,043932
0,6592194
0,4124084
0,8266079
0,394036
0,2238093
-0,3717097
0,6450744
-0,2043179
0,7800949
0,6125132
0,3081828
0,4188949
-0,7364694
0,1871987
0,2608633
-0,2841188
-0,7275324
0,2727752
-0,4940163
-1,039311
1,247463
-0,1310789
0,4447132
-0,7561648
-0,4234728
-0,8585753
0,2649504
0,1375056
-0,5487211
-0,6439238
-0,1106539
0,4857571
0,124714
-0,3725337
-0,105224
-0,4309744
0,293528
-1,087648
0,07695179
0,7164712
1,129556
-0,5910596
0,4783256
-0,4292518
-0,7501902
0,2129363
0,3364587
-0,2112782
-0,3818445
-0,03764917
-0,781302
-0,3099273
0,08976388
0,04817647
-0,1985839
-0,2770057
-0,1049808
-1,113125
-0,4075288
0,8328233
-0,002166033
0,2453509
0,04438555
-0,05450252
-0,6989927
0,2531867
-0,1999406
-0,8042575
-0,1698453
0,6653033
0,477795
0,1557885
-1,351479
-0,100231
-0,1146509
0,3140835
0,004160881
-0,9419179
0,01072113
-0,8581041
-0,3621817
-1,35514
0,6951192
-0,05426842
0,3452672
-0,5459424
-0,5268802
0,3955497
0,9687548
-0,8543541
-0,2691789
-0,4785875
0,04358487
0,4149349
0,2853281
0,05956607
-0,1585595
-0,614895
1,239828
-0,193423
-0,2758345
0,7344023
0,3042696
-0,4743472
-0,2766374
-0,2845501
-0,6951607
0,05554447
0,1489051
0,01205581
-0,6799425
0,6298783
-0,3474324
0,08538389
-0,5862769
-0,5680779
-0,5732303
-0,03677475
-0,06928553
1,153469
-1,598756
-0,2469835
-0,2707411
-1,081666
-0,9406345
0,7918036
-0,2128956
-0,2476223
-0,377248
-0,2292686
0,7626432
0,310032
-0,5353941
0,1278627
-0,4934007
0,01096153
0,3469037
-0,2064649
0,2978374
-0,3195728
2,129323
-0,6138835
-0,6433571
0,6315014
0,2864326
1,718927
-0,8724759
0,8772939
0,0359779
1,619131
-0,5205457
0,06748253
-0,08449161
1,145568
0,3258735
-0,1638902
-0,5077921
0,3988325
0,7290614
-0,4062694
0,1622516
0,4163142
-0,3059499
0,398267
0,9823229
0,1285153
-0,4171212
-0,6513683
0,5926101
-0,3658784
1,227503
0,07442969
-0,364632
-0,4597641
-0,234584
-0,2214113
0,5157059
-0,682866
-0,03653091
-0,5707827
-0,005857587
0,3409846
-0,3668802
0,1841017
0,1275927
-0,88128
1,195275
0,5314856
-0,3234054
-0,3792259
-0,2155759
-0,8415657
-0,3727833
-0,3803068
-0,6019663
-0,2326383
0,4021407
0,8232435
1,124806
0,5328739
-0,8411611
-0,3354038
-0,1618087
-0,4975578
0,7027149
0,6801865
0,5902674
0,2886943
1,190704
-0,3485516
0,3437729
-1,306635
0,1002265
-0,3149078
-0,211802
0,4488727
0,6692625
0,7416689
-1,193956
0,3866764
0,264462
0,1053097
-0,1741007
0,6436837
-0,3473734
0,530926
1,076171
-0,3656089
0,3984022
0,4898881
0,4712626
1,274337
0,6229793
-0,5612231
0,6923423
-0,6822669
1,064761
-0,01480855
0,9023781
-1,469624
0,9493284
0,2690576
-0,1862134
1,398612
0,3930181
0,478407
-0,7275062
0,09934925
-0,6337579
0,3909607
-0,7490574
0,2640923
-0,6283874
1,183194
-0,4499161
-0,04379886
0,2133127
0,9466141
0,5905796
-0,2720329
-0,299749
0,3358564
-1,37002
0,4302667
-0,4385796
0,103748
-0,8556611
-0,5678015
0,004925787
-0,4317854
0,6011878
0,5351915
-0,2143264
0,1711809
1,699945
0,6493732
-0,3365964
0,03031707
-0,4885264
-0,229515
-0,2629213
0,8062727
-0,4155352
-0,4939508
-0,1130978
0,394463
-0,505635
0,2465962
0,06097835
-0,3534783
-0,4463105
-0,3825686
0,7766887
1,184517
-0,2201403
1,395255
-0,3955562
0,4578977
0,2514955
-0,002668738
0,4589434
-0,06072778
0,4772695
0,6039361
0,211064
0,7952181
0,3810936
-0,0196088
-0,7196918
0,5577825
-0,2727768
-0,5340475
-0,710767
0,1698672
0,4627777
0,03846002
0,2808486
0,08492017
-0,4087636
0,3932077
1,190549
0,03167205
0,6790184
0,3479106
0,6125579
-0,1640895
-0,09312421
-0,3394971
-0,5115259
0,6154132
-0,08229905
0,6941422
1,627959
-0,04678065
-0,6492129
-0,3513359
-0,105809
0,7077899
0,5244908
-0,1393106
-6,836653E-05
-0,1644138
0,7101249
0,7037693
0,2592837
-0,9164129
0,5705106
-1,395888
-0,5907264
0,6799701
0,9038555
-0,9110876
-0,3493425
-0,07775956
-0,2913012
-0,8701292
-0,2867401
-1,068271
0,196863
0,2188377
-0,7651673
-0,08648777
-1,337785
-0,2383918
0,07580779
0,1891796
1,093051
0,9369951
0,3596313
0,5235185
-0,4678041
0,01452854
-0,02801496
0,4195242
-0,6764241
-0,2123955
0,4372386
-0,2240881
-0,1249188
-0,06407773
-0,1124965
-0,2233363
0,745533
1,148947
0,07590246
-0,7818379
1,489799
1,338589
-0,7496492
0,231614
0,05391377
-0,6177045
-0,1340116
0,281794
-0,9208739
0,7327853
-0,7872541
0,003081262
0,4005851
0,5180885
-0,222871
-0,1152794
0,5232589
0,7621374
-0,1007998
0,1963941
-0,4999026
0,4907393
-0,1999305
0,7195811
0,4728785
-0,07240587
-0,09638281
-0,2173194
-0,02969235
-0,0870496
0,6605455
0,6810268
0,4122406
-0,2791817
0,3013896
-0,5875206
0,2348143
0,7552105
-0,06285048
-0,2562385
0,7980869
-0,008366406
0,7713167
-0,4579602
-0,4814778
-0,3352273
-0,215376
-0,6900608
0,3497754
0,4042377
-0,0281707
-0,20548
0,03284821
0,4046344
0,2989703
0,4589069
-0,2322497
0,5986979
0,7597787
0,159246
-0,3645362
0,7927927
-0,8264377
0,6830792
0,06693584
0,5671658
0,4036568
-1,151564
-0,1679773
0,8167161
0,4642276
-0,4302372
-0,4923192
-0,2569866
0,2935569
-1,119811
0,4013706
-0,4465011
-0,6975566
-0,338748
-0,1056186
-0,3957608
-0,9529148
-0,585095
-0,6224272
0,221958
-0,4785284
-0,02886319
0,4777704
-0,2309282
0,716737
-0,9212544
-0,1051616
0,2187507
0,418412
0,6483934
0,7153995
0,9108393
0,7549512
-0,07042147
0,08203268
-0,9594967
0,391579
-0,5898558
0,4516122
0,4499118
-0,8778813
-0,01856714
0,1918139
-0,07956655
-0,2602717
-0,1879712
0,122209
0,5105696
0,3527728
0,07834119
-0,06311399
-0,6406261
-0,2095643
0,1053408
0,2144613
-0,2508745
-0,4980602
0,02345496
-0,558934
0,5032176
0,01813208
-0,3847083
-0,7914912
0,5661084
-0,03525221
-0,4527549
0,3079253
-0,01416659
0,284255
-0,1961505
1,431581
0,7341255
0,1486734
-1,353722
-0,5406802
0,5146019
0,4456174
-0,04079762
0,8554178
-0,08021009
-1,404242
-0,4480396
0,08893627
-0,003845453
-0,8109114
0,388315
0,5624557
0,5725481
-0,9792562
0,8580699
-0,4655564
-0,9144803
0,4427618
0,2164038
-1,293315
-0,07395144
0,458569
0,1144031
0,8386052
-0,3036923
-0,3600218
0,04063968
0,1243107
0,1638757
0,4303436
1,209571
-0,1744339
0,296409
-0,1295609
0,4315874
-0,0959782
0,09933418
-0,4629689
-0,09912968
-0,6259646
0,6029845
-0,4182408
-0,3458491
-0,5210865
0,183714
0,5663587
0,3033323
-1,224734
0,361866
-0,2754383
-0,4918167
-0,2736908
-0,05758834
0,003284216
0,8436447
-0,7648119
-0,09933245
-0,739352
-0,1028209
0,7702251
0,5400925
-0,909085
0,5257795
0,3502615
-0,4418538
0,2062942
0,02837294
-0,4505845
2,128352
-0,4315601
0,8681946
-0,783884
-0,1010824
-0,7092625
-0,06360394
0,02939111
-0,9487883
0,6592616
-0,2801208
-0,6092764
0,8054324
1,568237
-1,010814
0,2335533
0,1447481
0,8056779
-1,136599
0,1474718
-0,9604088
0,2757642
0,2430959
0,434925
-0,4249345
1,571769
0,01874262
-0,6165414
-0,5323219
1,210135
0,2543408
-0,1064974
-0,5796262
-0,1607214
-0,5211369
0,4647449
-0,4869667
-0,4228805
-0,1420733
0,2064383
0,01265138
1,107373
-0,5543072
0,8169801
0,8271682
0,2828367
0,02440643
0,1077998
0,2450525
0,4792495
0,1178914
0,1311402
0,01817656
0,0707047
-0,06702971
-0,8276061
-0,3164986
0,3234036
1,377511
-0,5968391
0,9323309
-0,01751669
0,4807624
-0,1274307
0,1931475
0,04563308
-0,4236783
-0,2304402
0,4150044
0,8672886
0,1667622
0,4564967
-0,1236823
-0,4270158
-0,2975834
-0,9213888
0,7479846
0,5709287
-0,07010598
-0,525035
-0,502184
-0,3786651
0,1082944
1,214714
-0,8631646
0,3858616
-0,2384426
-0,1992998
-0,05971253
-0,5295374
-0,4919887
-0,3326293
0,308188
-0,3816552
-0,2279961
0,4502242
0,09545249
-0,2173233
0,9115767
-0,4225476
-0,2334683
-0,4025012
1,465819
-0,1291442
0,236869
-0,5939928
-0,04121745
-0,6220195
0,3517742
0,1864731
0,1259707
-0,5395114
-0,1731418
-0,320075
0,4751055
-0,1513975
1,45007
-0,06933302
0,4127793
-0,8362122
0,146533
0,1450299
0,07349002
0,3724079
0,4522896
0,357863
