1,225465
-0,4771211
0,4939504
0,1256604
0,3105645
0,191903
-0,1862122
-0,03250498
0,07495338
0,1064389
-0,6791776
-0,133067
0,1574175
0,02554077
-0,3021055
0,2685107
0,09038047
0,5113577
0,349256
0,4652797
-0,7938774
0,2954667
0,4827334
-0,1011135
-0,2279084
0,2175234
-0,8412946
0,268239
0,234633
0,1101294
0,2800758
0,09346759
0,3929569
-1,047759
0,4223981
-0,3345428
0,05502313
-0,2671521
0,3948654
-1,082443
-0,7556675
0,02320278
-1,258124
-0,2688121
0,02021211
-0,03452647
-0,06845099
0,580761
0,1865448
-0,06965297
-0,1583765
0,6247589
-0,7066528
0,8042047
0,02343339
-1,295498
0,06809895
0,2788402
0,6058828
-1,055416
-0,5082043
-0,01369095
-0,1560915
-0,6724511
0,229335
-0,4034407
-0,6167789
-0,2231883
-0,04756004
0,2675134
-0,16095
0,253112
-0,4805052
0,3381141
-1,205933
-0,2815085
0,6636722
-0,102895
0,1470742
-0,3815461
-0,2311068
0,003670558
0,6597347
0,1711262
-0,09511687
-0,06211139
0,3235334
0,06762159
0,03021377
0,7021872
-0,7691031
-0,9382443
-0,644107
-0,5847335
0,7182676
-0,0766082
-0,2652168
0,2830319
-0,3465545
0,4591227
0,8429234
-0,1780813
-0,05932766
-0,07318693
0,2851094
0,2006627
-0,1781873
0,1787757
0,08959864
0,005634367
0,0317322
0,158745
0,01701117
-0,05708247
0,6720368
-0,1836839
-0,6926841
-0,1400282
0,6818069
0,2093343
-0,03570497
-0,2760535
0,7296132
-0,5987325
-0,5312445
-0,862767
-0,3946694
-0,1794069
0,8743567
0,1371763
-1,368699
0,1833993
0,4027361
-0,1096618
-0,1677232
0,02416372
-0,01494868
1,018379
0,2136936
-0,4922675
0,3764182
0,2053528
-0,0759169
0,4701959
-0,4057009
0,08858049
0,3480263
-0,004814029
0,09351373
-0,1196388
-0,5576783
0,1041164
1,302705
-0,7734658
1,004917
0,05787724
0,5332875
-0,02710193
-0,2711536
0,6782609
-0,009536266
0,03330372
0,6769639
1,576958
-0,4555873
1,547151
-0,8324257
-0,07903838
-0,3859227
0,460397
-0,5657704
0,5435903
0,04235238
-0,1835344
-0,3563263
-0,6856233
-0,5121409
-0,2129323
0,627139
-0,4683155
-0,1230332
-0,1990514
-0,1274396
-0,1583304
-0,07431579
0,2602428
0,003389359
0,3916141
-0,9832256
0,7669398
-0,2801298
-0,05074622
0,4287092
-0,3955596
-0,3159724
-0,6379819
0,5302642
0,2105017
0,06568806
-0,3377098
-0,6206012
-0,7751719
0,8002864
0,1760383
1,268032
0,5056116
1,11191
-1,114968
0,491339
0,3189279
0,2443935
-0,08054239
0,3674276
-0,01757979
-0,292821
-0,6842799
0,3795868
0,007327646
-0,1239622
-0,7537729
0,5976769
0,9985102
-0,09573209
-0,09183812
0,6223031
-0,6951451
0,5822408
0,1634394
0,2084004
1,55691
-1,155641
0,823548
-0,1774642
0,5141546
-1,023561
0,09272127
0,7962332
-0,3932359
-0,137473
0,3591304
-0,3794727
0,04525048
0,1513532
-0,3532086
-0,1454048
-0,6181272
-0,5346816
-0,103292
-0,3127159
-0,2440897
-0,18323
0,2929572
-0,4835527
-0,001742482
0,6199095
-0,05571651
-0,09230024
-0,2671151
-0,8527251
-0,2490164
-0,2617389
-0,07985629
0,1740436
-0,4557152
-0,7578688
1,040744
0,2984298
-1,002949
0,6347933
0,3027472
-0,2223255
-0,008561254
-0,1119788
-0,0555644
0,3757284
-0,08530088
0,8914512
0,02201003
-0,1036453
0,1579775
0,08298719
1,011159
-1,075277
0,2096907
-0,8054518
0,05160576
-0,1748341
0,1131171
0,2090679
-0,448933
0,04199183
-0,4633347
-0,6551172
0,1617931
-0,4160283
-0,5261087
0,6422791
-0,6476573
-0,7976946
0,6967998
-1,045053
-0,9713551
-0,3306639
-1,152873
0,586166
0,4525856
0,4946311
1,091976
0,03210723
0,05169319
-0,1292365
-0,7353513
-0,6240375
0,4063479
0,1613306
-0,7940676
-0,3804953
-0,008479714
-0,2772332
0,1739403
0,7328293
0,0365445
0,3099508
0,5046226
0,0902341
-0,0336833
-0,09330189
-0,5142056
-0,2205997
0,04723114
-0,4342476
-0,1177342
0,847647
-0,04966885
-0,2382559
0,4489514
1,221095
-0,6651587
-0,3541636
0,2050657
-0,2982194
0,633862
0,3840523
0,1376615
-0,3177219
0,570932
-0,4576879
-1,023172
-0,4368129
-0,3828228
0,06588398
-0,09646137
0,3141305
0,4681535
-0,02875572
-0,2877895
0,4355153
0,01684886
0,5198852
-0,6031327
0,6649208
0,09940153
0,3711165
-0,2758148
-0,5478228
-0,2848278
-0,1316487
-0,7642957
0,1670247
-0,2000502
-1,030691
-0,2462005
-0,4012385
-0,1839703
0,1550816
-0,272458
-0,2505836
0,1194965
0,4349285
-0,2897607
0,2531905
0,3610009
-0,1824931
0,3707024
0,1572853
-0,2717998
-1,267201
-0,2894462
0,1066816
-0,7589781
-0,0209657
-0,2043432
-0,3186354
0,2215273
-0,9340815
-0,3785215
-0,08428329
-0,797027
-0,1908259
-0,8418962
0,3226596
0,4313073
0,8069065
-0,2859612
-1,404778
0,2537929
0,5436225
0,5191413
0,03657103
-0,2906045
-1,05872
-0,3607271
0,02754253
0,1700342
0,4901971
0,1068896
-0,4767511
-0,3460446
0,3807917
0,4117405
0,3995888
0,3872098
-0,08241844
-0,7366017
0,4626727
0,3939586
-0,7855675
0,5862999
-0,3060064
-0,187704
0,668054
0,4640886
0,002186298
-0,2665988
0,4767669
0,5343742
-0,3510162
-0,3738037
-0,1707919
-0,1164167
-0,726265
-0,7281183
0,9673253
1,189864
0,2692431
-0,3311241
-0,4948769
-0,1508076
-0,1846426
0,8387914
0,7642291
-0,9922563
0,2311247
0,2360196
0,8194199
0,7237414
-0,2145882
0,05764145
-0,03573304
-0,8350288
-0,9935257
0,0130361
-0,511313
0,08698975
0,002971336
0,5002139
-0,1044835
0,3553792
0,3762109
0,2946055
0,2706305
-0,4434851
-0,07908523
-0,8651348
-0,2701215
0,06036699
0,110931
-0,417338
-0,6927618
-0,3626238
-0,4059231
-0,1551529
1,530539
1,147507
-0,003074721
-0,6358618
0,09452903
-0,5137807
0,06892781
-0,1775704
0,3060105
0,7045363
-0,1370462
-0,5329253
-0,04756212
-0,04620165
-0,1855317
0,1438099
0,9351586
-0,01149637
0,2006781
-0,2694485
-0,4718279
-0,3229818
0,004854679
0,05983263
0,6538091
-0,4710001
-0,2246172
0,5929141
-0,4070009
0,6697675
-0,2227269
-0,6382242
0,473029
-0,8941565
0,2002198
-0,09839022
-0,6948482
-0,1813678
0,1555075
0,386584
0,1910784
-0,8446918
-0,3613582
-0,4347432
-0,6259873
0,4800214
0,2011905
-0,0244533
0,63893
-1,189203
-0,08112723
-0,7205626
0,4790726
-0,2524135
-0,6119088
0,3516606
-0,04334188
0,443992
-0,2124539
-0,6908161
0,4124865
0,3400729
0,2423358
-0,1536354
0,1190865
1,280027
-0,1382721
0,6655689
-0,02289152
-0,04868871
-1,544044
0,8894234
-0,4828668
0,4334573
0,006036162
0,7800526
0,1526652
-0,4893204
-0,1001993
0,1062748
0,4342985
0,1955649
-0,2269033
0,365519
-0,1469407
-0,02579547
-0,1761622
-0,1502
0,2531255
-0,02225848
-0,2274503
-0,55822
0,5237176
0,3333991
-0,8682534
-0,04593529
-0,1395879
0,4826518
-0,2791762
0,6768914
-0,1136596
0,354066
0,3137708
0,04158849
0,861088
-0,04639788
-0,1481039
-0,0101303
0,2832597
0,1595691
-0,5384035
0,04372483
0,345481
0,4104976
-0,07312883
0,1668609
-0,7248637
0,0891006
0,1742593
0,3983073
0,4751216
0,4562467
0,7103485
-0,2280496
-0,1888905
-0,2586716
-0,7484961
-0,1353499
0,2456545
0,1994554
-0,04568356
-0,1588258
-0,7645251
0,4002092
-0,355013
0,4795472
-0,220913
1,596166
0,1313369
0,9399248
0,2822387
0,6655502
-0,2754042
-0,1077458
-0,5513048
0,4501039
-0,03378332
0,1830351
-0,6008514
-0,4105762
0,470962
0,7699438
0,1510231
0,07413733
0,6052803
0,5792094
0,3272783
0,1040476
0,8431808
-0,6457465
0,6529698
0,1928462
-0,6674649
0,1864052
-0,5836486
0,09908313
0,2383394
0,3137191
-0,5743736
-0,5428889
0,1475589
0,6793511
0,4870735
0,6943593
-0,2410408
-0,08167815
0,5514736
-0,4195712
-1,518832
-0,6295247
-0,495045
0,128264
0,4930273
-0,09023955
0,4464809
-0,1539682
-0,3130385
-0,8543997
0,7009283
0,3204105
-0,3588873
0,9125925
-0,07934326
-0,4970077
0,0816143
-0,0395052
0,2742459
-0,5263432
0,4242744
-0,437565
-0,4277743
-0,1402066
0,08821218
-0,4660982
1,921024
1,40758
-0,07911593
-0,1327286
-0,005464733
0,6238326
-0,03603607
0,2031536
0,4950662
0,4331539
0,5653512
-0,3007073
0,7598602
0,7231912
-1,115741
0,3206626
-0,3512666
-0,4481515
0,4013345
-0,2244278
0,2284982
0,2580295
0,2597894
0,2901908
-0,2666661
0,435846
-0,2834404
0,2606142
0,4497094
-0,1581933
-0,4879016
-0,6797397
-0,06892157
0,7941851
0,3309893
-0,7475224
0,7301322
-0,4129245
-0,2503681
-0,01125266
0,6320809
0,4364438
0,2524627
1,357097
-0,1157779
-0,6563575
0,2842575
-1,033186
0,1851579
-0,07544175
0,02153265
0,4661387
-0,2330797
0,6544815
0,2461761
0,3213862
-0,1510515
0,1647243
0,5968421
-0,8195425
0,09643596
-0,7471521
-0,4346972
0,8898904
-0,08737111
-0,3612937
0,4264116
-0,4108654
-0,216583
0,298801
0,1417534
-0,2719181
0,2349946
-0,001773536
-0,268629
0,2620817
-0,4214683
0,1435239
0,3658005
-0,2780137
-0,729188
-0,1549168
0,1511554
0,4956677
-0,8841836
-0,2216069
0,4017292
-1,7359
0,149889
0,3068496
-0,305769
0,2192669
0,3120949
-0,04526865
0,5682259
-0,4174901
-0,3718564
0,2160423
-0,2606223
-0,0569886
-1,418941
0,1692787
-0,2135177
-0,2893295
-0,4469049
-0,8088788
0,1519886
-0,04368484
0,9329017
-0,74518
0,8319339
-0,7555964
-0,2354138
0,3858591
0,2258057
0,1569737
0,5156279
-0,2781855
1,071428
0,8790379
0,9346122
0,1256114
-0,1536223
-0,4710749
-0,1324723
-0,1861204
0,05156004
0,2563211
-0,1201424
-0,14856
0,01166952
-1,157101
-0,2337644
0,2841566
0,2066553
0,5436951
0,4441217
-0,08786902
0,03850543
-0,1285828
0,7028009
0,2972541
0,7009477
-0,349472
0,2651457
-0,149134
0,2788066
-0,4457366
-0,2914936
-0,6680527
0,2767811
0,03757691
0,6812692
-0,66391
0,01212668
0,253075
0,00109902
-0,3490641
0,2567842
-0,6663478
0,3228056
0,1203026
0,04995716
-0,3983331
-0,0585648
0,7006806
-0,1794932
0,665036
0,3070671
0,5175126
0,3438569
0,2266448
0,2964123
-0,5557715
0,9514891
0,88709
-0,1884551
-0,7683786
0,25904
0,04708374
-0,7832659
-0,1905971
0,4467283
0,1283337
-0,2888685
1,479417
1,373922
-0,4289232
-0,06960125
0,6908785
-0,5057956
-1,233199
-0,1383824
0,01948851
-0,3308967
-0,4163963
-0,4160417
0,1748072
0,5851941
0,1149043
0,8738775
-0,336882
0,768763
0,06921822
-0,5943026
0,3317009
-0,4500822
0,4127263
0,6300089
-0,1265485
-0,5152379
0,542134
-0,6224715
-0,6244262
-0,4648798
0,05103827
0,5657595
0,6327237
-0,01688077
0,04462725
-0,5342617
0,4819595
0,2111584
-0,5437893
0,2294187
-0,5457853
1,278548
0,9019849
-0,3215545
0,4902839
0,6203729
0,3211649
0,8103461
-0,00164628
0,2885561
0,1563432
-0,5793145
-0,5573932
0,006175339
0,1652993
0,9713737
0,2667968
-0,2817615
-0,6219297
-1,114509
0,07971841
0,8934003
0,1983869
0,07383335
0,4338789
0,1643859
0,02068889
-0,1000919
-0,4722856
0,4143625
-0,2806407
0,3175274
0,4559377
-0,5750998
0,3159128
-0,1102188
0,3629013
0,7293961
-0,4670666
0,3682262
-0,4995995
0,2835112
-0,2875269
0,421124
-0,3541019
-0,3463277
0,4099389
1,518302
0,1224682
-0,5891925
-0,4682437
-0,9023976
-0,1653173
0,1110358
-0,2652838
0,7595426
0,1761542
1,510971
-0,4428284
0,6454869
0,5668011
-0,4683874
0,5272063
-0,9496225
0,4403395
0,3708044
-0,09671956
-0,4677343
0,04268175
-0,4097677
0,5429815
-0,2312802
-0,5275283
-0,5110948
1,169371
0,6438771
-0,08513981
-0,003025189
-0,3266363
0,2012646
-0,2071084
0,125917
-0,1359648
0,2597142
0,3751144
0,4685414
-0,1128636
0,5566775
0,07527691
0,4037854
-0,4849653
0,1011425
0,7512189
0,5215057
0,4225172
-0,4186525
0,2851048
0,5719886
0,2267415
-0,1275694
0,09081769
0,8101056
0,8188994
0,7322761
-0,08933806
0,5846163
0,5712514
-0,9492558
-0,07134199
-0,5302092
-0,5040896
0,2231224
-0,2298979
-0,6091839
0,2028497
0,2030473
-0,2451125
0,9956527
0,07467091
-0,4267375
-0,0186494
1,186203
-0,320281
-1,133649
-1,180012
0,6089078
-0,3819993
0,4911823
1,047938
0,09394264
0,486397
0,2472021
0,970899
0,2541214
0,3336074
0,4769104
-0,1528001
-0,249837
0,6274705
0,1345719
1,038855
0,475573
-0,2143015
1,084173
-0,4050993
1,047597
-0,3674136
-0,621605
-0,1433418
-0,0003199577
0,4843569
-0,4169942
0,5997496
0,001589298
-0,4753363
-0,4131423
-0,1561305
-0,6138741
-0,2475209
1,230148
-0,2670929
0,1974019
-0,2771362
-0,361046
0,6161473
0,4333121
-0,00423497
0,6737691
-0,1938941
-0,153238
-1,306736
-0,1453406
0,1787697
0,3167752
-1,106869
0,001631111
-0,4484344
0,692735
1,139961
0,2812498
0,7087088
0,4208807
-0,2340192
0,07015461
-1,383739
-0,2297256
-0,1419889
-0,382844
-0,2551901
-0,1993693
0,1069047
0,2557212
0,1736886
0,4310758
0,007240117
-0,2916489
0,07047848
-0,07251221
-1,586745
-0,1678447
0,3884358
-0,1346244
-0,1403192
-0,2137333
0,3670793
0,8871886
0,1120348
0,6154793
0,1563102
-1,547955
0,2310351
-0,4264109
-0,1133924
0,9030787
-0,563289
-0,1415203
-0,824323
0,3506955
0,1852501
-0,8683769
0,4546188
-1,025028
0,00907433
0,179896
1,860999
-0,9644036
0,319296
-0,2574596
0,4992709
-0,8884693
0,5231394
-0,5157595
-0,506972
0,280885
0,1909423
-0,3009405
-0,4322094
0,1465216
0,4060121
-0,03509891
-0,216782
0,341691
-0,520109
-0,3482872
-0,4214792
0,249258
0,4746938
0,5777148
-0,07972975
-0,5168022
0,2989669
-0,1644387
-0,4788404
0,2443514
0,06724483
-0,04699039
-0,03632849
-0,5691531
-0,5170628
-0,4009806
-0,004101276
-0,3013797
0,1028569
-0,3592921
0,03601597
0,1626198
-0,2402123
0,04042709
0,5332528
0,05631207
-0,08324152
-0,4310597
0,2989631
0,1616418
0,3295386
0,07308483
0,1638328
-0,9092734
0,3486335
-0,4297757
-0,6592463
0,09431612
-0,1834374
-0,6722679
-0,1344861
0,02045065
0,5460194
0,9317174
1,018045
-0,1166418
0,5677375
1,093032
0,1099575
-0,5661536
1,097736
0,3245128
1,450806
0,4526293
0,623745
-0,05380833
-0,554144
-0,9276423
0,08102435
0,7642562
-0,4297965
-0,2725614
-0,7952379
-0,1521645
-0,7029092
0,3217514
0,4234346
-0,5198959
-0,08526617
-0,4798298
0,1342848
0,6086532
1,370522
0,7130192
-0,3853647
0,952577
0,0718804
-0,9394426
-0,2231762
0,01038143
0,6631818
-0,2835876
-0,7914124
0,4754884
-0,1418636
-0,2278458
0,003041148
-0,2377645
0,02464126
0,4432153
-0,2276112
0,51074
-0,09141046
0,4380133
0,5218769
0,4508901
0,324777
0,7477743
-0,4411096
0,345761
-0,2440019
0,3190182
-0,5479094
-0,9292032
0,0935691
-0,2172543
0,03461087
0,2380158
-0,07051313
0,6102497
0,1841316
0,1374221
-0,8494979
-0,6400549
-0,08180296
0,8449681
-0,1508467
0,3663623
0,2690754
0,2326093
-0,8268959
0,05283825
-0,4733571
-0,05761875
-0,006234884
0,2345675
0,9348072
1,575292
-0,4074969
-0,7869419
-0,01160699
-0,2578559
-0,4832924
0,4169191
0,2547676
0,1903139
-0,02586509
0,2157187
-0,44537
0,8961297
-0,3852083
1,048521
-1,022637
0,2967309
-0,1137343
0,3475633
-0,5715298
-0,254882
0,7239202
-0,332778
0,2424946
-0,3618299
0,4880971
0,06388371
-0,2089502
0,2027545
0,4022145
-0,549452
-0,04148048
0,4073118
-0,4970393
0,7043111
-0,0389266
-0,3906921
0,2193479
0,2438559
0,3314349
-0,2119122
0,7577645
0,3664481
-0,1471536
1,18275
0,1253342
0,2192013
0,1427464
0,2586102
-0,4782525
0,1108617
-0,687317
-0,3633901
0,09498048
0,07604688
-0,7040373
0,2501712
-0,5775658
0,09766316
-0,3626069
-0,1952539
0,1733847
-0,6575972
-1,01074
-0,3820013
0,4994052
0,3363619
-0,197711
-0,04064792
-0,4621908
0,2636195
0,2353042
-0,4951999
0,6356903
0,1394401
-0,07422251
-0,5388334
-0,8942741
-0,05109674
-0,2311208
-0,0865984
-0,9954672
-0,4654923
0,3219785
0,25217
0,7694561
0,1045261
-0,03731801
-0,05101705
-0,08072656
-0,3875263
0,3320108
-0,5215974
0,9581788
0,6581661
0,2425535
-0,355531
0,9216065
0,06811939
-0,1073219
0,1728961
0,5573897
0,2441444
0,2967457
0,7122553
-0,1974502
0,6843654
0,6862034
0,1232406
-0,7448177
-0,1626198
-0,5307623
-0,1623941
-0,5983998
0,2740298
0,4921594
0,8837757
0,1640565
-0,5401013
0,01667374
-0,04491335
0,6808507
0,9680417
-0,5782434
0,1454803
-0,02323514
0,2496338
0,5647295
0,1491163
-0,09291607
-0,2922621
0,2547901
-0,03133279
-0,6248696
0,02286363
0,1034494
0,4336312
-0,4934912
0,5366674
-0,4996359
0,139188
-0,244024
-0,2845869
-0,1114801
-0,1559061
-1,461909
0,01520637
0,1503148
0,464133
-0,2546106
0,537244
-0,151405
0,02361488
-0,2613943
-0,3317039
0,5767593
-0,03794414
-0,6401415
-0,1163965
-0,9111287
-0,4557309
0,6673559
-0,1357291
-0,139187
0,4975807
0,7373575
0,7259202
0,5851156
-0,1273156
-0,1018801
-0,4957899
-0,4824086
-0,2362948
0,4895388
0,2354923
0,1264734
-0,2470273
0,2483796
-0,3770432
0,1347273
-0,04079302
-0,2057154
0,7822018
0,7998131
0,4362754
-0,4246233
-1,075438
-0,8935087
-0,3668902
-0,07988162
1,013145
0,1275135
-0,341697
1,033191
1,910788
-1,087265
-0,2046138
0,3199596
-0,7830934
-0,8801458
0,3059715
0,2140504
0,2130985
-1,74229
0,8383412
-0,03744449
-0,2211015
-1,19289
0,5840116
-0,9065406
0,2862591
0,632404
0,8312716
0,9078151
-0,01872879
-0,03333634
0,2985673
-0,9545336
-0,1677971
0,09308521
-0,02549854
0,6078255
-0,0453195
-0,3903519
0,3493415
-0,661516
-0,03874327
-0,8242926
0,09633893
-0,1234213
0,2272893
-1,303278
-0,1353222
0,9081142
-0,3817238
0,1757876
-0,271797
0,9983926
0,1050345
1,334635
-0,6604255
-0,4249139
0,3650817
-0,7893417
1,051008
0,2348084
-0,9657108
-0,4873739
0,1570534
0,1893118
0,1590125
0,4524161
0,3035873
-0,03794461
0,4467061
0,1746979
0,5352501
0,5926483
-0,03891903
0,8653589
0,3442426
-0,4968798
0,4897212
-0,6450081
-0,396239
-0,7726783
0,5493388
0,08060703
0,3814882
-0,4832113
-0,1340936
0,1034293
-0,3255227
-1,602907
0,3191481
-0,1742914
-0,02696913
-0,5266261
0,2928391
-0,316949
0,2992965
0,4739492
-0,2009907
0,3069175
0,1740014
-0,02343714
-0,3158152
0,4695457
-0,08542573
-0,4084328
-0,4327952
-0,509093
-0,218124
-0,05459756
0,2254478
0,3009067
-1,804605
-0,876377
-0,1536658
-0,9453758
-0,1098737
0,09161115
0,4531485
0,7846804
-0,1398143
-0,3704761
-0,7319485
0,2207116
-0,3062857
0,5005811
-1,029925
-0,6658574
0,6834646
0,05771583
0,05607456
-0,3239347
-0,4274396
0,4047248
-0,2492161
0,2791777
-0,5346729
2,398583
0,186727
-0,2594807
-0,6035941
-0,5829499
0,4363512
-0,555361
-0,04657435
0,01268256
0,9094552
0,2511896
-0,2617258
0,4045473
-0,9255047
0,08983897
0,3906054
-0,06363173
0,2752993
0,3753403
-0,5022361
0,1572875
0,6844937
-0,5899412
-0,3423826
-0,06995332
-1,130281
-0,1427437
-0,2579527
0,9602085
-0,2166605
0,0812268
-0,5952024
0,219572
1,124233
0,527598
-0,0724937
-0,2761828
-0,6966227
-0,08389926
0,288785
0,08924294
0,3268452
0,1033509
-0,1699187
-0,5154614
-0,8652155
0,7693045
0,8177055
-0,3785458
-0,3945245
0,6183692
0,3090585
-0,4831368
-0,3875793
-0,3130754
-0,3091576
-0,004397869
-1,267704
-0,6216874
-0,08564121
-0,5641513
0,3272352
0,1188235
0,2142882
0,003714561
-0,7560221
-0,9385407
-0,1036593
0,7376413
-0,3233874
0,05741948
0,2605889
0,3278535
-0,07475507
-0,8401908
-0,3344242
-0,2162973
-0,3243514
-0,5581617
0,5836378
-0,04218251
0,3317043
-0,4696467
-0,4802935
-0,2216895
-0,05074376
0,1087152
0,4190712
0,6258826
-0,189444
-0,03191656
0,7993975
-0,9737578
0,03176993
0,2388154
-0,02906114
1,082366
-0,2024792
1,339636
-0,4904817
-1,236732
-0,2906061
-1,46179
-0,4473284
0,1562424
-0,419506
-0,03147782
-0,022535
-0,5680978
0,02518217
0,2969974
-0,004425049
-0,2344158
-0,5600975
-0,2914767
-0,6882471
-0,4351988
-0,2432291
-0,5532876
0,3672924
0,1749225
0,004856288
0,06204623
-0,4139462
-0,2024074
0,2562557
-0,5896619
0,01800662
0,5810818
0,4480336
-0,7114537
0,312312
-0,2527035
-0,2623757
0,1366557
-0,1016118
-0,03127307
-0,05515899
-0,2244043
0,07851875
0,4071964
1,097396
-0,1099174
0,04987782
0,2592974
0,3104669
0,6482211
0,9778135
1,037462
-0,4003529
-0,3118156
0,5563293
-0,1670958
0,01004767
-0,03636801
0,3351629
0,2041205
0,6433617
-0,02165419
-0,4491435
0,1635942
-0,7392712
-0,4425426
-0,5363932
-1,011754
-0,02334377
-0,4722062
-0,438253
-0,1314179
0,4626881
-0,6761715
1,128628
-0,5824227
-0,09338892
-0,2545211
-0,04121923
-0,8828714
-0,6144822
-0,58421
0,08148357
0,21275
0,06203179
0,1152392
-1,343003
-0,9214501
0,6626185
0,6678403
0,03036779
0,5763021
0,4928571
-0,5273144
-0,2060369
0,3041968
-1,822799
-0,77801
0,7456961
-0,2270317
-0,01070869
-0,7533402
0,07456778
-0,3064208
-0,1338633
-0,9452248
0,5227718
0,7643442
0,1260369
0,7388158
-0,4130273
-1,065414
0,5298114
0,1084514
0,2999344
-0,1310744
0,2364294
0,8749801
-0,03320976
-0,09284765
0,3896379
0,2758576
0,8655603
0,7212697
-0,4805498
0,1136761
-0,7261597
-0,7736646
-0,197332
-0,6424239
0,009668529
-0,5825429
0,6857759
-0,3445817
-0,8426732
0,7467165
-0,03234124
-0,3182932
0,3766257
-0,4230433
-0,6816241
-0,4528903
-0,3961744
-0,4142065
0,4319659
-0,8679051
0,9374888
0,1535071
0,1646626
-0,6648821
-1,003286
0,01004839
-0,1837228
0,1172327
-0,5058318
-0,7535795
-0,3750393
0,1930237
0,434193
-0,09259188
-0,09193356
0,5145975
-0,02072555
0,05059981
0,03124188
0,04934144
0,2687851
0,1920297
0,7399164
0,06653297
-0,1110674
-1,039618
0,5758576
0,2304379
0,6836631
-0,3363597
-1,174114
-0,05304748
-0,6910307
-0,1936142
-0,2435162
-0,3805975
-0,1855476
-0,3562596
0,2330124
0,4549881
-0,6434665
-0,3765154
-0,1198436
-0,360488
-0,325174
0,2595619
0,456542
-0,0149762
-0,2842916
-0,688015
0,3211975
-0,7312244
-0,3038692
-0,3367324
-0,4522694
-0,690488
-0,2955209
0,1003539
0,04276043
0,7808574
0,4568747
-0,2993682
-0,9677562
-0,2754872
-0,1860167
-0,5946296
-0,02043712
0,2250572
-0,7724882
0,1670806
-0,3661092
-0,6012984
0,2362984
-0,3990273
0,8018956
-0,5965246
-0,9656897
0,315264
-0,1704989
-0,1304613
0,3912666
1,193973
-0,5019402
-0,1717765
1,493022
0,2708699
-0,2746246
1,266724
0,6757988
0,2444098
0,5727659
0,1338161
-0,1377149
-0,06972957
0,4985209
-0,165177
0,07677293
0,2287838
-0,3758057
-0,4344145
-0,3649024
-0,3849592
-0,7249728
1,306838
-0,5044796
-0,002860308
-0,3390226
0,01587582
-0,5760162
-0,02767956
-0,4850834
0,06375426
-0,2817329
0,3145081
0,9828528
0,7380032
-0,5064244
0,7913131
-0,591623
-0,4637541
-0,1448991
0,5200012
0,1916881
-0,4351038
0,2439539
-0,3502927
0,4849918
-0,03992319
-0,4558079
0,8549124
-1,129639
0,8347397
0,6785629
1,642479
0,1620077
0,3637109
0,4274657
-0,3735626
-0,4627613
-0,1784648
0,03874052
-0,5690744
0,2959768
-0,425432
-1,554451
-0,720332
0,664966
0,7106019
0,6942644
0,3511211
0,6817749
-0,3368521
0,3960891
0,2004223
-0,7947339
0,3495541
0,3212799
0,3830867
1,154538
0,3140527
-0,1428363
-0,3283939
-0,2733365
0,5175222
0,482711
0,5470474
-0,005420864
-0,6274359
0,08594489
-0,8442601
-0,02379864
0,3094632
0,0003594607
0,3609188
0,02490914
-0,1738032
0,4163135
-0,7973998
-0,4199246
1,015736
0,04688442
0,9317527
0,5852389
0,9956866
0,4887967
-0,3448617
-0,4753079
-1,713818
0,6625116
0,09615082
0,1604736
0,1698295
-0,5325304
0,01914763
0,585017
-0,6452287
-0,3149364
0,05774961
0,1121241
-0,0004051924
0,3997971
0,1665745
0,3717269
0,3469762
-0,1946659
-0,6456873
0,6992812
0,7914174
0,7514684
0,06060784
0,1279053
0,06492202
0,8797249
0,1317642
-0,3792259
-1,591012
0,4559427
0,6728202
-0,2106684
-0,1722394
-0,2960888
-0,2354306
0,228576
0,3640786
-0,2452414
-0,4349594
-0,7361629
-0,2284942
-0,7800254
-0,1225084
-0,139574
-0,01047337
-0,175119
-0,08556546
-0,3144412
-0,2533305
-1,2285
0,0350661
-0,2751355
0,04336286
-0,08580822
1,160542
-0,6056424
0,3857349
0,2384772
-1,337369
-0,2340532
0,3500003
0,2532948
-0,1482705
-0,2209412
-0,6935783
-0,2007029
0,2383173
0,3214819
1,18681
0,1364079
0,409241
0,1176953
0,02759677
0,4358198
0,1765644
-0,02392973
-0,2837321
-0,1842734
0,408909
0,02181256
0,801663
-0,1705378
0,3607298
-0,4921477
0,4604309
0,4350501
-0,02690327
0,5432537
0,7268134
0,4303848
0,9859989
-0,3288519
0,8923907
0,5002149
-0,5252768
-0,3566017
-0,3868311
-0,4518628
-0,03838944
-0,1661991
-0,5305164
-0,453213
0,06260234
-0,3353471
-0,2080865
0,02687472
0,7410018
0,05012548
0,8100911
0,2212968
-0,1889685
0,04943937
0,8680619
-0,4209366
0,3333278
-0,2790181
0,2562272
-0,1434325
0,5656877
0,7447891
0,576664
0,45924
-0,4129771
0,06687717
0,1473429
-1,338503
-0,348026
0,5291395
-0,6221142
0,3737791
-0,280579
0,005029485
0,2945957
0,439693
-0,3366303
-0,1451911
-0,6728265
0,7092671
-0,7286485
0,3941489
0,1107647
0,135945
-0,2491527
-0,1313124
-0,8876439
0,5895151
-1,216572
0,4544321
0,4734001
-0,07056487
-0,6463193
0,07246989
0,4873613
0,08617103
-0,2778337
0,1847933
0,1079085
-0,1805685
-0,7202003
0,2660189
0,1306906
-0,2640404
-0,1574231
0,7106488
0,1456132
-0,1413599
0,5099832
0,4751063
-0,2432826
-1,045736
-0,658929
0,7088852
0,5051081
-1,125767
0,3171546
0,1081521
0,1652005
-0,3650614
0,8823084
-0,483507
0,1232414
-0,2485732
-0,2509974
-0,02623791
-0,2039298
0,4414855
-0,4229485
0,04752749
0,2920126
-0,9585625
0,7582685
0,5263855
-0,5803497
-0,2156848
0,6311249
-0,5913809
-1,043303
-0,05442213
0,01452073
0,7726777
-0,591155
0,2832661
0,1678493
0,3555405
-0,8962211
0,5204197
-0,1055828
0,392588
-0,1161949
0,1070081
0,2090623
0,9659196
0,7590566
-1,25307
-0,3729084
-0,2810659
-0,5476081
0,212652
0,2734591
0,3669569
-0,1131444
-0,08213145
0,6092485
0,58217
0,007434607
0,4235114
0,115211
0,723703
-0,9051896
-0,284093
0,6920202
-0,05253112
-0,64705
-0,7133908
-0,1541319
-1,013798
-0,5434362
-0,3860038
-0,3435127
-0,8901239
0,824616
1,232413
-0,7142929
-0,6875025
-0,366646
1,490742
0,5168959
-0,3790436
-0,05630304
0,5061478
-0,3842478
-0,4337011
1,133139
0,6406924
0,2065653
-1,211429
-0,6350299
-0,1429833
0,5122999
0,4518415
0,2275737
-0,7475538
0,07564597
-0,1412937
0,174213
-0,550515
-0,6727477
-0,4059541
1,067913
-0,4988955
-1,275097
-0,5920691
-0,525884
-0,6649889
0,3418383
-0,8877968
1,126149
-0,5585288
-0,3316272
-0,2850115
-0,2002401
-0,4261584
0,6890711
0,2976573
-0,3640509
-0,9626939
-0,08189847
-0,03680092
0,6079442
-0,4988847
1,264694
-0,4673884
-0,2377053
-0,07508743
0,9318091
-0,3954066
0,1886984
-0,2539177
0,84496
1,486596
0,1000861
1,364575
-0,3000746
-0,06197262
0,03671801
-0,3770641
-0,3023937
0,2823464
-0,1566755
0,3400688
-0,3528435
-0,3229065
0,7045366
-0,3838674
-0,6929001
-0,1614084
-0,337023
-0,4163336
0,02012545
0,005647004
-0,2836812
-0,07263225
-0,360828
-0,5114897
0,8947114
-0,09466892
-0,8725933
0,26045
-0,1091643
-0,2087348
0,1420978
-0,5089561
0,5916205
0,1353623
0,2639731
0,2516793
-1,09261
0,5430521
0,4310881
-0,1751576
-0,8404594
0,1310198
-0,3096143
-0,3160249
-1,248626
0,07666576
0,6741654
0,4399678
0,520796
-0,3818305
-0,3684102
0,01447535
0,1538663
0,4917641
-0,1941674
-0,521705
0,2693049
-0,1684503
-0,8350474
-0,2262086
0,1415097
0,002033517
-0,157199
-0,1931199
-0,1570748
-0,4743743
0,5686139
0,3360313
0,0282644
0,3385758
-0,3205149
0,7536047
-0,8783934
0,467253
0,1285278
-0,06164336
0,2735552
0,03774977
0,01505411
-0,3348006
0,3678166
-0,07426375
-0,3424273
0,2839588
-0,662223
0,5369725
-0,07073881
-0,5806144
-0,25367
0,5954306
0,3011457
0,8844534
-0,3015147
0,04005939
0,3521048
-0,600868
-0,3331562
-0,1378099
0,2888808
-0,185416
-0,06024301
0,3407194
0,03371434
-0,3612041
0,6053683
0,2377394
0,1357633
-0,3859503
0,2004141
0,7455142
-0,4683266
0,4296804
0,7073854
0,03308326
0,07390022
-0,05043203
-0,008036673
0,06630449
-0,382396
-0,4660327
0,06012386
1,109699
0,8545058
-0,9250319
0,1198301
0,6381378
0,09384674
0,3330241
0,4458119
0,6745518
-0,1797175
-0,1810305
-0,7669071
-0,4849164
0,128623
0,04703015
-0,1575236
0,0428229
-0,2631024
-0,3757899
0,460706
-0,5157516
-0,0962401
0,4917151
-0,3938761
-0,5996602
-0,6172429
-0,5591819
0,01776814
-0,7718112
0,9999413
-0,1102821
0,2524289
0,8919892
-0,2905126
-0,5114322
-0,2103835
-0,4840778
-0,3372909
-0,2483397
0,4671394
0,2849482
0,1031123
-0,1714425
0,3036204
-0,9131776
-0,1269963
0,3167793
0,8131803
-0,2264693
0,2002168
-0,07774097
-0,9382012
0,02304798
-1,179108
0,073111
0,1442095
-0,6466881
0,6753868
-0,1504977
0,7241806
0,1187408
0,5099211
-0,1862214
-0,1929118
-0,7003921
-0,657791
0,4613787
-0,1380217
-0,7767811
-0,1244158
0,4269654
-0,02060699
-0,1935178
-0,4215059
-0,1917497
1,231699
0,7349384
-0,4792779
1,229942
-1,121588
-0,2726427
0,9348648
0,4532786
-1,063369
-0,6495552
0,5703763
0,4112676
-0,629436
0,8060945
0,04207192
0,09541321
-0,0454393
-0,6436564
-0,6160025
1,147122
-0,1139245
0,3891965
-0,4292507
-0,4812009
0,6133379
0,2899978
0,3952442
0,5639367
0,2162634
-0,9909437
0,06234479
-0,1879578
0,3803992
-0,3264652
0,1293578
-0,224144
-0,7880368
0,8695934
0,3801636
-0,4912298
0,1654631
0,007845134
-0,3150761
-0,701592
0,1735728
-0,7824818
0,8421136
-0,6572066
-0,3066508
0,3728071
-0,01269656
-0,4003586
0,6435285
-0,3853431
-1,230248
0,1528051
0,6410775
0,003707454
-1,585429
-0,8203649
-0,5669752
0,1670781
0,004466772
1,072213
-0,5846162
-0,486838
0,2390441
-0,04789686
0,7163669
-0,3685542
0,4528086
0,6542951
0,3014964
-0,6351268
-0,5255058
0,3078977
0,4977706
-0,5555553
-0,293288
0,4285125
0,03923416
-0,5141296
-0,966565
0,09048866
-0,8721004
0,5425991
0,3710933
0,3975425
-0,4490319
-0,5086718
-0,3847911
-1,081899
0,4765418
1,026717
0,2761753
0,4469247
0,5726225
0,3283312
0,8793048
-0,333243
-0,7119936
-0,2246687
0,1031263
-0,2565868
-1,19301
0,2114795
-0,2771446
-0,1547043
-0,1855872
-0,8697239
0,4907634
0,09723657
0,6362918
-0,1796935
-0,747939
-0,7179904
-0,909062
-0,7204779
-0,109715
-0,3644101
-0,7670599
0,05279438
-0,0968395
-0,5110877
0,9607234
0,3361995
0,8431538
0,02696103
-0,0342502
-0,01015228
-0,2921519
0,2582034
-0,04183447
0,1768
0,835946
1,177974
-1,05177
-0,1736452
-0,2530473
1,562777
0,1347447
0,02348089
0,4808723
-0,2286932
0,02699029
0,7777967
0,4565459
0,2294394
0,1671003
-0,8166804
-1,837731
0,5804698
-0,2098651
-0,4364411
0,03934455
-0,7968131
0,2018565
0,07959098
-0,498423
-0,5532033
0,1957186
-0,3922935
0,7870245
0,001287028
0,6403303
-0,2945729
-0,3590534
1,228941
0,2209431
0,7782153
-0,6526835
0,8534211
-0,2579064
0,6691982
0,6302062
0,8015184
-0,7201651
0,5689245
0,004572436
0,1319755
-0,3078663
-0,1418033
0,2689956
0,7197136
0,3254925
-0,8441564
-0,3862517
0,6128157
0,1688116
-0,1812344
0,6272973
-0,1488016
-0,8387977
0,4003559
0,2199428
-0,718448
-0,1610558
-0,6670555
1,461802
-0,05712938
-0,344458
-0,4263231
0,01443642
1,257111
-0,175082
-0,2933971
0,8369044
-0,3116972
-0,1088714
-0,4613861
0,422119
-0,03019917
0,4322794
0,7769538
-0,7372226
0,3289403
-0,2530668
0,9094625
0,3121376
-0,6669248
0,5010172
-0,42195
-0,4621118
-0,6297362
-0,5315002
0,1548491
-0,2576694
1,220173
0,5918632
-0,279537
1,024019
0,2312187
-0,3048517
0,7711808
0,3150374
0,5367547
0,01611285
0,0734145
-0,1724624
0,5935081
0,1842191
-0,1972466
0,2919011
-0,1843396
-0,9932194
-0,2210744
-0,08960527
1,019284
0,0697127
-0,5016442
0,691909
0,2440715
0,2323188
0,2698687
0,2755013
0,4208078
-0,3009949
0,8417531
-0,1757747
0,5772831
0,0221554
-0,1227173
-0,610549
-0,07799464
-0,833918
-0,1340122
0,2635025
-1,362091
0,6596673
0,2512662
-0,2302289
0,5316085
0,05154417
-0,875375
0,08444445
0,613769
-0,6138062
0,3166153
0,4835298
0,3429449
1,591181
0,1864748
0,1392401
-0,9552589
-0,4062872
0,07686049
-0,3334997
-1,039703
-0,6865245
-0,003252283
0,8059098
-0,7154908
0,3605638
0,3347325
0,257532
0,1102313
-0,3125075
0,363033
-0,07674772
-1,314258
-1,338944
0,4635587
-0,6079885
0,25223
-0,6403299
0,330365
-1,105424
-0,5288397
-0,01566507
0,5711069
0,5198931
-0,2157487
0,05188136
-1,363852
-0,3949267
0,1728768
-0,420478
-0,2898782
0,610812
-0,4183317
0,03943038
0,6085343
-0,06031382
0,4425538
-0,215867
-0,05571413
-0,8301413
0,9915956
0,4203132
0,8455535
0,7136681
-0,2875471
-0,7105823
0,09503812
-0,05791819
-0,6632385
0,2128927
0,5474158
0,8037912
0,04091865
-0,01687264
-0,1870692
0,1978144
0,04549861
-0,3886374
-0,2864003
-0,3842924
0,1496543
-0,87441
0,3147963
-0,03574073
-0,06611869
0,668991
0,5126483
0,2595918
0,1390444
-0,1181094
-0,3618675
0,3378299
-0,08072019
0,1261346
-0,1406816
1,282864
0,4440961
-0,06532186
0,006648123
-0,07286698
0,1801537
-0,1311896
-0,4566683
-0,5920892
0,2000118
0,09315783
-0,4375478
-0,02010012
0,2381742
-0,4727391
-0,4941519
-0,4330701
0,4574552
0,4324342
0,3573211
0,1985282
-0,4166272
0,05104232
0,7323338
0,009859979
-0,1023453
0,05667323
0,694102
-0,1668453
0,0672906
-1,527196
0,2567282
-0,2016097
-0,1979634
0,8785419
-0,6379783
-0,761196
-0,8325983
-0,01375949
0,295613
-0,2146264
-0,5269001
-0,01295668
0,8326686
-0,4694693
-0,1963134
-0,3401341
-0,6997286
-0,7649135
-0,9112067
-0,573432
-0,1020817
0,2176263
-0,3020913
0,1737468
-0,7628359
-0,5969321
0,2413206
-0,09545386
-0,6585729
0,5098855
-0,4532782
-0,3489989
0,753028
-0,2741913
-0,5132468
0,7248814
0,103465
-0,4539971
0,05855614
-0,1036467
-0,5775086
0,8021949
-0,381223
0,1763662
-0,6507923
0,8433189
0,561931
0,8326453
-0,0771928
-0,429638
0,2754789
-0,2365459
-0,3376319
-0,7969677
-0,6231567
0,6533079
-0,5417126
-0,1256989
0,1864358
-0,3162069
-0,3922053
-0,2690702
0,1205918
-0,1554707
0,4320513
0,4847927
0,3276479
-0,2488433
0,7024344
-0,4327593
-0,2233157
-0,5627497
-0,7097469
-0,02007627
0,3612158
0,2403921
-0,09620133
-1,04896
-0,4910742
0,3927614
-0,1337654
-0,2155629
-0,1941707
0,5171412
0,4819188
0,128574
0,06064075
0,08733499
0,3889617
-0,1115748
-0,4863864
-0,489507
0,1621562
0,1173555
0,7141142
0,5348099
-0,4815656
-0,6529292
-0,7471143
0,2557111
0,1259676
-0,07308888
-0,383431
-1,14417
-1,041119
0,6869756
0,01510629
-0,2667544
-0,2215275
-0,6641259
-1,035185
0,07090104
-0,5301401
0,05673778
-0,4036006
-0,2431273
-0,6204865
-0,2399889
0,04497701
-0,5876966
0,5912036
0,8372029
0,1339739
-0,1672319
0,07924591
-0,1847618
-0,3040226
0,0315997
0,6366314
-0,6804538
-0,4793329
0,1974653
-0,6284475
0,3093292
-0,5459847
0,6507061
-0,507156
0,1975264
0,4868336
-0,3830568
-0,001060307
-0,2869127
0,1307312
-0,09894337
-0,2906028
-0,1686355
0,9003538
0,2609762
-1,097978
0,0144376
0,4869255
0,0899753
-0,008990884
-0,3871268
0,3838509
0,1236885
0,1369548
0,398845
0,3406709
-0,1544811
0,2485029
-0,115366
-0,2459955
0,04111414
0,4860989
-0,06702673
-0,3864022
0,3732681
-0,1155172
-0,1916847
0,6201754
0,1414581
0,93884
-0,9540327
0,7910204
-0,3511512
0,4636538
-0,3190458
0,1368291
0,2509251
0,0005666018
0,202817
0,1191244
0,2089542
-0,1776432
-0,660186
-0,1491862
0,116599
0,8018193
-0,004462957
0,5999679
0,2464812
-0,2813926
0,1149092
0,9425917
-0,03524196
0,373082
-0,7622302
-0,6586515
-0,1730302
-0,3553258
0,8610156
-0,685823
-0,1023853
-0,195877
-0,2734545
0,3773693
-0,5463104
0,2386131
0,5338132
0,6800587
-0,04389113
0,2187278
0,4882205
-0,2387305
0,5015876
0,1322274
0,2607951
-0,3426605
-0,1361701
-0,7508318
0,6333151
-0,1557074
0,4815879
0,5502084
-0,5201361
1,015016
0,4389847
-0,1318425
0,3967486
-0,09355456
-0,972203
-0,4629203
0,5062239
0,5113337
-0,05977672
-0,1630798
-0,1367244
0,09339921
0,8222969
-0,08013314
-0,5946334
0,117339
0,5989441
0,2253396
0,05865276
-0,1792384
0,1561138
0,6630829
0,2833015
-0,2697984
-0,5553349
0,7533989
-0,3244441
-0,5872833
-0,2624753
0,520562
-0,1883944
0,1333407
0,42566
0,4063749
-0,1509595
-0,381963
-0,2611742
0,4742821
0,3472172
0,2220464
0,07754195
-0,2264263
0,8398055
0,3497698
0,1261038
-0,2413953
0,3476851
0,2112141
-0,9096175
-0,4043584
-1,405424
0,4467234
0,777441
0,2952596
0,2566982
-0,4698827
0,9303313
0,6783122
0,02853486
0,447209
-0,6532919
0,4660972
0,03359793
-0,2389187
0,3660645
1,089338
-0,3912496
-0,9960045
-0,3760369
1,48288
-0,09197253
-0,7422295
0,2159671
0,5327106
-0,3073743
-0,2445506
0,7516458
0,2941911
-0,1984382
-0,3806672
-0,1979755
-0,05293304
-0,559227
-0,3383062
0,6117767
-0,5247797
0,1543009
-0,1826242
-0,5473503
-0,8291192
-0,3979042
0,6168116
0,790156
-0,8609324
0,2035638
-0,4265802
-0,6315556
0,4888537
-0,01004618
-0,3410617
-0,1446541
-0,5187927
-0,4248794
-0,578738
0,04596049
0,2963352
1,413944
-1,15715
0,4122256
0,7261153
0,3676234
-0,4881051
-0,05295336
0,8466734
-0,02101004
0,1217024
-0,4009213
-0,07240446
0,07341439
0,3716665
0,2404198
-1,168156
0,4851218
0,1730979
0,08827394
-0,2857035
-0,3909262
0,5326518
0,6322834
-0,06002393
-0,29916
-0,1271035
0,4838322
-0,03636682
0,5555232
-0,306649
-0,0979218
-0,5411825
0,8603866
0,2946449
-0,2625147
-1,060579
0,6607763
-0,8829868
0,08617404
-0,444788
-9,799004E-05
-0,07034355
-0,2026554
1,118706
-0,5627963
-0,03753026
0,06737243
0,09259427
-0,1856618
-0,2260519
0,1262989
-0,4690477
-0,9596064
0,1729256
0,003130555
0,686338
-0,3873352
1,320879
-0,6869118
0,3468681
-0,3942824
0,7076935
-0,1036012
0,3032716
0,7963816
0,0468065
-0,1729641
-0,4693081
0,2766718
-1,046724
-0,02515781
0,1113245
-0,2424738
-0,6892046
-0,2530034
0,2747955
-0,9980786
-0,2692754
-0,6906913
-0,6138279
-0,09513509
0,7852007
-0,6665546
-0,4219004
-1,045542
-0,6277323
0,8826886
0,7784483
0,6379731
0,4190763
0,05338234
0,06977163
0,04544818
-1,371958
0,1054663
-0,6714361
0,4075649
0,3250577
-0,2522928
-0,067571
-0,04822874
0,2275846
-0,2497789
0,3321636
0,1891248
0,1488758
-0,5451667
0,3137198
0,09032667
-0,01281554
-0,09613442
0,227796
-0,1554086
-0,4191198
0,365027
-0,09458442
0,4710724
0,2110722
0,09473252
-0,7225907
-0,1180665
-0,4549568
0,2678971
-0,9914076
0,2288942
0,1303811
0,1568449
-0,7946262
-0,07865848
-0,05535007
-0,8022747
-0,4712075
0,07494448
0,2234179
-0,01585707
-0,08095324
-0,1783924
0,0798834
-0,3795922
-0,08721733
0,07277995
-0,3778801
0,3240844
0,5315087
0,8845974
0,2256259
0,04615104
0,3324257
-0,1194773
-0,3747823
-0,1342376
0,09784698
-0,9476172
-0,6353806
-1,134409
-0,1785246
0,05331151
0,276653
0,6003796
0,02949077
0,8842314
-0,4783601
-0,1499714
-1,134218
-0,3609962
0,06842721
-0,4157993
-0,01431066
-0,4032172
0,1081879
1,016572
0,6673483
0,0137974
-0,3890457
-0,01404673
-0,7152176
0,7077206
0,5581262
-0,3894094
-1,390568
0,6115814
0,5466455
-0,3052238
0,5102054
-0,4027939
-0,6478801
0,3526502
-1,30504
-0,1308063
0,740487
-0,682584
0,0507853
0,1296147
-0,6810504
-0,2799796
-0,005089119
-0,8788955
-0,5054103
-0,01207834
-0,09160514
0,3661888
0,1868717
0,874912
0,4899074
-0,287687
-0,5848646
0,3193835
-1,027755
-0,2463167
0,0869441
0,484312
-0,5286788
-0,04088223
0,7520909
-0,1432845
-0,09893417
-0,506361
0,5856646
-0,1233783
-0,7909778
0,911925
1,389591
-0,8110228
-0,09455723
-0,2771519
-0,5836558
0,3056901
0,6122329
-0,04642779
-0,3880286
-0,04780221
0,7023407
-0,0794903
0,559856
-0,04756361
0,9543739
-0,4379424
0,6280587
0,03825492
0,4870872
-0,4635383
0,4024476
-0,03569712
0,9106505
0,8672222
0,02287132
0,1791482
-0,2703448
-0,5851673
0,2919266
0,2891156
-0,4343067
-0,2030692
0,1652796
-0,1614198
0,2107987
-0,3585635
0,4232355
-0,3978094
0,7722332
-0,6669407
-0,04850776
-0,5108215
0,7956064
0,4941424
-0,292468
0,03525297
-0,3117239
-0,03435969
-0,2315318
0,1719984
0,0009014606
0,4815347
0,1219903
-0,2136944
-0,2103296
0,1415754
-0,2185083
0,002027377
0,1046625
-0,5845442
0,3994573
0,4474584
0,2812592
-0,1398228
-0,4450415
0,1493676
-0,1215905
0,0675749
-0,2925361
-0,1443129
0,7962016
0,07997745
0,4052089
-0,05352932
1,162223
-0,03159267
-0,1264651
0,3205233
-1,04533
-0,193267
-0,02072781
0,4357495
0,8118807
0,2682624
-0,8539901
0,04006451
-1,244009
-0,1695586
0,3527098
-0,8807698
-0,7867116
-0,04627264
-0,3809903
-0,003592312
-0,01543696
0,111023
0,8706744
0,5225897
0,5895797
0,6874582
0,5477121
-0,5116291
-0,3768835
-0,5180848
-0,5155981
-0,484384
0,9034429
-0,3790976
-0,1446022
0,9377081
-0,7032514
-0,7196419
-0,3618677
-0,9755522
1,204608
-1,579335
0,6245524
-0,8019714
-0,4724339
-0,1997878
0,03726059
-0,3445489
-1,046462
0,2720996
-0,3463435
-0,6203737
-0,1533558
1,055212
0,5508384
-0,7668185
-0,1306004
-0,4006633
0,08413112
0,9657978
-0,2077248
0,2107929
1,146275
-0,3583118
-0,1317568
0,01696086
0,4235021
0,4905614
-0,09714754
-0,3704898
0,07989138
0,1869332
0,7527046
1,220976
0,3497654
-0,4267591
0,7662359
-0,281265
0,4050456
-0,1789633
-0,6320561
-0,6796812
-0,2508779
-0,4704973
-0,2773578
-0,3058329
-0,6030313
-0,005781546
-0,2169102
0,6834999
0,5279972
-0,5299181
-0,3297986
0,739538
-0,7212276
0,5442255
0,01106159
-0,236483
-1,131054
0,7826501
-0,1483995
-0,5009301
-0,6057166
0,4990244
0,003164828
0,266625
1,08786
-0,7342384
-0,05516976
0,03195107
0,1109681
-0,2018819
-0,6993536
0,3012601
0,4589209
0,2602006
0,9161018
0,6757588
0,466093
0,368302
0,3707904
-0,3583886
-0,5231318
-1,017398
0,1713631
-0,540407
0,5149391
0,3884749
-0,1347063
0,07237643
-0,7678164
0,1802681
-0,4555441
0,6785919
-0,130505
0,6813585
-0,9596909
0,3270414
0,006722152
0,008386731
-0,2944624
-0,08618477
-0,5731754
-0,2822306
1,266154
0,09097974
0,2124609
0,2240136
0,103295
1,024128
-0,2441566
0,2753789
-0,6429925
0,2818339
-0,4837508
0,1182835
-0,5537207
0,410064
-0,4150062
-0,1547194
-0,4832289
-0,1020024
-0,10614
0,1707892
-0,8001705
0,6500695
0,4415412
0,01427794
0,2093987
-0,4456046
0,2104621
0,06897461
-0,7267535
-0,1133488
-0,01752074
-0,06095612
0,3287963
-0,4161726
-1,058883
-0,821486
-0,1583343
-0,3370349
0,590336
0,01994449
-0,5094325
0,1397922
0,1981354
-0,7812742
-0,1298012
0,4562997
0,2836517
-0,3129112
-0,03453392
0,09486841
0,1433886
0,8435736
-0,5791767
0,09986711
-0,01297259
0,5725687
0,1435966
-0,5504438
-0,04427542
0,5093381
-0,4785763
0,2678408
0,9623687
-0,3561415
0,2554341
-0,728594
1,606304
-0,1836031
0,5115781
-0,5749123
-0,541592
0,2382295
0,7135167
0,1248867
0,9912868
0,4369649
0,3350199
-1,194986
0,4328572
-0,06835051
-0,1450034
-0,1480861
-0,3151407
-0,2587646
0,1528071
0,08365464
-0,4251618
0,6136503
-0,1880113
0,1403584
0,3087637
-0,5074061
-0,2546815
0,3662995
-0,4733754
0,17654
0,8305014
-0,1828493
0,5560384
0,9886551
-0,1847456
-0,5446371
-1,255149
0,5310444
-0,4901704
-0,3842332
-0,2652591
-0,4962934
0,8583323
0,4096354
0,1794234
0,6193576
0,01375121
0,6471328
0,3658658
-0,4516979
0,1274966
0,06098884
-0,7892321
-2,018852
-0,8709549
-0,02752119
-0,0752551
0,6215847
0,1962491
0,423071
-0,7157073
-0,04820448
-0,4116052
0,1477574
-0,254034
-0,2560604
-0,4719352
0,3065302
-0,4085743
-0,8160813
-0,3396583
0,2741607
0,3658324
0,2866955
0,2220852
-0,2556789
0,1811948
-0,03425103
-0,008489624
-0,5894536
0,2367844
0,24957
-0,3001649
0,3522063
0,01353019
-0,3373705
-0,07527697
-0,2884144
0,2957641
-0,2857587
-0,1296369
-0,3101726
-0,1870685
-0,06129456
0,1230251
-0,08420724
-0,09449674
-0,3755782
0,3810575
-0,1824287
0,8248296
-0,8188994
-0,1621397
-0,4571325
0,4639804
0,7731026
-0,04223257
-0,0840992
0,2946129
0,6199481
-0,4325116
0,5435661
-0,4661242
-0,52361
0,5316677
-0,5439224
0,4937418
0,2756945
0,2456186
0,06923801
-0,02299994
0,1010431
-0,2749301
0,1789925
-0,7814409
0,3629375
-0,09327328
0,1639673
-0,1236083
-1,181595
0,2234162
-0,6107884
0,7425238
-0,5683596
-0,1422837
0,3065038
0,07464187
-1,245546
-0,4877229
-0,1832185
0,08077711
0,0638327
1,013499
0,3410734
-0,03660542
-0,2677516
-0,3657922
1,467611
0,3416273
0,1487079
-0,5022494
0,07620025
-0,8436723
-1,596255
-0,3663573
-0,3763792
-0,3632866
-0,7406543
0,6360109
0,09330922
0,05221486
0,8865751
-0,4232407
0,3550298
0,3756997
0,527216
0,3325065
0,1781597
-1,137987
0,0490111
0,941797
0,05888867
-0,1522702
-0,2744685
0,3366969
-0,09418279
0,03131938
0,7423242
-0,1876349
0,2815016
1,35318
0,2479613
-0,1645921
0,4321154
0,9711932
0,3917194
-0,02546328
-0,07111472
-0,5007747
-0,170465
-0,5202528
0,3486505
0,4504329
-0,06804591
0,2501271
-0,8454062
1,152255
0,3832915
0,2954701
1,124353
-0,3169439
0,6969681
0,4394321
-0,4443179
0,5870685
-0,5964248
0,9614117
0,08205329
0,8397881
-0,03326161
-0,1943219
0,1902503
0,7974318
0,06570727
0,1562409
0,1629771
-0,4569018
-0,6051259
0,7597003
0,7202789
-0,4827423
0,01265959
-0,6718832
-0,3959284
-0,35818
0,03097408
-0,7938694
0,5263005
-0,4836246
-0,4445696
-0,2193815
0,2078183
1,089407
0,3601949
-0,9645081
0,3920588
0,1674614
0,483023
-0,166652
-0,3646987
0,3532059
-0,2963933
-0,3634827
0,3768299
0,8133099
-0,7471539
-0,9941847
-0,2450405
0,2190284
-0,4868655
-0,1181002
-0,3533024
0,8714192
0,2264172
-0,4334373
-0,04461277
-0,491905
1,396318
-0,342104
0,4666704
-1,419074
-0,3866286
0,08633804
-0,8870186
-0,05127771
0,6270826
-0,1651438
-0,02517873
0,1706911
-0,2957624
0,5958118
0,8572513
0,01992702
0,278608
-0,2724675
0,02335167
-0,1010664
0,4730359
0,003669441
0,0995
0,3306615
-0,771701
-0,02305073
-0,2735116
-0,04038185
0,02833301
-0,9361296
-0,1846614
-0,2248641
-0,5366939
-0,8123613
0,7853581
-0,6408199
-0,5944563
1,387737
1,660499
-0,3898332
0,7486199
0,4789382
-1,213623
-0,4165084
-0,6874956
0,1977407
-0,5759979
-0,7773297
0,1220126
0,8701894
-0,6509469
-0,2307872
-0,4762641
-1,023237
0,4189074
0,4609241
-0,525172
-0,9203766
-0,1302768
0,3903745
0,6862063
0,002562582
0,6593871
-0,2783424
1,056174
-0,361839
-0,4993078
-0,3158494
-0,1981581
-0,4681003
-0,1446216
1,189
0,4940011
-0,4208909
-0,2420339
0,3821875
0,4807706
-0,7812427
-0,2939515
0,2181434
0,7901892
0,4629052
-0,8891506
0,3524045
0,4124529
0,909096
0,4996206
0,03003585
-0,1766848
0,210861
-0,2387716
0,4910321
-0,06523228
0,4424877
-0,01107271
0,01731968
0,2927516
-0,1549539
-0,09930819
-0,04652417
-0,576472
0,1095465
0,309223
0,314095
0,182485
0,01303363
-0,4376037
-0,7678649
-0,7545899
0,3107891
0,205982
-0,8983892
0,3091205
-0,2038665
0,04364711
0,4869359
-1,066462
0,04704189
-0,3327367
0,6633769
0,8828543
-0,3987096
-0,5895825
-0,4084254
0,4118993
-0,7346413
0,4847596
0,6662188
-0,01169097
0,8444928
-0,4678649
0,3914071
0,1840654
0,3931843
0,8824604
-0,4055057
0,2566845
-0,09615558
-0,2021145
0,4530088
0,487974
-0,2251621
-0,04010743
-1,081282
0,03822228
0,123504
0,6259052
-0,03273761
-0,1907125
-0,283944
-0,3252978
-0,5291783
-0,003465533
0,247229
-0,0847618
-0,1856083
0,2212837
0,9483364
-0,9897979
0,7504883
-0,4554273
0,2756839
-0,2645547
-0,1596878
-0,2840387
0,4963657
-1,131353
0,3156285
-0,1203374
-0,2402132
0,8758021
-0,1358872
0,7071037
0,04564548
0,2215039
-0,1978298
0,5521609
-0,1328617
-0,4891829
0,06717688
-0,2721476
-0,07685876
0,1488628
-0,212624
-0,3666884
0,3566145
-0,5126391
0,04306969
0,02284756
0,2046115
-0,6146704
-0,2023915
0,7797109
1,058892
0,5554137
0,3165201
-0,8669414
-0,459659
0,5986923
0,0001704097
-0,2390046
-1,114368
0,4689789
0,06611335
1,077978
0,4217724
-0,1190119
0,6436131
-0,03859049
-0,4354635
0,3704334
-0,4465218
-1,163505
0,9437038
0,4919349
-0,8657258
0,806878
0,3496025
0,1733877
-0,5903379
-0,6953154
-0,2666957
0,03009474
-0,8005904
-0,2489755
0,03789704
-0,7095835
0,10805
0,07460696
-0,3892301
-0,1558266
0,1490997
0,2184312
-0,0509637
0,422887
-0,46112
0,8954481
0,2864261
-0,7672918
0,06011814
0,4262289
-0,04953694
0,02740023
0,2995474
-0,3164467
-0,4336497
0,4756062
-0,4089248
-0,242881
-1,257338
-1,22277
0,4117095
-0,8052613
-0,1475313
-0,5101147
-0,9648762
-0,2123247
-0,278652
-0,2906804
-0,3511064
0,8356575
0,242287
1,186522
1,203942
-0,6038147
-0,5797358
-0,04089588
-0,04327947
-0,2756243
0,05850486
0,7738421
0,521774
-0,6082006
-0,3115692
-0,01430619
1,115373
-0,4205817
0,2358028
0,391674
0,1305772
0,6430861
-0,2217283
-0,645097
-0,6966329
-0,06262715
0,2715027
-0,574811
0,4993124
0,223806
-0,2567006
0,1099049
0,32177
0,3861089
-0,1734517
-0,1164372
0,2606377
-0,2372508
-0,1863962
0,3588042
-0,04568279
0,4000183
0,09515154
0,1316443
0,7296473
0,6331906
0,4545904
-0,4394951
-0,137467
0,4984979
0,1412932
-1,242991
-0,1698739
1,008595
-0,4865444
-0,3662521
-0,5557818
0,1301588
0,7526664
0,3782285
0,1476146
0,8415954
-0,6568515
0,0212999
-0,2283967
-0,2722831
-0,4485656
-0,4722528
0,9953314
-0,158731
0,2674401
-0,02337712
0,3825841
-0,68746
0,3903121
0,4540378
-0,04482491
-0,138045
-0,4792032
-0,7646315
0,387285
-0,2847912
-0,1642956
0,2770628
-1,308224
-0,0825543
-0,1900985
-0,2338835
-0,1143472
0,2619674
0,6622028
0,2239293
0,7508416
-0,01698923
0,1824941
-0,2434071
-0,547623
0,934003
0,8524687
-0,3875245
-1,243597
0,9962018
0,4429519
0,6666983
-0,03674603
1,76306
-0,49182
0,1305108
0,5382969
-0,05196245
0,3480563
-0,506026
0,008597136
-0,8339425
0,8719939
-0,1380439
-0,629355
0,6782601
0,2842444
0,06081742
0,7216298
-0,2812626
-0,3695911
0,9508735
-0,1249118
-0,3012286
-0,2840366
-0,4722203
-0,1087178
0,1765151
-0,4668584
-0,4630589
0,6953503
0,3745592
0,2217518
-0,9032618
0,2042187
0,1853711
0,6084949
0,8986919
-0,3021384
0,2208477
0,5216267
0,4088025
-0,04964828
-0,2208384
0,3049357
0,2423283
0,4525331
-0,4161493
-1,053425
-0,4137207
0,4157271
-0,491932
0,02591884
-0,03212094
0,1686787
0,4551915
-0,3467314
0,1865828
-0,8745561
-0,1251184
0,04702556
-0,2613239
-0,4051868
-0,4216659
-0,200623
0,7586704
0,9802383
-0,2085578
-0,3678492
-0,003491417
0,1022802
-0,1482324
0,2029901
-0,04615112
0,6643555
0,265646
0,4269462
0,8550992
-0,1767554
0,2960354
0,199717
-0,003356352
0,01564562
-0,2421425
0,4367402
-0,3827709
0,08312756
-0,4309663
0,6423466
-0,09879696
-0,2400584
-0,1163842
-0,2906584
-0,6219588
0,34904
-0,4980772
0,03538138
-0,05327034
-0,2121006
0,2843059
-0,1154172
-0,1914855
0,8277231
-0,3636741
-0,692315
0,1849938
-0,08322906
0,4549118
-0,003881395
-0,4207805
-0,3637365
-0,634544
0,03499645
-0,375137
0,299855
0,4335611
-0,04198623
-0,1166707
-0,1964361
-0,0785681
0,007019997
-0,4432153
-0,1937833
0,2918579
0,5837188
-0,07754558
0,6933012
-0,3528365
-0,6513442
1,112815
-1,118573
-0,2071238
1,426082
0,4514758
1,36621
0,4701831
0,1390923
0,2847951
-1,445487
0,1259799
-0,2655332
-0,8843167
1,02611
-0,3294492
-0,9082542
-0,3013581
-0,198953
0,5461987
0,3174463
0,06926471
0,1416078
-0,3797721
-0,3805206
-0,6373312
0,9177238
-0,3960952
-0,05822809
0,4796146
-0,2501352
0,1913797
0,2651589
-0,1451749
0,5306158
-0,3148823
0,2376636
-0,2189322
-0,2791669
0,2374258
0,4018515
0,6459944
0,8349587
-0,3366851
-0,9969497
0,5935054
-0,7184381
0,3201296
0,3479609
0,4291428
-0,8403029
-0,7452334
0,463957
0,4380684
-0,1639713
0,3307029
0,5900892
0,08271444
-0,6050864
-0,08624983
0,7016782
0,1869261
-0,01407261
-0,4876027
0,3006573
0,7519171
0,2057586
0,6367864
0,03640263
-0,8948093
0,1904288
-0,5918022
0,7154552
0,7577845
-0,1727058
-0,3418021
-0,4513011
-0,4327542
0,2079905
1,292409
1,155452
0,774598
-0,2417606
-0,1517534
0,472907
0,2919384
-0,2808125
0,09087527
-0,2985724
-0,01768988
-1,07075
0,6357442
-0,3031106
0,1663101
0,2923118
0,3069342
-0,05085021
0,3034583
0,3676034
0,2231078
0,1010298
-0,3164833
0,571218
0,5832424
0,3028425
-0,5968337
0,3563386
0,2684577
0,9278504
0,2832903
-0,4016937
-0,780288
-0,1270117
-0,2865726
-0,2102555
0,02196324
-1,057579
0,728536
0,05679178
0,001113355
-0,836879
-0,4659902
-0,2697048
0,1005408
-0,1162541
0,5102312
0,5963237
-0,4008228
0,1333932
0,3084441
-0,05846637
-0,2234522
-0,8132776
0,145667
0,6496866
0,5304659
-0,7130445
-0,2619967
0,306665
0,233557
0,0605623
0,1464229
0,007504389
0,01350395
-0,2797224
0,6164892
-0,03245634
0,8055985
0,5053989
-0,07857352
0,88534
0,2648345
0,7594026
-0,4217156
0,08701181
-0,1092187
-0,5264168
-0,6387359
-1,427923
0,558733
-0,5076963
-0,1092505
-1,262102
-0,3749638
0,07844906
-0,1501044
-0,09481514
0,1853541
1,147563
-0,2983724
0,2079769
0,2495362
0,1874565
-0,3656927
-0,6273174
0,3014502
0,9572175
0,6615962
-1,078468
0,8117409
0,2119143
0,4980581
-0,4421347
-0,2924017
-0,7639902
-0,1189646
0,2268336
-0,02916741
0,3024745
0,1081449
0,3875548
0,5711809
-0,4263659
-0,4001231
-0,1314777
0,2086308
0,4547357
0,1054815
0,02035987
-0,1938162
0,9700017
-0,2506323
1,022001
1,126227
0,07186532
-0,08341272
-1,074928
0,3480074
-0,8215725
0,5277802
0,1136691
0,1830654
-0,01692589
-0,2820512
-0,6275482
0,2027309
0,6285737
-0,4857058
-0,2142115
0,0129602
-0,6575991
-0,7832686
0,3020279
0,3535686
-0,4881247
-0,1355706
-0,1203534
0,4344649
-0,3573462
-0,4463969
0,2572817
0,8022479
-0,1365194
-0,3382365
-0,0232777
0,422105
0,4733473
0,7210011
-0,8761175
-0,4631624
-0,2236421
-0,06822443
0,5079556
0,6272235
0,1373737
-0,02769184
0,3564671
0,2680581
-0,4150733
0,01860952
0,2448315
-0,1822226
-0,377341
-0,188209
-0,007193565
-0,1755781
2,284322
0,3720157
-0,391001
0,2050619
-0,0829363
-0,6047513
0,02461416
-0,1913978
-0,2617916
-0,3476326
-0,5321723
-0,2900797
-0,3922383
-0,6549602
-0,2915513
-0,2461385
-0,6495163
0,4568619
0,5591733
-0,8548467
0,5032362
-0,3032008
0,8440185
0,2070031
0,3334836
0,8146752
0,1978703
1,015925
0,1040009
0,4230751
0,1768576
-1,064268
0,1655164
0,04747903
-0,3848279
-0,2855576
-0,01094809
0,3481238
-1,046041
-0,1619998
0,436208
-0,3866456
0,5979134
-1,140862
0,6870178
0,9514704
-0,2858898
-0,5246409
-0,153069
-0,470457
-0,8418704
-0,015513
-0,09282631
-0,2658297
-0,2478831
0,2373381
-0,04361053
0,19635
-0,04208654
-0,3878742
0,1414501
-0,3693206
0,7566557
-0,4368243
-0,5267667
0,47904
0,1748981
0,6358894
-0,02715349
-0,1590135
0,8512552
-1,230893
0,6398989
-0,6680624
0,6593397
-0,7161722
-1,224533
0,9836183
0,3281071
-0,03829825
-0,6061232
-0,3599718
-0,2613573
-0,9918033
0,0454616
0,1414423
-0,3373451
0,3085801
-0,6152218
-0,07098889
-0,03627163
0,3172073
-0,5285571
0,4893354
-1,062809
-0,1477379
0,2710595
-0,5285636
-0,7456295
-0,1113388
0,2475978
-0,4312523
-0,4520561
0,5193767
0,3309721
-0,3950428
-0,05573195
-0,5030065
1,034289
-0,5072252
-0,2576072
-0,00828141
0,5147614
0,2922294
0,4532822
-0,1451371
0,7092872
-0,2739768
-0,9256291
0,06445366
0,3346021
-0,261687
0,8141765
0,1128964
-0,3059583
-0,09079558
-0,6588392
0,2088857
-0,1210475
-0,1496524
-1,37084
-0,5265891
0,03875898
0,1748321
0,1059365
-0,8226879
-1,142186
-0,1535328
-1,589936
-0,2467836
0,08611333
0,03439641
-0,4592108
0,006472394
-0,7918791
0,9234468
1,036736
0,3162267
0,2779186
0,6516044
-0,3666626
-0,1771836
0,2152644
0,9612495
-0,4114843
0,2607894
0,092538
-0,6696002
-0,4529956
-0,1251156
0,3361552
0,3109215
0,8221474
-0,6006985
0,1577824
0,07011282
-0,115221
-1,026146
-0,5944329
0,1715125
-0,6468945
-0,2003914
-0,1900255
-0,08292331
0,06272048
0,6886694
1,078518
0,4553725
0,9265877
0,5156472
-1,062608
0,2586797
0,3467504
-0,520524
0,05910587
-0,3882874
-0,6079677
0,583382
-0,2600888
0,01810096
0,3460129
0,6405553
0,442944
-0,08753633
-0,09959811
-0,5778127
0,2320953
-0,9234425
-0,2184107
0,2802111
-0,09777284
0,1639892
-0,2355576
-0,4255455
0,8808796
0,4726698
-0,09229602
-0,5024244
-0,3645505
0,3545843
-0,06502706
-0,1170964
-0,5046363
0,6982909
-0,854661
-0,1151662
-0,08637531
-0,04975231
-0,3873714
-0,6126581
-0,04116744
0,5305403
-0,04214831
0,1646713
0,08535606
0,2150843
-0,3632301
-0,5814837
0,4529913
0,08013153
0,2253644
-0,1081221
-0,2514035
0,4663984
-0,449172
0,7213051
-0,6877751
0,5710469
-0,4405495
0,3243697
-0,8306148
0,09019965
0,2418721
0,03527528
1,027586
0,1698114
0,8863422
-0,5083458
-0,4069779
-0,5983884
-0,9240889
-0,4713646
0,6689796
-0,3321579
0,3188334
-0,1623083
-0,1113315
-0,3867095
-0,1949599
0,7875416
-0,09736252
0,6115261
-0,01778686
0,2984246
-0,320606
0,4123975
-0,2587485
-0,1928895
0,3758624
-0,6756364
0,9138653
-0,2298384
1,087285
-0,07103318
-0,8964237
-0,1645991
0,3416901
0,2673182
-0,5753458
0,5344256
0,01087767
-0,2305787
0,1314415
-0,7539698
-0,4637554
-0,2269305
0,4720733
0,8491178
0,03609246
0,2003449
0,3299585
0,6706235
-0,2792339
0,5466183
-0,5998677
-0,4988505
-0,7526078
-0,02812582
0,295458
0,1740168
0,06328881
-1,822258
-0,09048581
-0,0004689097
-0,1338928
-0,2736401
-0,1793303
-0,3971919
0,03025413
0,5262081
-0,8110198
-0,1564021
0,02650994
-0,01907212
0,1497978
0,9885491
-0,7804467
0,4739667
0,5660923
0,1843355
0,5109825
-0,006439403
-0,1125203
0,8776148
-0,305735
-0,1195521
0,5535585
-0,2079042
-0,9333602
-0,1707717
0,1233935
-0,8511127
0,211618
0,1601057
-0,4858539
-0,2522708
0,4341792
-0,5089515
0,1400786
0,9370694
0,8158926
0,08140177
0,004871905
-0,1586903
0,03438681
0,2305508
-0,413537
-0,3665961
0,9924563
-0,3915936
-0,3446703
0,02306402
0,2486171
-0,4666707
-0,1554043
0,0519741
0,1564612
0,3362495
-0,8928437
-0,4267287
0,02971929
0,7871854
-0,8607041
-0,3599725
0,3219901
0,8959259
0,1021318
0,08773512
-0,5528638
-0,1006512
-0,5959521
0,574275
-0,3828113
0,1900452
-0,4121934
-0,203079
-0,02777261
-0,5649634
-0,1828786
-0,5139887
-0,614719
0,1822926
-0,1037811
0,3910671
-0,8885456
-0,4297492
-0,1493507
-0,06358379
0,00868398
-0,5436516
-0,4390353
-0,1530824
0,264533
0,6319734
0,5641427
-0,1383565
-0,6631625
0,5823757
0,3498082
-0,07039946
0,5710073
-0,2564515
0,5077274
0,6619313
-0,206305
-0,06713414
0,3424304
-0,298064
0,3580891
0,2363496
1,069301
0,105881
-0,6044164
-0,1016365
-0,2306485
1,190832
-0,230784
-0,7161337
-0,2229111
-0,2600096
-0,1129485
-0,995544
-0,4931073
-0,5083358
0,05231559
-1,268941
-0,4979261
0,9467974
0,2601542
-0,346947
-0,8638345
-0,1522636
-0,5952554
0,3999233
0,3737713
0,2939144
-0,08675265
-0,2238922
0,08608246
0,6747538
0,1616322
-0,1077423
0,05863082
-0,2683024
-0,1834962
0,7913392
0,4899066
-0,3270775
0,3999162
0,02817494
-0,1454773
0,8595642
-0,297168
0,01835835
0,1420845
0,3205886
-0,7061176
0,01578671
0,6081891
-0,1887618
1,130179
0,3503794
-0,2653195
0,4631378
-1,157056
-0,6886768
0,3540803
-0,2763299
0,2658186
1,20007
-0,4288157
-0,5056896
0,1510698
0,6072068
-0,2193946
0,07697237
0,415397
0,1358787
-0,1212923
0,1393229
-0,3365296
-0,1777528
0,6445764
1,192177
0,9123317
0,07073283
-0,3953578
0,02529138
0,7337674
-0,09714526
0,0370311
-0,1264551
-0,07096535
0,261703
0,08722216
-0,356222
-0,4007242
0,4353535
-0,2792518
0,244786
-0,3632491
0,2840152
-0,2444176
0,03874964
-0,5216826
-0,007639408
0,1646923
-0,1406143
-0,3159012
-0,7464952
-1,106017
-0,1930193
-0,4003308
0,8090273
0,0323621
-0,1858141
-0,4481797
0,8152503
1,131288
-0,5065503
-0,488061
0,01830071
-0,5100588
0,09514067
0,4549396
-0,0314759
0,5084536
-0,3809683
-0,113044
0,6727299
0,1299734
-0,4270592
0,2559098
-0,4598061
0,1753116
-0,01217754
0,4901227
0,9318404
-0,2136707
-0,324415
0,5268321
0,2411764
-0,4028903
0,828941
0,4429069
0,5273598
0,2895887
0,005613208
0,9186079
-0,5386652
0,67243
-0,9865694
0,4624895
-0,4279995
0,814378
0,148939
-0,6393026
1,420531
-0,4565413
-0,8706614
-0,4226469
0,5258988
-0,4092193
0,4690033
-0,5207182
-0,3525906
0,4701684
-0,6159237
-0,0730945
-0,005498588
-0,0486446
-0,364284
-0,2008966
0,205014
0,6819562
0,1082382
1,730867
1,032081
0,1228074
0,4917981
-0,5567032
-0,4302098
0,1488802
-0,8450442
0,7566041
-0,1607627
-0,3050437
-0,1104053
-0,2686785
0,4837242
0,656835
-0,7342529
0,1031313
-0,2021655
-0,1548772
0,08151612
0,04161811
-0,4506574
-0,6721261
0,804145
-0,3980376
-0,4777352
-0,3902513
-0,3939362
-1,04622
-0,5781713
-0,3638406
-0,587483
0,29952
-0,1423913
0,07493299
-0,432712
-0,8466674
0,06702536
0,4160775
1,394728
0,2715136
-0,2002928
0,1592371
0,1752399
0,047337
-0,04959668
0,1640153
-0,7517191
-0,0480485
-0,01891066
-0,9953262
0,9112193
1,139115
0,1087039
-0,432153
-0,3185726
-1,973783
0,1492895
-0,7567199
0,4317574
-0,01905572
0,7008942
0,3510985
-0,9213397
0,03025991
0,3269268
0,6447538
0,3368205
-0,4192564
-0,3134072
0,01446526
-0,3059705
0,3395194
0,5797215
-0,02533352
0,15005
-0,5109261
0,1577508
0,1219772
-0,06405616
-1,507997
0,01880984
-0,342239
0,4171761
-0,1074055
-0,02782336
0,1060242
1,244297
0,2575872
0,7041079
0,3808613
-0,1387969
0,5962842
0,2710195
-0,3036023
-0,5637937
-0,3433248
0,1358716
0,2548398
-0,7264895
-0,582878
-0,4219937
0,4140542
-0,7658131
1,291466
-0,5365983
-0,107353
0,672066
-0,2812622
-0,5666552
0,01898275
0,2978778
-0,2457985
-0,06387955
0,1370957
1,017685
-0,3597359
-0,1532185
0,9531029
0,001935661
-0,2723383
0,1659849
0,01174504
-0,7152009
-0,02343643
0,07701775
-0,09881885
0,7673975
-0,04160178
-0,5935949
-0,4774902
0,1578308
0,2691528
0,3465207
-0,279031
0,06676786
-0,8416133
0,6910901
-0,08988017
0,1054929
0,06705016
-0,1600145
-0,1164125
-0,8081014
-0,9462336
0,3469146
0,3449534
-0,006893635
-0,07620764
-0,08520575
0,002577901
-0,3887151
-1,02
-0,536817
-0,02804667
-0,01763445
-0,2213666
0,1064025
-0,8735206
1,084681
0,1804112
-0,1420974
0,1971155
-0,376838
-0,1406126
0,1806698
0,3211781
-0,2403384
-0,8775175
0,1557726
-0,2062464
-0,0834192
1,179165
0,182007
-0,6722605
1,140028
0,3183699
-0,1834249
0,4944928
0,06873512
-0,01017529
-0,2524478
-0,2720631
0,2760859
-0,5222205
0,01640028
0,1291792
0,4541305
0,1203177
0,2899544
-0,3856626
-0,8944602
-0,5857042
-0,1066232
-0,1269483
-1,114463
0,2665634
0,1167799
-0,4593459
-0,8219465
-0,05289954
0,3000292
-0,363799
0,1599637
0,2786493
-0,4001076
0,001431584
-0,8788034
-0,6490172
0,6818484
1,587144
0,9823345
0,08269702
0,4331533
0,4141317
0,5380346
0,1214802
1,049818
1,130039
-0,8023982
-0,5904273
0,715591
-0,2692066
0,6991044
0,3088288
0,6270151
-0,3504849
0,585222
-1,126804
-0,1017464
0,515865
-0,2094967
1,413034
-0,4119961
0,3167471
-0,8056985
-0,1259908
-0,5981429
0,0287807
0,461584
-0,4458399
0,3927251
-0,3173907
0,2139835
0,447628
1,222747
1,143032
0,04652518
-0,2769005
-0,1301003
0,6840072
0,8903874
-0,07548118
0,2274366
-0,4852434
0,8061269
-0,2717802
0,2071531
0,3194612
0,2969392
0,255563
-0,3966599
0,3642347
0,1538171
-0,03589842
-0,333145
-0,03606141
1,66258
-0,09993535
-0,3838255
0,713886
0,3133757
-0,7175911
-0,900817
0,2288119
-0,2421097
-0,01045936
-0,06146514
0,5666391
0,4023317
0,1397805
0,1128289
0,524659
-0,6304342
1,096454
1,320909
0,3490336
0,3854359
-1,157825
0,1149026
-0,6062082
0,2185926
0,4249014
0,4847394
0,2283014
0,2364933
0,1623469
0,8714164
0,522733
0,1768142
-0,4658828
0,1887866
-0,7611455
0,3273063
-0,4442737
-0,2418377
0,2694187
1,196856
0,8623884
0,008349955
-0,3571751
1,169459
0,004547581
0,1186437
0,1705941
0,08917236
-0,7121789
-0,8481392
-0,1319933
-0,1105947
0,1006722
0,6603246
-0,2897538
0,3402452
0,6142585
-0,814131
0,6373421
-0,4593725
0,08786289
-0,1402957
-0,7596422
0,6059868
-0,1609038
-0,357547
-0,03922427
0,6246595
0,2551585
0,3076646
-0,384124
0,3825439
-0,3873742
-0,292156
-0,8084799
0,2659785
-0,2578805
0,5527167
-0,4753723
-0,09238499
-0,5658858
-0,4813111
-0,4568459
-0,4947819
-0,1070169
-0,3840367
-0,008352339
0,3524056
1,214627
-0,09854305
0,2745205
-0,2956433
0,1735764
-0,1085905
-0,1407363
-0,6209883
-0,5569355
0,6786318
-0,9316788
-0,08193886
0,4934228
0,4009198
0,6455386
-0,07252564
-0,2814093
0,1720844
0,4263145
0,1059354
1,090168
0,117924
-1,421698
0,685029
-0,231576
-0,4915367
-0,5671196
-0,44866
-0,1390173
0,4880602
0,6652911
0,1376305
0,5314867
0,4463189
0,1012987
-1,019708
-0,1217599
-0,2867107
0,5080552
0,03435987
0,3402768
0,8829672
-0,08236367
0,4100654
-0,09441896
0,1036063
-0,4701243
-0,2033305
0,1583067
0,2311527
0,2497814
-0,003562391
-0,1436409
0,6514237
-0,2105036
-0,5418081
-0,1579557
0,1651264
0,1372791
0,07580554
-0,1302372
-0,2105327
-0,9628785
-0,3743514
1,789546
-0,02059352
0,2329439
0,4329231
0,2873791
0,7370088
-0,0829962
0,6776692
0,1051159
0,4822515
0,05199556
-0,6262177
0,6160349
-0,7467429
-0,7113628
-0,6083847
-1,493964
-0,2494773
0,3070107
0,551867
-0,5633022
0,8309766
0,4742807
-0,362881
-0,2796636
-1,088806
-0,2332617
0,1662157
0,3623512
-0,3934515
0,06894642
-0,7035534
-0,394764
-0,1960327
-0,1828692
0,1472616
0,07819825
-0,2874467
-0,3731726
0,1676214
0,7021046
0,8474784
0,9137897
-0,3944201
0,3130893
0,577245
0,7840655
0,4196694
0,2526966
-0,6256506
-0,7233235
-0,6640771
1,09955
-0,0965001
-1,121252
-0,5882047
-0,5696507
0,6803066
-0,3160768
0,1421957
-0,4633608
0,1463448
-0,4522103
-0,08392073
-0,2110578
0,413639
-0,09585041
-4,607439E-05
0,5328933
0,08187336
0,5211945
-0,2278592
1,170559
-0,5808317
-0,1632419
0,05344069
-0,0563423
0,5999866
-0,4742945
-0,486055
0,6345025
0,2682126
-0,465062
0,4504694
-0,1634501
0,07730407
-0,5025064
0,1374079
0,8340499
0,06645715
-0,09137887
-0,06215268
-0,5140278
0,293467
-0,05558419
-0,716804
-0,4572291
0,2893003
-0,4247179
0,4353272
0,3466062
-0,2344676
0,116771
-0,07073802
-0,4388847
0,02475804
-0,3819974
-0,01380312
-0,3940139
0,5249791
-1,035322
-1,463596
-0,1251527
0,1030226
-0,4254466
0,4400581
0,2591256
-0,2831163
0,1648374
0,1926422
-0,2334772
0,2952862
-0,7373106
-0,5437027
-0,05913104
0,9131581
-0,3375092
-0,4203057
-0,182373
-0,1276383
0,1962965
-0,5060789
-0,6129887
-0,2210252
0,6304464
-0,4461957
0,1850456
-0,3137497
0,5410219
0,1594479
0,02494538
-0,3219282
-0,700888
0,3344711
-0,7073395
-0,865793
0,2487528
-0,04778577
0,03989244
0,4887147
0,5497494
0,4104902
-0,5179751
-0,7705126
-0,1594704
0,1418019
0,7537525
0,3834304
0,4112094
0,8386444
0,07043426
-0,4693238
0,3409302
-0,01293178
0,3229631
0,577984
-0,2037868
0,05461162
0,2731262
0,2969061
0,4612796
-0,2847277
-0,2603143
-1,039862
0,2424285
-0,02532917
1,257464
-0,3128855
0,6889267
0,3656004
-0,5627146
0,1449444
-0,3013056
0,1693743
-0,4421232
-0,02853918
0,1795804
-0,5153127
0,04030141
0,1536257
0,6300223
-0,08240354
-0,1165441
0,1299074
0,7954022
0,3903418
0,05536282
0,2859894
0,10793
-0,1129762
-0,1405485
1,035116
-0,04194792
-0,03393954
0,3012912
0,9583482
-0,4085048
-0,1678168
0,2226457
0,5126677
0,579535
-0,2267688
0,1245713
-0,2698585
-0,1122988
-0,4408137
-0,08890742
-0,4698799
0,3595616
-0,5837274
0,1813915
0,494279
0,5107194
0,1255021
-0,3046954
-0,2932733
0,1671948
0,3618422
0,1356595
-0,8950178
0,08583009
0,4448837
-0,1952549
0,5017626
-0,2372534
0,6826028
0,1061214
0,520896
-0,1991117
-0,2673264
0,2925761
0,5563796
1,001815
0,04139905
-0,8970269
-0,726882
-0,6917109
0,1174266
0,237596
0,1339422
0,7877064
0,0711901
-0,149693
-0,08848649
0,2329904
0,2732288
-0,406091
-0,2777656
-0,6903847
-0,42913
0,1856281
-0,1200854
0,07362801
-0,4363292
0,06537065
0,1553742
0,2634568
0,486491
0,3685957
0,1784909
-0,8175825
0,478405
-0,3950589
-0,6344556
-0,9195511
0,5113249
0,5194724
-0,2089834
0,1273868
0,6722447
0,1506898
0,1027291
0,742382
0,3064474
-0,008508205
0,2897763
0,1976984
-0,2031465
-0,3022041
0,1065733
0,7917867
-0,1413932
-0,2916509
-0,1426591
-0,1692221
0,238228
-0,05593848
-0,1159949
0,3310392
-0,07989979
0,3581902
-0,1486352
0,8568425
0,0289294
-0,1396801
0,5304375
-0,4626189
-0,3480834
0,6606588
0,3293643
-0,2669263
0,02721697
-0,6685814
-0,2312128
-0,2057918
0,4042544
-0,002134025
0,007093668
0,7175823
0,1518845
0,7227802
0,7099458
-0,4200126
-0,1250672
-0,7075245
0,3346517
-0,3013062
-0,2576267
-0,2420278
0,1747348
0,4563509
0,3825992
-0,6756855
-0,7443149
-0,5132542
-0,02995259
0,1672058
-0,9525211
0,0874325
-0,08290094
-0,2569697
1,213193
-0,795238
-1,526056
0,1265051
-0,3230515
0,2369232
-0,2159823
0,5944725
0,3758631
0,1291963
0,002738118
-0,4707624
0,4766401
0,3659574
-1,125226
-0,1061821
0,1566464
-0,5365125
-0,5514986
-0,3124293
-0,4310179
-0,1198069
0,2546973
-0,4638741
-0,07250394
0,2403853
0,3104618
0,4276744
-0,663529
-0,04827781
-0,4105409
-0,6736791
-0,630599
-0,7354589
0,169151
-0,3171267
0,4383581
0,1480836
-0,2368628
-0,39274
-0,2939478
0,154689
-0,02700229
-0,06830275
-0,7206885
-0,876728
-0,2985488
-0,5857922
0,1011398
0,3031261
-0,3556305
-1,354977
0,1606849
-0,3659906
-0,5310332
-0,8684461
1,046225
-0,170153
-0,4608614
0,1148146
-0,6103066
0,4408276
0,8300807
0,1303059
0,4144051
0,8767846
0,1851388
0,5661774
-0,3993696
0,7186836
0,007886589
0,3229066
0,4451524
0,74015
0,6215544
0,3513207
0,07999603
-0,5837332
0,472181
0,01242059
-0,3620084
-0,1172345
-0,5345043
-0,7441009
-0,4188877
-0,4839562
-0,6591807
-0,03303528
-0,7892153
-0,5840774
-0,4664549
0,3659312
-0,06541866
0,2308277
0,1227233
-0,3429091
0,4049263
0,1568935
-0,4242606
0,1786248
-0,3830255
0,6460317
-0,2164113
-0,1087052
-0,3201672
0,2482178
-0,2064498
-1,121779
-0,9134005
-0,1384353
-0,2364963
-0,6695872
0,4204538
-0,3886043
-1,022718
0,6534094
0,1908591
-0,387309
0,1508443
-0,4364837
-0,1900156
0,1885763
-1,47896
-0,4214213
0,4602087
0,4826227
-0,1428597
0,3971383
0,9001023
0,5931885
0,289808
-0,06428736
0,3558698
0,3378191
-0,1867962
0,2585885
-0,533748
0,2197236
-1,635921
-0,1062661
-0,08346653
-0,6028467
0,462863
0,1146274
-0,697045
-0,09521961
0,06097031
-0,1387098
0,1811795
0,7533156
1,109167
-0,5712624
-0,1271119
-0,06748825
-0,481891
-0,989543
0,7171893
0,7478083
-0,3949437
0,4694952
-0,3941109
-0,3098922
0,7988103
-0,1827934
-1,008269
-1,056748
0,4748711
0,7163837
-0,2263699
0,8816102
-0,9172359
-0,5361477
0,9454062
0,4117774
0,5048305
-0,7795733
0,1456145
0,2806815
-0,03080893
-0,1797779
-0,9446394
-0,08648425
0,534985
-1,010853
0,5025581
0,2576193
0,3422253
1,040291
0,01884449
-0,08087766
-1,272178
0,1555796
0,5814737
-0,08150131
0,6476742
-0,8304723
-0,01996344
0,1730175
0,6362998
-0,09489077
-0,2676409
-0,1653185
-0,03715014
-0,2374504
0,6007842
1,344363
-0,007120848
0,3914833
0,766771
0,6693573
-0,8486615
-0,3398373
0,3422114
0,7290551
-0,1198194
-0,6653466
-0,1083257
-0,1026509
-0,9956118
0,9045821
0,1633202
0,4379843
0,2639236
-0,8869291
0,4513207
0,2441916
0,1874036
0,08039361
0,124416
-0,4900475
-0,3712373
-1,069818
-0,4804107
-0,2230298
0,7677281
-0,6238875
0,01722372
-0,7165523
-0,5200875
0,09683447
0,2527128
0,5969403
0,03780848
-0,4408217
-0,1364434
0,1234093
-0,3775286
0,6095555
0,4075981
-0,5627638
0,1345266
1,134603
-0,08215952
0,4550973
0,1386207
-0,3761423
0,508697
-0,1411059
0,280561
-0,9899455
0,2532617
0,09129906
-0,3890043
0,4251022
0,4273178
0,5521561
-0,006457269
-0,2804358
0,4829918
-0,2826992
-0,02042609
0,4049684
0,3403432
0,6212253
-0,4088225
0,585045
-0,3053646
-0,5229908
0,6008775
-0,3340174
0,6085646
-0,8460646
0,9664456
0,2380044
-0,3661905
-0,1089417
-0,3521838
0,2594008
0,2064413
-0,3956363
-0,5414463
-0,4727492
0,08837938
0,4386239
-0,3434337
0,01204818
-0,3377044
0,4459293
-0,2261368
1,391429
-0,3539267
0,4223359
0,4423354
0,5664064
0,1858633
0,4756302
-0,1692072
0,4615492
0,2286049
-0,1033551
0,2213642
-0,9865425
-0,6283056
0,7472289
-0,02963942
0,2721397
-0,0125711
-0,7804846
0,6166274
0,2122019
-0,04094714
0,1158003
-1,045973
0,05822134
-0,5572815
-0,01283969
0,496356
0,1074697
-0,6036607
0,1293115
-0,5907463
-0,3020806
0,197585
-0,2160192
-0,216768
0,530032
-1,586062
0,0648396
-0,3908565
-0,7685096
0,1654802
0,8987303
0,1171924
0,8759388
-1,056355
-0,5585884
-0,9751036
-0,07195967
1,725293
0,3880832
0,1298545
-0,3164771
0,5219392
0,9503255
0,2191812
-0,7131756
0,2801831
0,5969093
-0,5168324
-0,6290478
0,7011704
0,1817881
-0,1231503
0,3070827
0,1171055
-0,2208517
0,3774496
-0,8419334
0,2608895
0,3749007
0,1146924
-0,5418578
-0,08034837
0,03267896
0,7098337
0,07636611
-0,09279919
0,4888332
-0,1528607
-0,3595038
0,9895863
0,4552731
0,4678292
-0,4222934
-0,1753354
-0,8485945
-0,7389292
0,3323956
-0,3769527
-0,08363366
-0,8752914
0,01202351
-0,1008754
-0,6653634
0,08818464
0,6884991
-0,3310141
0,8041829
0,05232996
0,007637501
-0,2723855
0,393864
-0,2448388
0,1063736
-0,8446053
0,3263363
0,396141
0,5371585
0,7978748
0,1131109
0,9729077
-0,508947
-0,3180175
-0,8223906
0,7535729
-0,2517672
-0,9332667
-0,02279097
-0,6509814
-0,1502628
0,2697338
-0,5685559
0,3280874
0,06013805
-0,6461313
0,5453439
0,09559111
-0,7723237
-0,5535065
-0,02952838
0,0505091
0,5941963
-0,03953928
1,229039
0,4612625
-0,2872704
-0,4069132
0,3901813
0,3139853
-0,005207136
-0,5883174
0,6049315
0,36203
-0,1647412
0,3456999
0,1379769
-0,3940463
-0,2730161
0,1986061
0,8189757
-0,09613903
-0,299904
0,3646293
-0,3040807
-0,01371938
-1,587278
0,03532064
-0,1104995
0,4641828
-0,1742128
-0,4068192
-0,2219235
-0,2731223
0,2482884
-0,1854486
-0,4107307
0,1664004
-0,4120447
0,03678171
0,1768143
-0,7483309
0,5479755
0,4208661
0,08566365
0,8908936
-0,4575925
-0,1340181
-0,5329106
1,147118
0,3238152
0,7464119
-0,5481448
0,4418963
-0,4972559
-0,01010102
-0,08547103
-0,6294932
-0,03071672
-0,7635225
-0,8448883
0,197385
-0,1434633
-0,1487144
0,2875546
0,4304584
0,821193
0,3896994
-0,09625483
-0,09720726
0,5292517
1,162822
0,07621954
0,5998749
-0,3463999
-0,006571233
0,2976781
-0,0002019405
-0,07836396
0,08563185
-0,01527649
-0,7372865
-0,03396004
0,05522853
-0,3292797
-0,3809031
-0,1800841
-0,1090484
0,2232364
-0,4866817
-0,2658488
0,3140523
0,6302277
-0,2662818
-0,05135238
0,1994162
1,210421
0,2034422
0,0007209778
-0,7730997
0,05499226
0,7932836
-0,04781151
0,4213454
-0,4820013
-0,439122
-0,1971857
0,1054246
-0,7943489
0,640015
-0,003893435
-0,05564749
0,5495236
0,04417861
0,1695521
-0,5834298
0,4589034
-0,6764452
-0,4037802
0,2694606
-0,5029207
-1,063892
0,5759344
-0,3489797
0,04972547
0,5799035
-0,6530425
-0,0106556
0,2250677
0,3837795
-0,6927072
-0,0924753
-0,3536271
-0,5838017
0,2917393
-0,06541413
-0,4438585
0,1553553
-0,4099972
0,1962994
-0,2203771
0,4543434
0,2279962
-0,2512249
-0,0854755
0,2454662
0,1489796
0,3389008
1,086637
0,6280792
-0,2170178
-0,8184491
0,362466
-0,4095989
0,1109266
0,172411
-0,5833166
-0,5870652
-0,9970011
-0,2475783
-0,8380674
-0,7185091
0,1051055
0,4960913
-0,5953112
0,3620757
-0,1938162
-0,1412452
-0,1496152
0,2021753
0,008258879
0,004603788
-0,1895827
-0,3241401
-0,3931102
0,3199362
-0,4011037
-0,08409536
0,04916954
0,5108541
-0,3773595
0,4311637
-0,5020198
-0,6369279
-0,9116963
0,2044805
-0,1830299
-0,765061
0,02516741
-0,4204366
0,02137381
-0,0709123
-0,06598997
-0,3375961
0,08452022
0,1672195
-0,2742838
-0,5777683
0,1900951
0,6575614
0,3452101
0,3649691
-0,6547611
-0,8165548
0,6736166
0,23716
-1,212001
0,4695811
-0,4666944
-0,3327486
-0,3439281
-0,575505
0,8743008
0,04284167
-0,2484366
0,139718
-0,4792842
0,1913304
0,5819796
1,014162
1,049941
-0,06962456
0,1103241
-2,07366
-0,4369733
0,1247464
0,1589844
0,4067963
-0,2283221
1,02257
-0,03492892
0,1894189
-0,0969258
-0,9947938
-1,461805
-0,9160821
-0,3115587
0,2373218
-0,2896135
-0,1176314
0,1418436
0,09133947
-0,4680836
0,3920755
-0,6284819
0,7664684
0,3157923
-0,1444972
-0,8902315
0,2472839
-0,4507043
-0,3540287
0,4163119
-0,04780138
-0,4222053
-0,2788826
-0,4943506
-0,4023623
-0,2707839
-0,4374687
-0,3593693
-0,1259065
-0,4828004
0,3255609
-1,259333
-0,3413742
-0,1324772
0,00959599
0,7057937
-0,1423794
-0,004990458
-0,3914403
0,1532921
-0,284018
0,1872294
0,6821706
-0,09616752
-0,3875713
0,4854351
-0,8758187
-0,5275491
0,007687569
0,2276405
-0,8606932
-0,5340648
0,4098626
-0,07062507
0,3540596
-0,1089776
-0,03363355
0,2407365
-0,372612
-0,04382826
0,04553083
-0,3459359
0,07545042
-0,3414987
-0,3359146
-0,5232601
0,6192498
-0,382636
0,4648705
0,27681
-0,110011
-0,363669
-0,5900577
-0,8338391
0,1475419
-0,7001625
-0,4801427
-0,8243504
0,3485816
-0,2950284
-0,09012645
0,2532346
-0,1539245
-0,8942112
-0,257583
0,05647856
-0,0004620552
0,5684566
0,5223557
-0,002707064
0,1392292
0,5112792
0,4163773
0,3593956
-0,2782512
0,6557045
0,570363
0,7422464
-0,8995947
-0,5969841
0,319383
0,7845588
-0,6877209
0,4977958
-0,9029945
0,7355458
-0,8104101
0,4103809
0,624612
-0,5571678
-0,3788742
0,1969615
-0,03253293
-0,6347357
0,2186945
0,7006608
0,647509
0,3613821
-0,3328149
-0,08572479
-1,009345
-0,03203048
-0,1922797
0,1243894
0,1579123
0,1762357
0,2943609
0,03527638
-0,2278508
-0,4609023
0,366017
-1,150898
0,6968867
0,1627016
0,1475224
0,5244903
0,8859186
-0,5639935
-0,01025017
-0,7668369
0,1694762
0,3606452
0,6269886
-0,5219675
-0,7250749
0,235484
-0,05860008
-0,3768966
1,061616
0,1547527
0,4827708
-0,5061501
0,1793548
-0,1059605
-0,5682724
0,2263036
1,298943
0,2309629
0,2689971
-0,6619475
0,8483411
-0,9039438
0,3385927
-0,2283742
-0,1777697
-0,09444141
0,1184499
0,2064571
-0,9673982
0,5827081
0,1474546
-0,2437704
0,4466713
1,051959
0,1481802
-1,253993
-0,2992171
0,300283
-1,335237
0,3453725
-0,03993845
-0,8011259
-0,4750299
-0,4421422
0,1764402
-1,059479
-0,112874
-0,002962679
0,1545057
-0,7411104
-0,1609848
-0,5176895
-0,2885754
-0,1449055
-0,02127251
0,3345618
-1,181588
0,1730752
-0,03430992
0,3873494
0,7667065
-0,6038007
0,2903795
-0,631228
-0,03543612
-0,239028
0,6124315
0,0433746
0,4078522
-0,2271129
-0,2935498
-1,060104
0,6506552
-0,2528691
-0,4710605
0,6885192
-0,0645234
-0,0026678
-0,06870833
-0,2724825
-0,248238
-1,007196
0,07828259
-1,068847
0,01025753
0,1363598
0,2955964
0,05606395
-0,06815749
0,8269258
-0,2518615
-0,6543965
-0,4735535
0,5503874
0,03381598
-0,06125672
0,03954707
-0,6815401
0,1241597
0,2812639
-0,2295306
-0,2477273
0,3567444
-0,008422673
-0,1125368
0,272351
0,7193945
0,05411839
0,6852719
0,287803
-0,4072604
-0,5559232
-0,1688319
0,3085724
-0,100075
-0,5264626
-0,1840421
-0,1882001
-0,2396173
0,9355185
0,2473482
0,4322149
0,5684411
-0,1144621
-0,3641453
-0,8203868
0,2403868
0,05906647
-0,9395204
1,098702
1,108709
0,5528792
0,8467069
-0,1292414
-0,4594691
-0,1265977
0,1740522
-0,2420974
0,3307394
-0,0153957
1,06409
0,2467511
-0,2737467
-0,4509407
-0,05571963
-0,697104
-0,290188
0,8470333
1,172856
0,2920045
0,7632179
0,2362795
0,3272054
0,4852613
0,5567086
0,4317198
-0,8747225
0,1812649
-0,1666155
0,3483548
-0,2002839
0,4854413
0,3486001
0,1422528
0,427586
-0,09156924
-0,3836287
-0,2760087
-0,5516492
-0,2843824
-0,4203753
-0,2072586
0,5451536
0,3813753
-0,1241044
0,3130565
0,212007
-0,1943921
0,6700246
-0,249785
-0,9774247
0,1885779
-0,4902653
0,2804255
0,3001928
-0,6397678
0,2561939
-0,5848126
-0,3894799
0,8420281
0,2502276
-0,2267105
-0,1725879
-0,3498068
0,8039409
0,7868571
-0,2227624
0,06650874
0,3865473
0,8294091
0,2323449
-0,5963474
-0,1752278
-0,7809607
-0,60869
-0,485758
0,3235383
0,04383594
-0,5564895
-0,7020512
-0,867658
-0,3556248
-0,3541595
-0,2421747
-0,3249753
0,1054571
0,8123077
-0,9739888
-0,6467919
0,2531288
0,3500032
0,3691468
0,3768845
0,04279682
0,01510267
-0,1167408
0,5681893
0,09585959
-0,3228179
-0,8379381
-0,1602325
0,3962437
0,4110698
-0,3154386
0,2061029
-0,3000928
0,1550988
0,5681425
-0,2655025
-0,8898714
0,6220423
0,5568538
0,4491246
0,3669291
-0,5451146
0,2987174
-0,2142384
-1,013196
-0,2515581
0,5255111
-0,9546635
0,3057398
0,2437372
-0,4786837
-0,07073659
0,5057806
-0,5064526
-0,4266427
-0,6297266
-0,2469378
0,2491506
-0,1327136
-1,534996
-0,1166858
0,3081044
-0,530822
-0,09622562
-0,5818167
0,08563167
-0,9027392
0,8894411
0,1431208
0,2870476
-0,2901373
0,05208248
0,790477
0,2147689
0,398613
0,5818618
0,4126187
-0,2092391
0,4212518
-1,680284
-0,6222498
0,3770981
-0,1314253
0,5507875
-0,01369202
-0,4822185
0,403682
-0,1475104
0,04664028
1,119764
-0,5042993
-0,8256415
-0,668303
0,4261339
-0,2973109
0,2346053
-0,05948138
-0,01582077
-0,5997497
-0,1104598
0,1348974
-0,3932156
-0,223489
-0,05860247
-0,1868556
0,07927817
0,2083219
-0,338551
0,4571123
-0,243479
-0,01898646
0,1225728
-0,2101668
0,6001176
1,097833
-0,404261
0,4111374
0,5942785
-0,8283009
0,4721173
0,396172
0,4425837
0,4373794
-0,273588
0,5464708
0,4379825
0,5493291
-0,4909239
-0,2508302
-0,2480909
-1,206571
0,1529449
0,5413277
0,9085063
-0,7830271
0,1351694
0,9382441
0,6713004
-0,03972276
-0,7027342
-0,5634726
-0,6682487
-0,6136284
0,6631716
0,365539
1,215795
-0,1028541
0,7292966
-0,347991
0,05826992
-0,07924861
0,132934
0,1130507
-0,08684123
-0,196432
0,3975637
-0,6318882
0,4547155
-0,4267334
0,06453145
-0,001151383
-0,5243083
-0,7843372
-0,3562731
-0,172896
0,4302096
0,2697375
0,9388402
-0,4093673
-0,1852776
-0,1844326
-0,05337036
0,4881139
-0,7734868
0,2423078
0,2502737
-0,2653403
-0,07545424
-0,4531252
-0,7440715
0,3223501
-0,05794568
-0,6366584
-0,4552429
1,064876
0,3708768
0,9866847
-0,8133399
0,3929146
0,04594147
0,06146979
0,9457353
-0,1982694
-0,003482893
0,8027984
-0,05661476
-0,146917
-0,3558471
-0,7347301
0,02709389
0,9067941
-0,4434162
-0,09510358
0,08333853
-0,2916006
0,1685699
-0,1052687
0,2148681
0,1885636
0,2676963
0,07566923
-0,4748302
0,6465487
-0,7039844
-0,1893494
-0,9906105
0,6253629
-0,03532606
0,3816255
-0,4846532
-0,8103369
0,4284315
0,7157167
0,4898109
-0,07645679
-0,1646807
0,163768
0,4956948
-0,8118582
0,1179625
-0,8015536
0,01269805
0,3819194
-0,09420341
-0,512463
1,018638
-0,2116103
-0,5550603
-0,4663355
0,1210415
0,08872575
0,7622476
0,5411406
-0,1839472
0,0654
0,3140127
0,391916
-0,164047
0,5925516
0,2902423
-0,5714242
-0,06038113
0,1621093
0,3214709
0,4154618
0,2731295
-0,5689333
0,001216173
0,1304191
-0,2363068
0,1908067
-0,1320825
-0,2576157
0,2018156
-0,2068812
0,1359375
0,6371897
-0,303134
1,206669
-0,7839277
-0,04871321
-0,2500697
0,7111344
0,3527821
0,4773048
0,3193781
-0,1363413
-0,3848805
-0,2329022
-0,5137491
0,9794803
-0,2997735
0,5419027
0,2597767
-0,3119497
0,1494603
0,2103457
-0,1770365
0,8248057
-0,4730847
-0,3708401
0,3134047
-0,8576906
0,1058109
0,4547405
-0,3398367
-0,1758877
-0,1613045
0,2881852
-0,6989942
0,4759306
-0,2545429
0,004716992
0,3231769
0,06897885
-0,1297452
0,7751819
-0,1626543
0,4051563
-0,8908641
0,2060592
0,788312
0,2403276
-0,04306626
-0,2501562
-0,9046993
-0,6013416
-1,245247
0,3134216
-0,2661625
-0,1400511
0,3412512
-1,705155
-0,3033266
0,6937733
-0,4577106
0,3378768
-0,531514
0,07930964
-0,857285
-0,1742194
0,448253
0,3254206
-0,5337386
0,0676257
0,07358269
-0,1096439
0,5761695
-0,07504773
-0,1375741
0,01551658
-0,1583463
0,2699593
-0,002511144
-0,6116946
-0,6494886
-0,1703296
0,07153612
-0,5243771
0,007917762
-0,9469794
0,05035442
0,571911
0,2926146
0,02009183
-0,606743
-1,080389
-0,4435872
-0,01822746
-0,2670146
1,266286
-0,2047205
-0,3411202
-0,1268062
-0,05203441
0,8009611
-0,4526489
-0,3048691
0,3458883
-0,2135994
-0,9841767
-0,5641345
0,5145974
-0,6555892
0,3140222
-0,8219305
0,401429
-0,280862
0,6386499
0,134706
0,183674
-1,094205
-0,05969292
0,1056694
0,397482
0,8083962
-0,8554885
-0,05791539
-0,3137674
0,6429147
0,361816
-0,2989498
0,516623
-0,3231252
-0,9452291
-0,109507
-0,6968178
-0,4635457
1,005805
-1,166366
0,02215409
0,104942
-1,34293
0,550769
-0,06418157
1,051033
-0,2850279
-0,715481
-0,5524414
-0,04141933
-0,1332116
-0,6788697
-0,09158617
0,1200483
0,9179118
-0,0883739
0,8987327
0,1464076
0,2482715
0,6218632
0,6041264
-0,1787878
-0,4886183
-0,1628045
1,053487
0,3297124
-0,8536881
-0,05557281
0,1494461
-0,01157506
0,2629997
-0,4186055
0,2428624
0,459379
-0,5440369
0,221765
-0,05871612
0,6978792
1,041583
0,1346164
1,292648
0,03276473
0,2514512
0,8647866
-0,1785936
0,1909651
-0,2059861
0,1383434
-0,05436343
-0,6418504
-0,01797587
0,3992335
-0,3436893
0,389254
0,1213745
-0,2309846
0,4680505
0,1244801
-0,3459864
0,8408326
-0,6886804
0,1818503
0,1893843
-0,3704094
0,2778298
-0,1406635
-0,8683738
-0,369037
-0,484288
0,7680458
0,4470991
0,2869238
-0,06618953
-0,7143862
-0,3022318
-0,5144206
0,3743612
-0,3275861
-0,4145773
-0,9527583
-0,5824484
0,1666664
0,6863341
-0,2044969
0,1335639
0,192387
0,1502648
0,4458877
0,08414523
0,4021029
-0,4831994
0,3600365
0,01671726
-0,1490141
-0,1515384
0,3974878
-0,7248172
-0,2988356
-0,7341089
0,9833449
-1,236485
0,2471963
0,1520361
-0,08900088
-0,2212584
0,4971038
-0,544006
1,264612
0,495761
-0,5103138
0,5196143
0,4285133
-0,1160572
-0,6756564
-0,01656395
-0,1668436
0,1264201
0,1450438
0,5100144
0,5754181
-0,3288664
-0,3971741
-0,005823314
-0,2258259
0,01608694
0,4003158
0,9197876
-0,603965
-0,2333577
-0,2705395
1,311187
0,6916288
-0,2660124
0,03118402
-0,9274201
0,1588191
0,2325303
0,8356175
0,9177742
-0,8626045
0,67973
0,1073934
0,8280146
1,172079
-0,3204092
-0,8619225
0,952947
-0,1448315
-0,1476495
-0,1060183
0,562611
-0,8669825
0,1240339
-0,3851265
0,2428751
-0,411962
-0,2900576
0,2039637
0,196378
-0,5861906
-0,6370929
0,6556927
-0,4292998
-0,2516429
0,6075515
-0,005943775
0,02380586
0,3612782
0,169864
0,5201456
-0,1118996
0,01650691
0,05777997
0,1987071
-0,6710356
0,2276902
-0,04533738
-0,1872584
-0,0620988
-0,2688038
-0,1950779
-0,2024368
-0,989217
-0,5212793
0,782567
-0,1005833
-0,1772203
-0,1570706
0,4353759
1,157747
-0,4316354
-0,5961784
0,4367383
1,05808
-0,5176721
-0,6561095
-0,6205937
-0,2367408
0,07995783
0,8710634
0,8801746
-0,6125684
0,007996321
0,653097
0,522198
-1,204777
0,1233667
-0,008469641
-0,23405
0,06200914
0,8217474
-0,8205407
0,1231734
-0,509241
0,6788555
0,790295
0,06809855
0,7516245
0,04596722
-0,7285737
-0,118707
0,2594224
0,71319
-0,9869842
0,2126544
-0,3311638
0,1626014
0,7540131
-0,05252963
-0,06585586
-0,364094
-0,3086491
0,778425
-0,6047676
-0,1788817
0,1661751
-1,035357
1,240227
0,32254
0,6640238
-0,4936635
0,3597543
0,07779597
-0,223533
0,3792078
-0,1625276
-0,2834548
0,01051295
0,5088156
-0,1782725
0,2586239
0,2703536
-0,4678783
-0,452502
0,4476751
0,2178633
0,105567
0,3479734
0,4614621
-0,2416028
-0,5195519
-0,5482436
0,6041726
0,4433207
-0,3285297
0,6902705
-0,7669364
0,5610167
0,353693
-0,6355191
-0,1004834
-0,05395873
-0,3386946
0,0102585
0,1415662
0,7925417
0,1190586
-0,4031044
-0,4829949
0,3921784
0,5066906
0,0294528
0,3429335
-0,35322
0,1476689
-0,2914938
-0,8304175
0,1085877
0,7684121
0,2545728
-0,4275719
0,06648749
0,3323706
0,2982966
0,6873554
-0,9066845
0,4635171
0,2775445
-0,0931188
0,2030855
0,1170546
0,2438561
0,2198215
-0,1264151
-0,2422729
-0,6409371
-0,4154614
0,1883621
0,5124863
-0,7704648
-0,4385339
0,1924726
-0,3949721
0,731387
0,06795526
0,8520707
0,01629418
-0,856501
-0,1185898
0,007733941
0,03359155
-0,5098714
0,5289226
0,5359563
0,4029212
-0,1248989
0,0602418
-0,5191164
0,2711388
-0,09484637
-0,474039
0,6161865
-0,2463434
0,3977776
-0,06916454
0,1120551
-0,3628263
-0,08838242
-0,1010675
-0,9714765
-0,3711828
0,4236911
-0,4600827
0,2024436
0,315496
-0,5160546
-0,2917933
0,4035361
-0,1500441
0,6078448
0,3918999
0,1773633
0,902791
-0,1027955
0,1945884
-0,8022245
0,1496098
-0,3595113
0,3268098
0,5778776
0,01271862
-0,1718144
0,5035762
0,3762265
0,736909
-0,3859154
-0,2182705
0,1926274
0,1147754
0,2567392
-0,5532078
-0,3818177
0,1072896
0,2838953
-0,1688578
-0,5579163
0,7568874
-0,3613382
0,1435552
-0,378199
-0,05795586
0,2007566
-0,1526647
-0,4308619
-0,6186227
0,01655585
-0,5817229
0,4645253
-0,1107005
0,07276767
-0,4289025
-0,3379005
-0,1787994
0,1807135
0,5030432
0,01410007
0,5322004
0,4216657
-0,8957528
-0,3888286
0,322708
-0,3084002
0,8114799
0,5247032
-0,3124073
0,2296766
-0,3020582
-0,5245978
-0,06109142
-0,1119686
0,2291662
-0,93319
0,2396701
0,7131412
-0,2228829
-0,8385287
0,2866386
-0,2601396
0,3594244
-0,1509453
0,7111133
0,4819179
1,374508
-0,02559203
-0,4169588
-0,325554
-0,8517109
0,3065385
0,07640618
-0,2474073
-0,5531821
0,02968459
0,8713031
0,08347869
-0,2016458
-0,6750795
-0,9009101
0,1511858
-0,4022399
-0,3139051
0,3370584
0,1474848
-0,1447212
0,3990394
-0,2886993
0,4061798
-0,6211358
-0,4636148
0,07569003
1,284352
-0,7767845
-0,7556225
-0,5033363
-0,1158028
0,1780908
0,2262363
-0,0893621
-0,880445
-0,4781137
0,1482047
-0,7128562
0,3701546
-0,7462904
1,029992
0,4973273
0,3438714
0,347109
0,8343329
-0,2413954
0,6240595
-0,9246148
0,4758034
-0,5781223
-0,09026927
0,6766579
-0,09499979
0,4635789
-0,1022201
-0,1889228
-0,05856496
0,3040216
-1,162496
0,1881547
-0,1605061
-0,5512329
0,9534605
-0,340878
0,7514173
-0,6755844
-0,3240834
0,3131928
-0,4029548
0,0595727
0,6294568
0,6712272
-0,44145
0,01241374
0,1200135
-0,7940889
-0,3833935
-0,3418653
-0,29287
0,5888718
0,1137908
-0,2015737
-0,1710362
0,4790199
0,1511882
-0,5138018
-0,9306493
-0,7170151
-0,6111561
-0,3639521
-0,4287348
-0,635364
-0,08817649
0,1989942
-0,3136225
-0,4131776
0,8809936
0,2333265
0,5751652
-0,03407818
0,3297682
0,04369658
0,2752691
-0,131548
0,2822992
0,5340195
0,07142591
-0,7100992
-0,3548072
-0,2563341
-0,07946087
-0,1262631
0,200829
0,4103325
-0,359622
-0,6992798
-0,04066885
0,375857
-0,05097628
-0,6593652
0,3753493
0,2862703
0,8175036
-0,4370556
0,415603
0,246218
-0,4944779
0,4148223
-0,4415731
0,708746
0,708109
0,4977719
-0,6182992
-0,38401
0,03362215
0,4521619
-0,5586765
0,2313023
0,1943626
0,4271403
0,2179439
-0,1862695
-0,04025489
-0,4776677
0,1438262
-0,1883507
0,4343697
0,0842545
0,3323478
0,1266355
-0,5408978
0,3530278
0,2821163
0,2673599
-1,351006
0,08745551
0,3825545
-0,4390725
0,1217612
0,3008559
-0,9901292
-0,3807654
-0,4554968
-1,133922
0,4038802
0,288725
-0,09236217
-0,507608
-0,293378
-0,3004416
-0,3841998
-0,1284551
0,5180736
-0,2737673
-0,6933086
-0,5323961
0,3993281
-0,3540385
0,05847532
0,443168
0,04744224
0,1980377
-0,9900319
0,6174425
0,6677506
0,9460586
-0,3276162
-0,6015399
-0,1425053
0,1435833
0,2671578
0,8820841
1,657727
0,06100214
-1,061298
1,153712
-0,4322052
0,1238164
0,08783007
-0,09098446
-0,2635628
0,1527052
-0,1864358
-0,2395541
0,3136564
-0,06286825
-0,3880127
0,04316759
-0,3350734
0,5959204
0,1426277
-0,1889756
-0,1013983
-0,568322
0,008075386
-0,373042
-0,649375
0,5228366
-0,3290155
0,3059865
0,5750368
-0,003739655
0,1629018
-0,1474016
-0,540629
-1,418576
-0,5846475
-0,6949803
-0,9090327
0,2557591
0,02111322
-0,1020901
-0,266308
-0,05627096
0,721485
-0,4173189
-0,5468022
-0,6321235
-0,3857803
-0,7696465
-0,04123487
0,3258442
0,3245753
-0,2735529
-0,598922
-0,7923572
0,6255349
0,2509466
-0,04352088
0,5502661
0,537927
-0,05507743
0,7598086
0,01786232
0,2614629
0,3635945
0,446975
-0,004972398
-0,3554456
0,7874084
0,5880179
0,1281382
0,1132379
-0,4271011
0,2052094
-0,7369987
0,5067003
0,0582581
-0,04988676
-0,8696136
0,4581593
0,0637043
-0,4900717
-0,4475244
-0,4164555
-0,2264494
-0,06608374
-0,5359215
-0,01517242
-0,5305159
-0,3352709
0,875351
0,04185009
0,6210119
-0,4701318
0,1916429
0,16495
0,9616051
-0,1945738
-0,05802882
-0,5907841
-0,1051481
-0,7977872
-0,4776916
0,7580209
-0,1596571
-0,552053
-0,07769181
-0,2150301
-0,5786668
-0,1657118
0,1449524
-0,2985219
0,05842692
-0,04707187
-0,4484808
-0,4193102
-0,2750189
-0,2768052
0,09018081
-0,6130052
0,2213642
-0,4297687
-0,84594
-0,03590637
-0,07767612
0,04886308
0,6455321
0,101478
-0,2922204
-0,8719336
0,172855
-0,1675459
0,4426795
-0,3100564
0,2387607
-0,4698924
-0,04654473
0,5618908
0,2901218
0,4324822
0,3902281
-0,6267152
0,3343831
-1,200781
1,249465
-0,5487016
0,1329679
-0,1348329
-0,1379539
-0,5564465
0,3563219
0,4175611
0,5928187
-0,281442
0,6583651
-0,2282853
0,6213198
-0,06453973
0,1461208
-0,1344009
-1,302981
0,2934497
0,2570786
-0,1270726
0,7302645
0,2812803
-0,7001504
-0,6259221
0,03632693
0,1813289
0,05610955
0,5545075
-0,5927798
-0,01457085
0,00325948
-0,8343037
-0,503356
-0,6848913
-0,7244528
0,1600814
-0,7785847
0,2383013
0,02059436
-0,2450051
-1,242905
1,043785
0,4555342
-0,6418346
-0,1335827
-0,1997302
-0,1881417
-0,1642196
-0,1957978
0,1891894
-0,4792675
-0,4188005
0,1542648
-0,5276033
-0,3613071
-0,2207975
0,2181783
-0,2843213
-0,3302748
0,2259258
0,4908354
0,1420575
0,07928038
-0,4967019
-0,2254062
0,9575599
0,8921871
-1,177376
-0,03700912
0,1796739
0,4114099
-0,9512069
-0,5046635
-0,4835786
0,6856442
-0,5303293
-0,2274393
0,4916461
0,354987
0,2503902
-0,4666556
0,179107
-0,01348817
-0,06703497
0,1795
0,3419192
0,7626764
0,4453036
-0,1021927
1,391775
-0,485096
0,46437
0,2551103
0,01132256
-0,4168568
-0,4746625
-0,03428823
0,3280968
-0,8432242
0,1389471
-0,4506675
0,4428563
0,3359006
-0,4361205
0,1853462
-1,166669
0,4599577
0,6697452
-0,06820583
-0,325602
0,1457302
0,7042605
-0,5486237
-0,08951564
0,01717013
0,5871215
-0,09759331
0,00054048
-0,4090481
0,9922381
-0,6637879
0,1499587
-0,02698822
-0,2778676
0,03793967
-0,8516055
0,4228659
-1,46067
-0,9301378
0,4271664
0,610487
-0,1734551
-0,2429026
0,033867
0,957957
-0,1151036
-0,5935985
0,5507574
-0,5663468
-0,3010455
-0,2123691
0,397945
-0,2325371
0,1495149
-0,1055399
0,5727711
0,2829803
0,1705746
0,6929606
0,772849
0,09000731
0,03347901
0,3568585
0,8367602
-0,2199561
0,1778436
-0,1788954
-0,1491423
-0,6542169
1,251707
0,3541428
0,2312112
-0,3863764
-0,2514226
0,5067312
-0,1263949
0,008682728
0,5346587
-0,7022196
-0,6822006
0,03193331
0,5499207
0,4083591
0,9821511
-0,580464
0,4469678
-0,3135705
-0,4578995
-0,2268212
0,01933923
-0,4381872
0,3170476
-0,02958524
0,3231311
-0,2644286
0,1393794
-0,2349877
-0,2534901
-0,6769875
0,292372
0,5204605
0,1730167
0,543546
0,8963267
0,2219201
0,4416182
0,5365303
-0,1508712
0,2465525
-0,4678089
-0,3129487
-0,2489721
-0,005119637
0,003607213
-0,05290015
0,8521034
0,4659891
-0,4423869
-1,001258
-0,2950844
1,128417
-0,6717635
0,005496562
-0,5580596
-0,7053961
0,4264556
-1,216189
-0,2215931
-0,1599881
0,3710464
0,9302318
0,4997303
0,7915795
-0,2609091
0,3707925
-0,3662746
-0,4094487
-0,2178475
-0,374326
-0,3497826
0,00709717
-0,5819421
0,1834606
0,6590058
0,7877945
0,03345519
-0,1230885
0,5356935
0,7338735
-0,4411863
-0,5285891
-0,1397156
-0,789148
-0,3930303
0,06095193
0,1446452
0,8223698
0,03360528
-0,3513749
0,006086051
-0,167693
-0,2509063
-0,2518657
-0,7120488
0,5303327
-0,2335912
-1,306172
-0,4718523
-0,5792866
0,7552818
0,1537954
0,3185242
-0,3673711
0,7367312
0,6007831
0,7494438
-0,05177712
-0,7034144
-0,6316181
-0,3320229
0,4947309
-0,1734164
0,3880831
-0,740125
0,1295044
-1,50025
-0,487558
0,3019441
0,7637856
0,1306372
0,2823794
1,053126
0,3258284
0,5224283
0,6616213
0,06604993
-0,1495523
-0,7894223
0,822418
-0,1030227
-0,5812268
0,4773716
-0,5135347
0,2729046
0,3685929
-0,08454278
0,2863515
0,0359208
-0,5199395
0,3647913
-0,1110937
-0,7518191
1,362156
0,1188187
-0,3935949
-0,5806177
0,01040012
0,1323785
-0,3192601
0,6190698
-0,7701138
0,504328
-0,5462965
-0,4657031
-0,04338753
-0,1780072
-0,2236776
-0,4350489
0,3704571
-0,2195112
0,3858537
1,187971
0,2422771
0,2852045
-0,427703
0,5495587
-0,3391503
-0,6593568
0,973909
0,1917916
0,03213648
0,2304967
0,1979235
-0,2739648
-0,8777726
0,5915006
-1,151987
0,4913772
-0,2142207
-1,007063
0,7799516
0,3131348
0,2374544
0,3607392
0,5318443
-1,425494
0,4099292
-0,7070427
-0,2016529
-0,1357841
-0,1341807
-0,1795161
-0,4223211
0,7593166
0,694721
0,04022723
0,8381735
-0,3193011
-0,05700171
-0,1908795
0,2915587
0,9827397
-0,5269035
0,01091737
-0,9791178
-0,6695932
0,5624287
-0,8826018
-0,5348688
-0,2508208
0,436369
0,4283839
0,4480349
-0,3290059
-0,06459385
-0,2458829
0,08051455
-0,05028874
0,6745436
0,6769619
-0,04580981
0,239648
0,4340598
0,08635551
-0,3552919
-0,1319178
0,3674204
-0,1865717
0,5763994
0,2043768
0,5011141
0,2113361
0,4482775
0,2541914
0,4083065
-0,1243643
0,3354676
-0,01734143
-0,5927567
0,1078829
0,164281
-0,5037766
1,277244
0,6659679
0,01968366
0,3481267
0,3288402
-0,691125
-0,5252822
-0,5103579
0,3062663
-0,06348807
0,2011359
0,1418899
0,4015894
0,5641304
-0,8256267
-0,08290064
0,10775
0,3662656
0,1345001
-1,145582
-0,02137335
-0,009244978
0,2651872
-0,6637983
-0,1776772
-0,2617201
0,7145195
0,4650309
-0,175112
-0,07226253
-0,7047856
-0,09056868
-0,7428219
-0,3422787
0,05855221
-0,8773229
0,6155338
0,2833256
0,3276116
-0,9392659
-0,4148989
-0,9560562
-0,7926912
-0,01156431
-0,7955793
0,8079885
0,2347326
-0,1276457
0,3431571
0,3616099
-0,6205698
-0,3248495
-0,8372365
-0,1938397
0,4417148
-0,1655413
0,607964
1,361477
-0,04367131
-1,236699
0,2181997
0,3257435
0,1611357
0,2663345
0,893082
-0,0932523
-0,2105521
0,3635083
0,3734576
0,4176446
-0,4827172
0,3787203
0,562596
0,07833292
-0,2659897
-0,01107544
0,962604
0,8957825
-0,641946
-0,4385501
-0,1353989
-0,3808284
0,2446748
-0,4594488
-0,4827084
0,821678
-0,5336515
-0,02384341
-0,4898132
-0,7692734
0,2404967
-0,835743
0,2952421
-1,007477
-0,3247976
0,63328
0,660288
-0,09991968
0,4444813
-1,031988
-1,131082
0,6279268
-0,8632904
-0,3489544
-0,9220421
-0,7571642
-0,514213
0,178282
0,2579684
-0,4036055
0,04848605
0,1276851
-0,006609917
-0,410774
0,2857192
-0,1832959
-0,4830506
-0,9034169
-0,0133424
-1,343065
-0,9842467
0,5279438
0,5395334
-0,1557033
-0,7402112
-0,008621573
0,5075685
-1,00611
0,325507
-0,4266726
-0,2779315
-0,1063353
-0,9488789
0,7503424
0,4454211
0,5435953
0,2323773
-0,6253805
-0,4777544
0,3159758
0,2500449
-0,06514388
0,1336633
0,250753
-0,1352368
0,2292033
0,2348446
-0,1497182
-0,4035286
-0,8593103
0,1807004
0,1521276
-0,5704372
0,4822258
0,6483651
0,3331534
0,4235262
-0,2254921
0,3612341
0,6794562
1,158194
0,7225031
0,4912672
-0,5745284
-0,5772082
0,7771618
0,5067983
-0,4354614
0,2121704
0,04922539
0,5712053
-0,5452278
0,2620763
0,2707275
-0,4351543
-0,1182044
-0,4191186
0,06676155
-0,05517769
-0,4943959
0,00739634
0,556154
-0,0689047
-0,3199458
0,2178637
-0,3511262
-0,05795187
0,4755971
0,6256457
-0,2828534
0,6932994
-0,5954196
-0,02599044
0,1968532
0,2712829
0,0006044507
-0,2454597
0,6517428
-0,5952484
-0,233725
-0,7385016
0,2156381
0,2508925
1,777968
0,3122495
1,187963
0,6055025
-0,6629824
0,03256506
0,7126951
0,07673328
0,08093452
0,3859095
-0,2253116
-0,1911267
0,7332513
-0,1677989
0,4837549
-0,3183944
-0,6606592
-0,2054666
0,01202422
0,4875145
-0,346991
-0,8231785
-0,3165788
-0,3669064
0,393158
-0,3517981
0,0004574656
-0,691659
0,3497112
0,6500361
-0,1240913
-0,04949017
0,6845048
0,1935787
-0,2269295
0,1368525
0,2379745
0,2089759
-0,1225664
-0,2409004
0,006359279
-0,3829348
-1,232448
-0,9521374
0,04415183
0,06202941
-0,2354908
0,05306076
0,5656701
-0,3260322
0,2352628
-0,6165918
0,2863761
0,1423534
0,9292566
-0,240023
-0,1556237
0,2448357
-0,9878173
1,072953
0,8689486
0,9872134
0,2444747
-0,4120632
0,1974682
-0,3191016
-0,2963929
0,7349401
-0,4174998
-0,1675648
-1,066288
-0,08390188
-0,3469217
-1,033847
-0,7944273
0,3628842
0,1369362
0,7464784
0,5018581
0,3699645
0,9249346
-0,2266225
0,9167785
0,5910057
0,7527986
-0,01526302
-0,7321881
-0,3228933
-0,2770059
-0,2414689
0,2653846
0,2493082
0,02316606
0,2567767
0,139166
0,1848966
0,4177005
-0,4310148
0,2496091
0,3162777
0,2454824
0,2064165
0,04927695
0,02988577
0,07528073
0,01383621
0,2825098
-1,258175
-0,115653
1,000714
0,2733325
-0,3097005
-0,05389741
0,3339099
-0,2379761
0,4810251
-0,2060314
0,2855344
0,7525582
-0,1810901
-0,4449713
-0,1311647
0,2632067
0,138504
-0,4249226
-0,031362
0,4052074
-0,2725325
-0,2913738
-1,102722
-0,3649789
-0,3091054
0,4864912
0,3676434
0,4632944
-0,6529423
-0,5786964
-0,5328425
0,7955738
-0,4289505
-0,4713351
-0,1970802
0,3210817
-0,2012574
-0,4964458
-0,254371
0,5035811
-0,3415926
-0,1647017
-0,3412337
0,6743729
-0,1380332
-0,191402
0,003883541
0,6899839
0,1251054
0,1376158
0,8163093
-0,3728848
0,498149
-0,8106241
0,8584944
-0,3446816
-0,02363729
0,1799804
-0,3400187
0,1595362
-1,066594
1,26984
-0,04345758
0,6453543
-0,03412069
0,9548843
-0,1732149
-0,8417425
0,06644404
0,275777
0,7236592
-0,2787094
-0,4219587
0,06141192
-0,3880365
0,3249654
-0,4950916
0,2705666
-0,1327939
-0,061791
-0,01301908
0,2066077
0,379412
0,1208223
-0,3196637
0,2752047
0,8744697
-0,4353192
-0,4315723
0,03610027
0,706265
-0,5318506
-0,2181876
-0,585441
-2,026558E-06
0,2744101
0,3561106
0,3880041
-0,5529054
1,034809
-0,2606178
0,07875083
0,4436624
-0,166321
-0,09680086
0,4488806
-0,08047755
-0,0526132
-0,2100335
-0,2271479
-0,9604625
0,1994951
0,3687361
0,4164194
-0,183357
-0,5919088
-0,1394177
0,146794
0,05852732
-0,09058399
0,07257098
-0,8735732
0,1934934
0,1370365
-0,06588209
-0,2460591
-0,1088544
0,1471748
-0,4531428
0,2539487
0,2615153
-0,04944094
-0,4157726
-0,3432646
0,2024677
-0,5740262
0,4981693
0,6221845
-0,2709555
0,4544076
0,510425
0,1581038
-0,5050737
-0,003410295
-0,4879603
0,1949342
0,06224591
-0,4040441
-0,7077696
0,5281676
-1,543654
0,4406689
0,40062
-0,5060589
0,07780865
-0,999819
0,1902323
-1,066473
-0,7654107
0,6994168
1,534015
-0,2914428
-0,8734517
0,1773202
0,4872396
-0,2072282
1,1513
0,6004304
-0,5837439
0,1867436
0,655747
-0,06862207
-0,04376549
0,5070485
-0,4675837
0,2947699
0,6860576
0,6062611
0,5495723
0,8614905
0,4760535
-0,2793034
0,05258715
-0,7398036
-0,6180121
0,1144559
0,2788915
0,1692391
0,06149511
-0,3990561
-0,5298922
-0,3197389
0,462409
0,03961283
-0,3037131
-0,1313344
0,1198969
-0,592304
-0,5856881
0,3514069
-0,2474866
-0,6105496
-0,8060144
-0,05154617
0,717707
-0,1826202
1,350376
0,3732757
-0,08460051
0,3403277
0,0009322166
-0,3179959
0,4269713
0,4963978
0,2134526
-0,6772269
-0,4696066
0,2980921
0,669361
-0,3083494
0,8089214
0,1805642
-0,798341
0,9153164
-0,09081548
-0,8958496
1,019866
-0,763176
0,08353227
-0,1271003
-0,4329962
0,6763258
0,4407021
0,3644245
-0,1455214
0,4207007
0,1362262
-0,3664596
0,6856548
0,7846275
-0,7777882
-0,4030772
-0,2099394
-0,5896171
0,3672199
-0,06352919
0,9639146
-0,1313712
-0,4589965
0,1738673
-0,192391
-0,2011911
-0,03418314
0,20233
0,2416791
-0,276006
-0,6156878
-0,196758
-0,3965411
1,237273
-1,005924
-0,751976
0,4850748
-1,238662
-0,8484762
-0,00521034
-0,4425274
0,5539747
0,07394785
0,5600227
0,3927775
-0,2601975
0,1615094
0,2214133
0,05361323
-0,02064873
0,002017483
0,8114079
-0,8288599
0,3189814
-0,6721875
-0,03577316
0,7055493
0,6631534
0,2833228
0,2320195
0,4106093
-0,08380324
-0,5215777
-0,5541242
0,6389753
1,141095
-0,2084335
-0,4903548
-0,383624
0,03001779
0,241142
-1,046092
0,9596882
0,3251511
0,4790622
0,2909927
-0,05111516
0,2334387
-0,106007
-0,2625684
-0,1713336
-0,1344301
0,1093657
-0,08372387
0,2507653
0,04949415
-0,8593354
-0,1649413
0,09079278
-0,4338852
0,3567483
0,1993951
0,07539183
0,2863057
