-0,5648364
0,08096004
1,288966
0,4110213
0,212002
-0,521668
-0,3464738
-0,1670676
0,043734
0,6371094
-0,3310697
0,294365
-0,4149398
0,576332
0,4160584
-1,378201
0,3507506
-1,049622
-0,5241696
-0,6026399
-0,737244
0,06323738
0,05162154
0,6436107
-0,4098412
-0,6561005
0,4773456
0,3300261
0,3882768
-0,05977756
0,1626784
0,305529
-0,007402495
0,3131292
-0,3378155
0,2037023
-0,5570156
0,7932034
0,2211216
0,2872599
-0,334434
0,08919036
-0,06874436
-0,1980796
0,4138455
-0,1070237
0,07624531
0,2919578
-1,213962
0,5791752
0,860352
0,8758322
0,171983
-0,3627403
-0,03944945
-0,2865677
0,5505744
0,03328532
0,4097254
-0,06430143
0,2721561
-0,3757263
-0,9750621
0,3340377
0,1484386
0,393765
0,7346641
0,7409565
-0,3124927
0,7663155
-0,3052481
1,229867
0,2302943
-0,3367234
0,2032054
0,251893
-1,287417
0,2414741
-0,1729988
-0,9400086
-0,6963342
-0,1837082
0,6027015
0,128819
0,2892279
0,2844703
-0,3659788
0,06734781
-0,02939492
0,3646759
0,5861252
-1,140704
-0,357576
0,5534667
0,1196402
-0,6787156
-0,468917
0,03531152
0,3289042
-0,4709541
-0,5164089
0,4722036
-0,3258911
1,372202
-0,2988904
0,4261527
0,4699351
-0,8298181
0,8910075
1,08363
0,1228011
0,9586638
1,400051
0,4155732
-1,6634
0,4938156
0,08533835
-0,1375687
0,5618699
-0,6511828
-0,1755435
0,8321052
0,1557234
0,4025638
0,6565519
0,1594784
0,1500136
-0,01682806
0,4197244
0,1805968
-0,09487994
-0,7237185
0,6126279
0,2207278
0,1739099
0,2229955
-0,1149856
0,9092505
-0,1344134
-0,09512295
-0,4095386
-0,2338308
-0,153348
0,9226964
-0,2180173
-0,2110357
-0,8431441
0,7800693
-1,579749
0,0497576
-0,8663597
-0,1996834
-0,4870352
-0,4624593
-0,1592121
-0,2664133
0,7362119
-1,34606
0,1982965
0,6565368
-0,1286266
1,200819
-0,3108447
-0,4352452
-0,06028408
-0,2702177
0,3971998
0,006776303
0,133173
0,1448293
-1,192594
0,6047325
0,5339648
-0,1232857
0,2329938
0,3084632
-0,777438
-0,9570475
-0,5499279
0,4546284
-0,8713219
-1,350757
-1,065556
0,6865137
1,223819
-0,0734513
0,01456654
0,5922239
0,73888
0,003675997
0,07286304
-0,08154136
-1,138918
0,6136385
-0,3642302
0,9252127
0,1746364
0,03816158
-0,6877126
-0,1531981
0,9897087
-0,2754499
0,6158911
-1,175623
-0,6920265
0,5550777
0,2979282
-0,7249342
0,4404009
0,08771372
0,06609921
0,2388501
-0,6102436
-0,7434859
0,2198694
-1,464445
-0,11457
-0,105707
0,9701979
-0,06645882
0,02020258
-0,3077776
-0,02765197
-0,1898294
0,7681258
-0,2925222
0,6286138
0,319801
-0,07248658
0,229751
-0,4365635
-0,7731254
0,1619515
-0,7213282
-0,3314736
0,7036442
-0,7633724
1,120885
0,1826012
-0,4860974
-0,0857507
0,2428739
0,4782577
1,421975
-0,1982213
-0,4435104
-0,7216197
-0,01351607
-0,4914719
0,241908
0,5699326
0,9623703
0,2112433
0,6154734
0,5596931
-0,7819284
-0,8181287
0,4699984
0,5722387
1,000224
-0,2762301
0,7868532
0,1036652
-0,414412
-0,1089499
0,5780857
0,5946193
0,317582
-0,4780359
-0,02250391
-0,01813312
-0,2991164
0,06346774
0,014202
0,4704558
-0,01785594
0,3007981
-0,8187156
-0,205914
0,7337586
0,996788
-0,3804276
0,1936119
-0,4773114
0,662069
-0,5631081
-0,1643198
0,3929279
0,1759986
-0,03306395
0,1786186
0,01560193
-0,7225918
0,4238753
0,09647697
-0,5543645
0,3098302
1,086542
0,06855071
0,9537328
-0,6173974
0,1582714
-0,6069105
0,8739882
0,1308065
0,01613151
0,00392884
0,2429812
-0,267189
0,135325
1,008816
-0,2165999
-0,04493953
-0,2705425
-0,7495041
0,6451542
-0,7209429
-0,1543148
-0,1729271
0,1644678
-0,4335624
-1,197854
0,4084367
0,3430996
0,7913808
-0,1333725
-0,1735891
-0,7512842
-0,2924774
-0,1112444
1,196964
0,4707732
-0,3597212
0,295647
-0,1153907
-0,5427791
0,6260269
-1,060213
-0,311219
0,1553605
-0,8791867
-1,436732
-0,1762527
0,3963664
0,09422863
-0,2215385
0,2305816
-0,07657939
-0,8930001
0,1683827
-0,1327512
-0,1020841
-1,03868
0,5637714
0,534954
-0,2656982
-0,4392884
0,7459798
0,2516758
-0,2796634
-1,519198
-1,093386
-0,03920805
-0,6617018
-1,065119
-0,644099
-0,794256
-0,6101212
-0,298468
-0,4530404
-0,2609378
0,4044778
0,3242156
0,05963093
-0,04300559
0,116188
0,06388383
0,782443
1,437872
-0,08948006
-0,278618
0,3207643
1,066107
0,09920323
0,3495758
0,7156696
-0,7079004
-0,2975692
-0,4641422
-0,6225106
-0,1820933
0,159089
0,5725894
0,8757758
0,08003455
0,1322302
0,2905375
0,2306325
-0,1323095
-0,7868527
-0,8301408
-0,5111234
0,2465745
0,8929764
-0,1651951
-0,01963389
0,102041
-0,2431706
0,1538477
0,5233365
0,5020941
-0,0256356
1,108384
0,5011124
0,3376712
0,7442308
0,1865502
-0,6053128
1,270118
0,6748783
0,6250016
0,8285496
-0,06440997
0,8046546
-0,4955357
-0,7289086
0,1401291
-0,7407776
-0,8450117
-0,2899177
-0,5301974
1,111901
-0,7211406
-0,8489729
-1,552407
1,12129
-0,3983632
1,018623
0,5276625
0,2475563
-0,8716133
-0,8161578
0,06793801
-1,529267
-0,7615936
0,4968289
0,1910896
-0,4884331
-0,7216817
-0,07601908
-0,7197288
0,7825966
-0,7508047
0,3674817
-0,7604373
-0,125324
-0,177902
-0,7936093
0,1247762
-1,059775
1,886705
0,07342696
0,6218757
1,08756
0,03913604
0,1853148
0,4656848
1,098038
0,2097998
-0,2240165
0,08516315
0,4314856
-0,03286594
0,04229723
0,3417981
-0,1977161
0,04301822
-0,6434822
0,1713203
-0,3294179
-0,9448296
-0,9891154
0,233918
0,1270017
-0,2639052
-1,042781
0,1616759
0,6123963
-0,5039482
-0,6088622
0,152017
0,02410859
-0,07833278
0,2808
-0,6003076
0,1164891
-0,517244
-0,6363188
-0,2792505
0,07428378
-0,5051405
0,7385721
0,4263991
-1,089968
-0,0341031
-0,2380626
0,04742931
0,03042935
0,1597019
-1,845091
0,1897391
0,8075739
0,3143651
0,5723729
-0,8677962
0,1448712
-0,6204244
-0,3909473
0,3823701
-0,8309775
-0,2977139
0,4397939
0,749538
-1,207181
0,05137765
0,06605089
1,236347
-0,6058614
-0,6072856
-0,5589945
-0,5801753
-0,09953065
0,2804398
-0,06070703
-0,1600488
0,1520969
-0,8232561
0,3803871
0,8794442
-0,3099527
-0,1588636
0,8957708
0,0997629
-0,5471758
-0,8837759
1,171356
0,5964445
-0,07504714
-0,4522113
0,3755621
-0,7828643
-0,9832773
-0,05035728
1,011367
0,5794774
-0,01328063
0,03989714
-0,9996181
-0,2479596
0,2636098
1,719749
-0,06677955
0,4400238
-0,644082
-0,4094803
-0,3229378
0,6660818
-1,175828
-0,6067997
-0,1722152
-0,669098
-0,1426936
0,2558832
-0,1521466
0,2105685
-0,3272114
0,05702165
-0,2352049
-0,9842367
0,6854326
0,562575
-0,6239375
-0,3473139
-0,2158677
0,2392398
0,2139655
0,3555431
0,278477
-0,2372017
0,08818416
-0,4832454
-0,07985795
0,4548218
-0,570948
-0,379014
0,3907683
0,4009761
0,04691321
0,01388961
-0,02714926
-0,0606872
-0,3625448
0,57741
0,140373
0,03261197
-1,008044
-0,7352931
0,2310903
0,1263387
1,205339
-0,3369133
0,2189879
0,8342818
-0,2996257
0,1785204
0,2697248
-0,8064278
0,8595861
0,3065178
-0,1257116
-0,121571
-0,2815099
-1,181509
0,9116503
-0,4658493
-0,2498227
0,5927673
0,01724374
0,4734348
0,1616686
0,2280365
0,09568864
-0,3733308
-0,2601642
-1,260691
0,2730125
0,9176583
0,2258558
0,561042
0,09443402
0,6705268
-0,2080846
1,042098
0,5103615
0,8048224
0,4201904
0,4094443
0,06933147
-0,1605184
0,08448856
-1,363291
-0,1757675
-0,598655
-0,9645231
1,722435
-0,01948512
0,5950664
0,1035728
0,1752531
0,510483
0,5566705
-0,08230978
0,5347053
0,009505853
0,02705914
0,549579
0,2257332
0,04329656
-1,148004
0,3575261
0,547854
-0,5122123
0,009120211
-0,2353729
0,3425449
0,9219312
-0,298261
0,2784683
-0,937857
-0,01739956
-0,381203
0,3377886
-0,1579264
-0,6462562
-0,2998693
0,05585794
0,5587707
-0,1073956
0,7449797
-0,9297389
0,3141055
-0,7471195
-0,6371925
-0,7102193
1,201205
-0,1198344
-0,3651021
0,5656381
0,18628
-0,4203047
-0,241048
-0,3282457
-0,7241446
0,3792835
-0,1904795
0,1914852
1,09302
-0,4914971
0,5790306
1,28524
0,1506406
-0,1957069
0,182947
-0,3315288
-0,3501583
-0,343996
0,1020829
0,4693143
0,578599
-0,9335723
-0,4086487
0,4030119
0,4137676
1,271773
-0,6975364
-0,7778643
-0,3510491
0,2878861
-1,063049
-0,3916731
-0,4095494
0,3441671
1,155406
0,09404504
-0,7180042
0,02017003
0,4223207
-0,3283385
0,003333315
0,4981833
-0,9979382
0,5168208
0,8349679
-0,08004445
0,1340863
-0,4725224
0,06681222
-1,063288
-0,05821635
-0,4231113
-0,09065843
-0,2134742
0,8423697
-0,1161975
0,04785948
0,7300125
-1,029567
0,6097379
-0,1639286
-0,4611992
0,9783368
0,3959324
-1,030164
0,3088188
0,1975295
-0,08504373
-0,6066868
0,03053802
-0,1635116
-0,4668883
-0,3035537
-1,766785
0,7225761
0,9076636
-0,02856487
0,4370987
0,5380392
0,231365
0,4469575
0,7044202
-1,029532
-0,6966199
0,2471034
-0,1820729
-0,2665345
0,06164312
0,9110387
-0,6227456
1,13456
-0,4298607
-1,195073
-0,2769341
-0,1657771
-0,34225
0,1323757
-0,1622623
-0,354517
1,000075
0,5885987
0,04128641
-0,1430121
-0,9572546
0,4732363
1,395263
1,089672
-0,6049968
0,130422
0,8680646
0,9175115
1,223622
-0,2938725
-0,08595367
-0,3653671
-0,1819985
0,3000158
-0,4198953
0,4928283
0,01465634
-0,1886534
-0,693552
-0,486883
-0,8344252
0,5572256
0,2103706
0,4136454
1,013648
1,236015
-0,4038842
1,425482
0,1981257
1,081764
1,201576
-0,1548868
-0,1644431
0,01133817
-0,8219076
0,2183149
0,1829843
-0,2752784
1,232238
0,0367229
-0,6440497
-0,9443631
-0,5519841
0,6569018
-0,1919216
-1,172407
-0,5033711
-0,5731542
-0,2120884
0,6885231
0,3872532
-0,2936887
-0,09299774
-0,1984469
0,07507287
0,1283211
-0,005511045
-0,04499537
0,1796446
-0,1961089
0,5844488
-0,01954418
0,2384863
0,3840165
0,1330103
0,5332541
-0,7798742
-0,2852583
0,2256069
-0,5151767
0,8983252
0,2363487
0,4013999
0,8877123
0,1281871
0,8423077
-1,343164
0,20854
0,4794868
0,1082152
-0,814784
-0,5414725
-2,68214
0,3674141
-0,7779271
0,5337097
-1,247055
0,01698476
0,4647322
-0,8815333
-0,4846849
0,9409714
0,2005164
-0,675674
0,7561654
0,2025237
-0,003000379
-0,481566
0,3196132
-0,9455047
-0,0586673
-0,2202036
0,2394978
0,675959
0,4917666
0,1340942
-0,1980593
1,650686
-0,6425159
0,04273611
-0,4206
0,9105512
-0,4466179
-0,2469125
-0,5386625
-0,7238464
-0,2178538
0,3535841
-0,1748651
-1,178918
-0,6251483
-0,03250599
-0,6010029
0,1398619
0,4150522
-0,701462
0,9451288
0,7435613
-0,559202
-0,003173351
-0,7795581
-0,524446
-0,3895386
-0,1988398
-0,001016453
0,928326
-0,2148545
0,1891096
1,149653
-0,2673032
-0,4200012
0,882359
0,7227799
-0,05720896
0,03199784
0,1556848
0,8211941
0,8018475
-1,133311
0,2167614
-0,2784365
0,6035681
-0,6083366
-0,9703413
-0,1461307
-0,1105052
0,3659531
-1,180869
0,3794223
-0,7749196
1,834334
-0,6565626
1,134602
0,07281624
0,4369876
-0,5407493
0,8949301
1,182201
1,077506
0,1579407
0,05679417
-0,4805314
-0,8495449
-0,1386091
0,2658023
-0,747416
0,0994795
0,4484553
0,1426777
0,6731192
0,478633
-0,349925
0,0986084
-0,401986
1,01932
0,2926902
-0,510939
-0,4465415
0,656611
-0,9695163
0,3092121
-0,8817343
-1,635262
-0,5686596
-0,5148986
-0,9094821
-0,8613566
0,2496884
-0,9568563
0,07182114
-0,08092113
0,5003531
0,750113
0,07581644
0,1153729
-0,5681841
-0,5183165
-0,5615459
0,3984182
-0,1046596
0,4867935
1,286593
0,6932991
-0,6149228
-0,5913578
-0,2002649
-0,4260705
0,3919941
0,1695212
-0,670849
-0,2315648
-1,098425
-0,01071423
-0,3101749
0,1804261
-0,1404758
0,06415683
-0,06217051
0,8128636
0,1683747
0,2647464
0,3033702
-0,01560032
-1,473153
-0,7171314
-1,198638
-0,6807247
-0,1069017
-0,3909679
0,840534
-0,05217256
-1,386509
-0,9377894
0,4678908
-0,2957821
-0,1625353
-0,1339795
0,05423617
0,3841415
0,3120124
0,03094202
-1,12039
0,1893575
0,07117903
-0,9479203
-0,856033
-0,2199563
0,7573515
-0,618683
-0,3933071
0,3383929
-0,1284821
-0,3581516
0,2262217
-1,324782
0,4544265
0,1391613
0,5335244
0,3625851
-0,8618749
0,6509627
1,114523
0,1925434
-0,6319733
-1,159055
-0,7108236
-0,4918583
-0,4594564
0,07473296
-0,3336893
0,0002192855
-0,8129377
0,1903924
0,4520343
-0,6452371
0,1270356
-1,342248
-0,04729491
-0,4217935
0,3631595
0,6686992
-0,4264492
0,2220894
1,714861
-0,21693
-0,1265693
1,000437
0,9120415
1,746449
0,007523462
-0,7943404
-1,365581
-0,1865274
-0,7032702
0,3630404
-0,1153758
-0,2544777
0,01728646
0,4701449
-0,2061075
0,2658707
0,3649544
0,3141821
0,1494714
0,3698199
1,039962
-0,5675569
-0,1473614
0,8801807
0,5264907
-0,07817531
-0,6794224
-1,013938
-0,4049896
0,2115059
0,6637728
-0,5985527
-0,2587519
-1,036775
0,06531578
-0,8144567
-0,1200115
-0,6159517
-1,04847
-0,5635956
0,1735079
-0,4686911
-0,220928
1,412354
1,525564
0,0006327033
0,01139432
-0,9599463
-0,3769343
-0,2703912
-0,3931773
1,295643
-0,8240434
0,2429494
0,6818507
-0,07609029
-1,367997
0,8231654
0,0589726
0,9687355
-0,8346773
0,248957
0,7529646
-0,3035208
-0,1976497
0,7767749
1,27529
0,2059932
1,254855
1,354807
-0,4785599
0,0421555
0,8046684
0,3083774
-0,118195
0,122144
0,6270952
-1,365631
1,002002
0,2953731
-0,4141982
-0,1313242
-0,6744392
0,1933399
0,624492
-0,298429
0,004194379
0,6013691
-0,08526754
-1,118321
-0,511058
-0,2204931
0,0581134
-0,4074925
0,5955803
0,08850795
-0,1761683
-1,411432
0,9612964
0,1603335
-0,2882035
-0,2244489
-0,6667314
-0,3523352
0,0206418
-0,8666763
-0,2123875
-0,8417837
-0,4358484
-1,465299
-1,351413
1,00326
0,1013976
-1,048434
0,5453749
0,4862012
-1,05063
0,05861479
-0,1150474
-1,420965
0,2500825
-0,4922376
-0,5390578
0,6491845
0,5210448
0,7468408
0,07689206
0,4846029
-0,6636645
0,6003259
-0,001252949
-0,03278148
-0,7632343
0,2208525
-0,07503626
-0,08432496
0,3297762
1,13699
0,349131
0,2844043
-0,3344256
-0,2681566
0,4862382
-0,6178216
-0,5572417
0,2695776
0,3343706
-0,3568618
-0,7476221
-0,5075282
-0,0429346
0,2923881
0,7025141
-0,8232688
-0,02728409
0,4901629
0,7924948
-0,03772575
-0,2660096
-0,3835676
-0,7699699
-0,2473074
-0,2319575
-0,7477465
0,1396114
0,09783989
-1,002015
0,7410311
0,7617468
0,6267831
-0,01289059
-0,2239456
-0,5806074
0,4565056
1,4329
0,4556684
1,006546
0,799449
-1,250663
-0,0816642
0,07816915
-0,2496582
1,579143
-0,9869001
0,5712567
-0,6883596
0,5527542
0,08427191
-0,2337481
0,7373857
-0,6520463
-0,8350458
-0,6067523
0,7879783
-0,2803509
-0,0860042
0,5729492
-1,134719
0,3679681
-0,336365
0,1225727
-0,1390871
-0,1953817
0,1924424
0,7527263
0,06545459
-0,9848686
0,213168
-0,02919126
0,09842557
0,5415877
-0,2345466
0,3245459
0,05619805
-1,950921
-0,2585741
-1,567756
-0,7781645
0,6208897
-0,4246956
-0,1146849
0,7230883
-0,4679269
0,2376068
0,6402504
-0,5028803
-1,013196
-2,195089
0,6456648
-0,0213995
0,2070399
-0,5354925
0,3240421
0,3417411
0,8289298
-0,791613
0,4919441
0,1572538
0,08923018
-0,3502982
-0,2181242
-0,933515
0,8162416
-1,731577
-0,7500896
-0,9576644
-0,06985271
-1,092007
-0,1961393
-1,054277
-0,3273773
0,7296229
-0,2136992
-0,157198
-1,1947
-0,436513
1,317467
0,7496635
-0,4718617
-0,4963914
0,3888929
0,6817465
0,2722836
-1,004941
-0,6421176
-0,7185291
-1,939734
-0,2241808
0,6639864
1,117887
0,3393383
0,1855994
0,08846337
0,0820186
0,578509
0,5614175
0,1428451
0,884236
-0,07308425
0,3759974
-0,4974495
-0,1662683
0,1372466
-0,109696
0,2952225
-0,3859695
-0,7713868
0,3535649
1,06102
-0,1154141
0,3171765
-0,4026632
0,1853682
0,8208818
0,06475359
-0,09259486
-0,6199394
-0,6956003
-0,4037113
0,5877615
-0,3400236
-0,9286504
1,125633
-0,9349211
0,04200757
-0,1727636
-0,4734015
1,871482
-0,7098725
0,2575936
0,3690999
-0,8188097
-0,1053699
0,1903878
0,6861538
-0,6968005
-0,1792591
0,653231
-0,8463792
-0,5151163
0,513382
-0,4759053
-1,525197
0,5151143
0,9403313
-0,3490692
-0,7774182
-0,7017184
0,8193634
0,3599283
-0,4390969
0,4933436
0,2207737
-0,3501446
0,7320597
-0,6489237
-0,01863086
-0,3283361
0,1499286
-0,11169
-0,8280499
0,2170402
0,2405516
1,105121
0,4267814
-0,6466365
-1,107217
0,2393264
-0,7305284
0,1933619
0,4006247
-0,1177526
0,2323156
-0,2859795
-0,02141756
0,6736993
0,1444133
0,5579174
0,2478051
-0,8861461
0,3260364
0,1757285
0,1884615
0,767328
0,4105638
-0,08186692
0,2038766
-0,1450121
-0,05555995
-0,1638137
0,06580947
0,6837478
-0,01867145
0,7495414
-0,252403
-0,659622
0,1888152
0,6592687
-0,03315438
0,8151172
0,7706146
0,04272583
-0,3329076
-0,3890998
-0,2925131
-0,1371655
1,296394
-0,9228436
0,3527287
1,048192
-1,14608
0,6121081
-0,3437704
-0,01709294
1,355879
-0,3670927
0,4183015
0,6114835
-0,05661048
0,440744
-0,4193339
0,2456403
-0,2242045
-0,09624143
0,1250942
-0,3573529
-0,03075004
-1,209424
-1,603524
-0,3600128
-0,637888
1,19112
-0,1695317
-0,3581433
1,744926
0,169513
0,588689
-0,2209625
1,113196
0,7701607
0,6101724
0,9299365
-1,021129
-0,4462385
0,9691648
-0,2805856
0,3346012
-0,8506491
0,181118
-0,9265141
0,4563445
0,4487441
0,4366546
-0,5427366
-0,1625395
1,108454
-1,496837
-0,5404696
-0,1788085
0,01345819
-0,8415359
0,2668608
0,1734214
-1,335085
-0,1527573
0,04763018
-0,5607105
-0,104678
0,3496653
0,8140219
-0,9479145
-0,3697881
0,3532431
0,8813542
0,282602
0,5085462
0,4925666
0,1859773
0,5708577
0,3609753
0,8570859
0,04385546
-0,2702236
1,920357
0,7646478
0,603884
-0,4812804
0,4754652
0,6260124
-1,418601
0,03262907
0,3804693
0,06701612
-0,1333988
-0,3066658
-0,1907526
0,1723083
1,159026
-1,190278
0,4121636
-0,1742666
-0,2524387
0,3620378
0,5546094
-0,2124711
-0,3735349
-0,1279772
-0,7237743
-0,7884915
-0,2858985
-0,7156308
0,2422152
0,06541753
-0,0603171
0,6496703
-0,9236944
-0,560959
-0,03773713
-0,528236
0,5546873
-0,01020534
0,909887
0,4647804
-0,5056179
1,192209
-0,2104928
0,2424306
-0,2555192
-0,2739894
-1,321547
-1,53708
0,7893624
0,7126119
0,362808
-0,3302881
-0,1157081
-0,4298335
1,091993
0,03178352
1,130669
-0,01159352
0,414203
0,5125111
-0,4301479
0,2726462
0,6105414
-0,7243124
-0,06545633
0,6519526
-0,01399358
-0,004659787
0,3284106
1,111376
-0,2266253
0,2315169
-0,06655794
-0,2781052
-0,2121639
-0,06147933
-0,2724161
-0,9422721
0,5474855
-0,8012714
-1,133617
-0,2123016
0,4707891
-0,5592629
-0,04748465
0,06420732
-1,05634
-0,4909887
-0,1436672
0,949218
0,0549956
0,03520569
0,6579507
-0,3250566
-0,7942144
-0,5484391
-0,2207744
-0,9508932
-0,08788925
-0,594542
0,1691079
-0,6822392
0,09766257
-0,06933641
-0,3365983
0,5659766
-0,7433525
2,500546
1,087515
-0,8713039
-0,5648776
-0,1560622
-0,4470283
0,2001103
0,5001521
-0,04849058
-0,4841849
0,2667874
0,4676335
-1,375868
0,3268676
-0,05341931
0,4027771
0,226254
0,255323
-0,02032806
-0,02952111
-0,6555363
-0,07650061
0,3133967
-0,03512585
-0,02101213
-1,473022
0,1998796
-0,07210316
0,2789424
-0,3313673
0,1029876
0,1546757
-0,2981428
0,2758502
0,03273803
0,01378453
-0,5114471
-0,629051
0,3768134
-0,4331031
-0,4956072
-0,4903905
-0,3347687
-0,2023894
-1,280742
-0,05627173
-0,4745619
-0,8676788
0,611783
1,622768
0,1133182
-0,6103286
-0,04026866
0,4403851
0,553262
2,039102
1,099795
0,05522077
0,1769332
0,2359504
-0,2948885
1,121713
-0,7840279
-0,08337569
1,034553
0,7258101
0,24872
0,5815361
-0,1665705
1,433634
-0,6461042
0,7612226
-1,047887
0,674159
-0,06537409
0,3812101
-0,3615576
-0,9844244
-0,02023657
0,5377111
0,3448895
0,1717868
0,7415383
-0,8884097
0,6284582
0,1303714
-0,02009875
0,9646832
0,7549801
-0,1061946
-0,1766856
-0,32001
0,08669247
0,1028517
-0,2341947
-0,4578938
0,3786024
1,139686
1,382815
0,1704539
1,074234
0,8233705
-0,4507662
-1,072943
-0,2635621
-0,5980766
-0,6480366
-0,3128314
-0,05599988
-0,3432627
0,2554353
-0,1689614
0,7194338
0,1548361
-0,8888454
0,01904923
0,2940716
-0,4200055
0,3029623
-0,302285
0,2884883
0,5498604
0,1210548
0,3112044
-0,7148128
0,8479435
0,7396772
0,99449
0,4313442
0,5589027
0,1907915
-0,9358012
0,3282858
1,105083
0,2918974
0,3652042
0,3112448
-0,2245627
0,6878853
-2,255882
0,5866138
-0,3407647
0,1117656
0,864828
0,04409721
0,2347547
-0,6895031
0,7464099
-0,1618004
0,3373384
-0,6477655
-0,4553403
-0,279513
0,5742614
-1,192736
-0,4757084
0,4958098
-0,7042956
0,4778522
0,4531152
0,1912199
0,9225586
-0,4375829
1,687793
0,1335063
-0,2155194
0,07036346
0,1532804
0,1554483
-0,09292507
0,7087896
-0,790193
-0,5739345
-1,184023
0,6593558
-0,2351371
0,6146421
0,2313289
0,00720793
-0,1107095
-0,3346784
0,5170741
-0,07805419
-0,9037665
-0,2632046
-0,7225276
1,254076
1,184242
0,07806194
-0,8103149
0,2904148
0,08349466
0,5038425
0,2204032
-0,8362189
1,147973
0,452221
-0,4225579
-0,4290735
-0,2814003
-0,6677817
0,03870112
-0,04538077
-0,7291195
-1,405876
-0,8224707
-0,4329484
1,612313
-0,1529898
0,07693249
0,2084951
0,4030126
0,1205562
-0,2075596
0,1205341
-0,4362069
0,7925732
-0,8071947
0,1723149
-0,426191
-0,8941973
0,3919882
-0,6963513
1,07828
-0,03458184
0,5663679
0,1124243
0,7459415
-0,1312859
-0,6494486
0,6714782
0,03805876
0,1122229
0,5896502
0,2858831
-0,4262014
-1,057636
-0,2545329
-0,6157501
1,20446
0,3156534
-0,3701698
-0,3795918
0,9579914
0,2410447
1,608438
0,05325148
0,372319
-0,7967238
-0,6884432
-1,430808
0,2876818
0,5875146
-2,124005
-0,4126875
-0,5472702
0,9206926
0,9634325
-0,08903074
-0,5003346
-0,934534
0,02199858
0,2046939
0,4812041
-0,9070052
-0,06611943
0,03301607
-0,06070709
-0,4664183
0,006175503
0,4026991
-0,7461317
-0,09262526
0,7536949
0,3795329
0,7717292
0,168163
0,2896106
1,659998
-0,5493125
-0,04403645
0,04671776
-0,752333
-1,698681
0,3190773
0,2995625
0,2580448
0,5185575
0,1676547
0,2455837
-1,903067
1,40529
-1,064891
-0,5187079
0,8480963
0,9097037
-0,03273657
-0,464659
0,07592669
1,361807
-0,6930895
0,8178445
0,3634884
1,708235
-0,6913158
0,8283923
0,5782947
0,5211099
-0,7338933
0,02191943
0,1458415
0,3881282
0,2743309
0,478438
-0,0383634
-0,2551176
0,965517
-0,2846826
-0,9116587
-1,316147
-0,7754927
0,386776
-0,6294242
-0,1808553
0,2380962
-0,6250979
-0,3706564
-0,7381646
-0,3965183
0,2931564
0,5887138
-0,2035408
-0,753028
0,3993563
1,087659
1,090103
0,2722336
-0,4898726
0,2560576
0,5938565
-0,741625
0,9528304
0,4282199
-0,3080006
-0,570091
-0,6450779
-0,9399305
-1,212476
-1,269255
0,05698912
-0,282706
-0,7604127
-0,2141557
0,322348
0,2443984
-1,344187
-0,1352473
0,1816022
0,3297199
0,3946288
0,1472273
-0,4589633
1,124669
0,1324543
0,4263026
-0,1254957
0,3542987
0,1341573
-1,059347
0,1940541
-0,775866
0,3906885
0,4622906
-0,5289816
0,4759763
0,8498511
0,2352267
-0,5427558
0,4076756
0,6208384
0,06036097
0,01041993
0,2708953
0,476067
-0,08051425
0,9388958
0,1078607
0,1057309
0,7447161
0,1449992
-0,61335
-0,1340379
-0,1699126
-0,2940263
-0,3409433
0,6317763
0,5955196
-0,1991541
-1,02575
0,4256274
-0,01126933
-0,5943202
-1,766504
-0,2057482
0,5089647
-0,8503723
0,1217517
0,324861
-0,8438082
0,5979884
-1,198281
-0,3718379
1,178438
-0,04270124
-0,3301392
0,4728248
0,5148166
0,8894932
-0,2019347
-0,2361379
0,5774144
0,2957906
-0,6003786
0,1702917
-0,6573082
0,2726411
-0,2171526
0,789307
0,1384916
0,3431412
0,1748469
0,7054306
-0,4611124
-0,1871952
0,3108389
0,8602905
0,5509416
0,07116818
-0,0382756
0,5025738
0,5446394
0,5473533
-1,081269
-0,3901468
-0,3601347
0,2730959
0,3518968
0,2210164
-0,3214632
-0,5869724
-0,6320837
-0,1805148
0,9820372
-0,04031676
0,9413155
0,2694642
0,3996697
0,06120312
-0,2414057
0,1974569
0,1726626
0,683928
0,02995996
0,3899956
-0,09424216
0,2658722
0,9225823
0,7135424
-0,1779199
0,4227288
0,07812963
1,146222
-0,461719
0,3840666
0,2718405
0,7463742
0,18541
-0,906295
0,8629513
0,08255965
-0,05148697
0,6165034
-0,2057406
0,6849596
0,2460614
0,6737304
0,210569
-0,3176956
0,3796438
0,605562
-0,8485481
-0,1902458
-1,272296
0,5989662
0,1026405
0,04764855
-0,70863
-0,601863
-0,4631301
-1,204426
-0,0349644
-0,3671219
-0,2187622
0,9122958
0,03774691
0,4587004
-0,3998922
-0,06756432
-0,8535598
-0,4254963
-0,3139973
-0,4416065
0,5277346
0,2264278
0,3478054
0,4503155
0,4455316
-0,058837
-0,5543586
0,09201281
-0,1258816
-1,266854
0,6870884
-0,8909194
-0,4039863
-0,7369844
0,2706027
0,9423727
0,4610245
-0,1621836
1,209895
-0,4954402
0,4558794
-0,3518425
0,5144418
0,2108505
1,387065
1,015401
-1,253525
-0,2968699
-0,2679179
-0,2758756
-1,069061
0,7991256
0,5985206
-1,690806
-1,101796
1,068865
0,9527017
0,6830778
0,5293376
-0,9022186
-0,4003867
-0,8769993
-0,03235546
0,8709931
0,02070761
0,1983913
-0,6252642
-0,2644099
0,6016133
-0,09195107
0,559532
0,2158105
-0,492945
-0,9515645
0,6829714
0,305773
0,7689955
0,4557427
-0,8383902
0,6410449
-1,149991
0,5153869
0,7456847
-0,07345605
-0,2655588
-0,8231249
1,163433
0,9299247
0,08159429
0,9970316
-0,2330796
0,1425863
-0,4096602
-0,6788412
-0,346268
-1,121997
-0,2085035
0,4144056
0,9480771
-0,3264578
-0,4253761
-0,6155761
-0,4553263
0,4099664
-0,3796993
-0,1080582
-0,287899
-1,017129
0,1535519
0,06547666
0,2585371
0,1171224
-0,6120431
0,8103791
0,2020412
0,2802799
0,2807855
-0,2109182
0,8453919
0,4557794
0,6720404
-0,3840775
0,5404558
-0,8261654
1,104198
0,03940958
0,03344071
0,05777985
-0,5711692
0,1731567
-0,6206918
-0,3273304
0,1735605
-0,7138894
0,1729809
0,6227171
0,1353178
-1,421293
0,1512079
-0,2057469
-0,602429
1,22936
0,8875382
0,1021971
0,3118057
0,5736777
-0,06120105
-1,138787
-0,1398828
0,2865897
0,1961567
-0,8161895
0,2767344
0,1927129
0,9103481
-0,1871206
-1,070425
-1,272562
1,110603
-0,722984
1,664442
-1,034063
0,1196453
0,1933011
-0,1682137
-0,8200862
0,3295963
-0,2005002
-0,235608
1,556736
-0,5243412
0,2864557
-0,09267111
0,8373725
0,08626533
-0,1895127
-0,6702378
-0,7386751
-0,3608627
-0,06863827
-0,27911
-0,1671448
0,3510895
0,413689
0,7289965
-0,2455861
0,5497226
0,3854569
-1,020356
-0,8768916
-0,3202457
0,170325
0,5584589
-0,01106377
-1,380981
0,1882869
0,7535647
-0,2692135
-0,4714631
-0,6284808
0,8708313
-0,03541893
-0,07949771
-0,323108
0,4408318
-0,1036146
0,9154328
-1,066866
-0,9661957
0,7745428
0,4379053
0,8353311
-0,007758439
0,3273389
0,2295296
0,128643
-0,4040225
-1,095976
-0,6690581
1,007108
-0,3405924
0,5510177
-0,1830691
0,1040058
-0,8109475
0,5191296
-0,8336471
-0,2538226
0,5141996
-0,06250417
-0,5279602
0,116316
-0,415336
0,1701618
-1,308582
0,7717496
0,358679
-0,846593
1,144396
0,002440631
-0,7700064
1,152393
1,183503
-0,4340835
0,2406346
-0,5518898
0,1337943
-0,4890155
-0,1595397
0,01749288
-0,113849
0,4231035
0,1840091
0,07364602
0,5186886
1,299851
0,2022769
0,9323506
-0,04172923
0,1177262
-0,3162602
0,5892013
0,05714732
0,1900665
-0,04200667
0,7496315
0,4403468
0,2864436
0,9901376
-0,2755769
-0,4157608
1,266593
-0,3169817
0,03879076
0,753769
-0,5046358
-0,372113
-1,119719
1,240662
-0,3597358
0,4437089
-0,01566797
-0,4223343
0,05655801
0,7283224
0,8625342
0,7972536
0,2942321
-0,05818838
0,2142456
-0,6624939
-0,5628065
0,2532166
-0,776094
-0,5117899
-0,8453056
0,2346181
-0,2663922
0,828823
0,7386464
-0,08492233
-0,2311025
-0,1880486
0,3188975
0,2776612
-1,523724
-0,4092659
0,2452969
-0,2934151
0,411252
-0,1619257
-0,2922402
0,9383947
0,02133018
1,918185
-0,2341935
0,0711602
0,1989614
-0,1599051
0,5181789
-0,1327195
-0,1504912
-1,263413
0,4612308
-0,2072384
0,6397899
-1,683385
-0,06621045
-0,4348658
0,01193821
0,962316
1,16962
0,4781535
-0,1088557
-0,8459631
1,266923
-0,09269094
-1,326752
-0,3296208
0,201023
-1,215421
-0,4458565
0,4626809
0,5122931
-0,736756
-0,8146706
-1,5163
-0,8020217
-0,127704
0,6909475
-0,3131523
0,7877988
0,4192436
-0,2145825
-0,08408244
0,9941881
-0,1547707
-0,1517059
-0,01537907
-0,1024427
0,1607522
-2,157982
0,3849728
-0,6328504
0,09914464
0,8804368
0,3998415
-0,2700521
-0,03732216
-0,8911743
-0,8072129
-0,02171302
0,6009789
-0,7388506
0,4727057
-0,3227093
0,7044064
-0,2008693
-0,2912303
-0,1688421
0,1017756
0,4217771
-0,1698027
-0,4919545
0,4048206
0,3675925
-0,1984253
-0,7660768
0,4005308
0,426548
-0,5373127
0,7287861
0,3355499
-0,09304321
-0,1630116
-0,08746451
0,5939844
-0,06597805
-0,2042709
0,2438172
0,6688763
1,751035
-1,01512
-0,3950905
-0,7065359
0,5331144
1,611633
1,903529
0,9336191
-0,2561761
-0,018112
-0,7841968
0,7958933
-0,5188673
0,6999791
-0,2571146
0,2578742
0,3352231
0,4841691
-0,5621349
0,6399134
-0,7032847
-0,7323686
0,4782416
0,4419724
0,3044287
-0,8534696
-0,3490705
-0,5112401
-0,973609
0,2937313
0,201857
0,8614413
0,6222302
0,6751072
-0,7655587
0,0321095
0,1717615
-1,68996
-0,5345493
-0,0159352
-0,04714781
-0,3823962
0,1276453
0,7664556
0,3705407
-0,3024259
0,8327163
-0,1250411
0,8617891
-0,6457959
-0,0874958
-0,7012918
-0,1925697
-1,029076
0,4363172
0,1693417
0,6529701
0,09256792
0,04353702
-0,7657349
-1,420869
0,09435755
0,5445427
-0,09297234
0,2096338
-1,420275
0,2211435
-0,4236033
0,615733
0,8710355
0,481514
0,2741879
0,01982169
0,5497509
0,5837798
-1,289001
0,7141723
-0,5093271
0,6412313
-0,04053122
0,857022
-1,00566
0,09444749
-0,00148356
-0,1593446
-0,3982513
-0,01543826
-0,2347663
-0,04988636
0,5645718
-0,07481444
-0,5809834
-0,1072922
-0,3456708
0,5845996
-0,7185801
0,5857285
0,2494705
0,2532607
-0,1816077
1,171427
0,3690715
0,4512661
-0,3952307
-0,5148448
-1,351741
0,2417979
0,8974602
0,2935984
-0,4953154
-0,5134991
0,07531202
-0,4473604
0,5273769
-0,5705249
0,1244223
-1,023808
-0,1621646
-0,2139354
-0,3772135
0,3929237
0,07453674
-0,1941731
-0,6446996
0,7474486
-0,2431214
-0,5455857
-0,08741212
-0,5238875
-0,6451209
0,3299839
-0,4927021
0,2525942
-0,1103567
-0,1864033
-0,1549142
0,7166601
-0,2727525
0,5299686
-1,402964
-0,08353926
0,5061316
-0,8264707
-0,3958935
-0,6061587
-0,7069575
1,113377
1,008948
-0,2818708
-0,7746539
-0,1737691
0,234307
-1,020031
-0,1592704
0,3189383
-0,2761992
0,9515249
0,7125812
-0,4327273
0,7875676
-0,8826507
-0,1673105
-0,715856
-1,086225
0,1324534
-0,4086492
-1,174992
0,2761993
-0,6104971
0,2138122
0,1868248
-0,5749248
-0,2696993
0,51452
0,9318383
-1,450341
-0,6796758
0,385536
0,3168765
0,2134831
-0,4284953
-0,7316713
1,055802
0,479108
-0,3862955
-0,1545563
0,5080007
0,7159016
-0,4169521
0,6159937
0,6389475
-0,2675909
0,2138013
1,492281
-0,09946853
-0,1305942
-0,5721152
-0,1367639
0,3763703
-0,2496333
-0,201377
-0,9213828
0,6199943
0,5619009
-0,4296293
-0,5130205
-0,3810102
0,5030991
0,3979467
0,1030743
0,6619608
0,6759373
-0,08174258
-0,3083085
0,1034451
1,07041
-0,5059581
0,198082
0,003680587
-0,8701691
-0,05734867
-0,179445
0,199118
0,8543395
0,1191161
0,2706491
0,4313603
-0,3996059
-0,4467949
-0,8557233
0,4633679
-1,281251
-0,275178
-1,553042
0,2988536
-0,07880402
0,06192774
0,4575195
0,2653785
-0,3156625
0,1219175
-0,06339002
-0,03465033
-0,28295
0,2281443
-1,420578
0,0628529
0,4004546
1,048147
-0,2553774
1,071383
-0,3018045
-0,07820588
0,220556
1,332532
0,4568007
-0,1042283
0,6564149
-0,365544
0,6753521
-0,8263763
-0,01452613
-0,3571934
0,1691619
0,6101493
0,5886883
-0,07516009
0,428341
1,126497
-0,2218967
0,1283465
0,676297
0,3361474
-0,3148973
0,8186395
-0,7919785
0,1118782
0,5514189
0,197675
-0,8488619
0,1638604
0,7908211
0,07983594
0,5138489
0,6979564
-0,2345702
-0,07937378
1,237877
0,02584887
-1,556377
0,7770591
0,6322189
0,09770934
0,2699798
0,01652771
-0,2761329
0,7301488
0,002027571
0,7174779
-0,6796947
0,07994203
0,186904
1,037311
-0,1986899
0,0875586
-1,038375
0,03272974
1,12947
-1,408671
-0,6458861
-0,6795499
-0,3627315
-0,6062112
0,9543293
0,3541956
0,484777
0,02946544
0,858496
-0,005609512
-0,892277
-0,3636048
0,2362135
0,8392906
0,3241011
0,5901886
0,6070598
-0,7074429
-0,3861048
0,4965121
-0,4708902
0,7216253
0,3227445
0,7784516
0,4085282
-0,4173211
0,6730799
1,010277
0,5395973
-0,2776327
-0,02792495
-0,9874185
-1,753184
-0,3188263
-0,4737648
-0,009208143
-1,526688
-0,1981096
-0,3763205
0,724247
0,4408081
-0,02390158
-0,149443
0,3715211
0,4140918
0,03163753
0,4061056
0,8206472
0,256083
0,7797827
0,9926734
-0,9970586
1,202881
-0,4509888
0,7815408
-0,7511966
-0,02846637
-0,6231762
-0,6094692
-1,133532
0,9249617
-0,4696331
0,1812031
0,009286284
-0,8281407
-0,163288
0,5166505
0,1489308
-0,1643202
0,2321269
0,4572898
-0,2973591
-0,6383246
-0,1248256
0,08473073
0,7215844
0,8563533
-0,5294158
1,099988
0,4125993
-0,5163676
-0,8027059
0,3970754
0,1334057
-0,1365303
0,2062286
-0,8134822
-0,0834893
-0,3028313
0,6489192
0,2099273
-0,2863693
-0,008911133
0,8810402
-0,660128
-0,134918
0,02807504
-0,5318113
-0,3766198
-0,1898854
-0,7480972
-0,6713488
-0,1663993
-0,2633067
0,03591967
0,08822989
-1,938465
0,919513
0,3201954
-0,05692783
-0,6006459
0,08515505
0,8559101
-0,01992233
0,4051896
0,1181424
0,6636037
-0,4499345
0,4946324
0,0009121895
0,6952999
0,1870842
0,01115704
0,9544706
0,4814097
-0,4422159
0,5008637
0,2435548
-0,1862651
-0,5383242
0,004809678
-0,3060001
0,005668283
0,04064658
0,4055592
0,3685532
-0,326503
-0,1517167
-0,5416588
-0,3460211
-0,0869735
1,274086
-0,7247673
-0,5967305
0,4737748
0,4733724
0,768004
-0,3416739
0,3785874
0,2624708
0,9701238
-0,3648772
0,2298012
0,4018913
-0,3077208
0,4539784
0,3109818
0,2317265
0,4198972
-1,055138
0,3945522
-0,3702006
0,6739432
-0,1538825
-0,4124942
0,8012486
-1,081867
0,394367
-0,8781397
-0,4729088
0,2487043
-0,6440462
0,7167656
0,5771459
-0,3673053
0,13354
0,263677
-0,9345104
0,1617277
0,4375055
0,1656048
-0,3534566
-0,4876109
1,420582
-0,3582624
0,02382219
-0,8973644
-0,8596951
-0,3608409
-0,5353118
0,3247556
0,685277
-0,1656178
-0,4022486
0,5192435
-0,3875846
0,4079967
0,4731785
-0,1786248
1,172087
0,1881316
0,02848941
0,3102253
1,02839
-1,071781
-0,9755654
0,296222
-0,2763672
-0,2558431
1,45926
0,6971767
-0,377665
0,4424574
-0,6705987
0,7915226
0,03322749
0,3528041
0,08551931
-0,03886074
-0,06124938
-0,6083478
0,30571
0,3304125
0,3647487
-0,1008857
-0,197032
0,5030422
-0,5239885
-0,4529461
-0,02279246
-0,2842574
0,5269052
0,8213451
0,2426375
-1,404912
-0,2352959
0,5801997
-0,03449786
-0,4903878
0,4232
-0,7208136
-0,2359357
-0,1132892
0,2829118
0,2270367
0,8255587
-0,4122319
-0,3031397
0,3053803
0,3738517
-0,2756953
0,0226624
0,01667368
-0,2288798
-0,1648318
0,694089
-1,096081
-0,2975678
-0,6807235
-0,9723285
-0,5019585
0,8641739
-0,2508946
0,03052455
0,09493452
0,2559156
-0,3404391
-0,2106223
-0,4597276
-1,393665
0,1397358
0,2860067
-0,2954405
0,2517995
0,1329733
-0,06225367
0,2419637
0,2858053
-0,6302341
-0,2707816
-0,4929457
0,06516939
-0,5721334
0,3568094
0,2860345
-0,7415175
0,6705299
0,2094076
-0,2296323
-0,02232832
0,1400968
-0,8275121
-1,062204
-0,8381785
0,487116
-0,5965511
-0,05219722
0,1300554
0,5524797
-0,07564604
-0,1838641
0,1324328
-0,09558417
-0,000914827
0,01690292
-0,258361
0,02109927
0,6945938
-0,3899494
0,2963372
0,4264373
1,432373
-0,8215848
-1,193735
-0,5132874
0,7037869
-0,1549316
-0,1786556
0,9879673
0,5474023
-0,1671109
0,1911716
0,005654216
-0,7610263
-0,4910172
-0,931521
0,8231262
-0,3928808
0,9387701
0,2467242
-0,8226522
0,8125479
-0,6931453
0,009954035
-0,05515802
-0,3632058
0,3922562
0,04082805
-0,9376583
-0,08162363
0,3110762
1,040271
0,7748901
0,4085862
0,2128854
0,2887652
-0,06434155
0,7972335
1,386288
0,09872532
0,07134956
0,5261002
0,04987884
0,2992221
0,6077586
-0,2185808
1,068069
0,4529985
0,6350934
0,8003251
0,09918189
1,372162
-0,4081318
0,610347
0,8733768
0,06424575
-0,5624677
1,692013
-0,3015686
0,3279015
0,5470042
0,899632
0,4804682
0,08253777
0,864735
-0,1715385
0,2303761
-0,1000933
0,442616
0,2311087
-0,4755218
1,047667
0,3658747
-0,188213
-0,4635329
-0,4828522
-0,1398369
-0,7459015
0,06827638
0,8513875
0,1175843
0,850535
0,4682808
-0,5999965
-0,01023704
0,3539668
0,6860574
-0,03727467
-0,3130645
-0,3893574
0,4147165
0,2231242
-0,6518191
-0,979169
0,3655556
0,2631586
0,6836739
0,8128148
0,5946635
-1,661526
0,142411
-0,4802704
-1,236883
-0,4804344
-0,9364486
-0,2805088
-0,2908764
0,6877298
-0,9439702
-0,3779513
0,1097946
-0,6965731
-0,6739087
-0,1632193
0,2718347
-0,5769243
0,01458001
0,2497116
1,00923
0,1754509
0,3664288
0,7351797
-0,5886254
0,6996901
0,06270497
-0,1191733
0,1149132
-0,1001725
-0,2090782
-0,2652398
-0,2279277
-0,9007715
0,004631281
-0,5121545
0,8010368
0,5841777
0,8760063
-0,4396545
0,5357763
0,1665998
-0,1004926
-0,1124488
-0,5699096
-0,5401987
-0,7636222
0,2832862
-1,004653
-0,4753677
0,4788041
-0,85598
0,132881
0,07391822
0,5125335
0,4527104
0,3426344
-1,361268
-0,6854458
-0,5821821
-1,013409
0,3346698
1,12416
-0,1015859
0,02565932
0,7560194
0,5823703
-0,8487424
-0,762217
-0,1674908
-0,5694778
-0,3451293
0,7764654
-0,8993015
-0,4184141
-0,3271856
-0,6722282
-0,006475225
0,2626645
-1,999537
-0,7699389
0,9781665
-0,5388163
-0,3780984
-0,783906
-0,8273787
0,4211782
-0,8882853
0,09374988
-0,1608258
-0,3670809
-0,1538631
0,6424269
0,05692229
0,3770778
0,3553938
-0,03431147
-0,9264775
0,1289269
-0,5048255
-0,02774984
0,6170275
0,1084262
0,7105135
0,2298893
0,2477244
0,3461196
-0,2796538
0,2885614
-0,785768
-0,3381451
0,133165
0,03903633
1,299661
-0,02685672
0,4974407
-0,5474844
0,629228
0,4291975
-0,6769843
0,316469
-0,5079088
0,02708548
-0,4034951
-1,271116
0,06631446
0,1959932
-0,7777617
-0,2450529
0,02852349
-0,3734863
0,323278
0,06298643
-0,4392118
-0,4414742
0,1548855
-0,9140919
0,5373046
-0,5795333
-0,7791253
-0,04607487
0,5175477
-0,3948821
-0,06852454
0,5806372
-1,158088
0,3864392
0,326697
-0,7869498
0,373468
-0,345816
-0,05975419
0,8442696
0,3678573
-0,1540618
-0,1288887
0,9114828
0,3716638
0,08934474
0,1976165
-0,6207389
0,1213971
-1,459887
-0,3855015
0,4694344
-0,4710218
-0,4441276
0,6573142
-0,2330625
-0,2299894
-0,1916137
-0,6213081
-0,416494
0,2828789
0,2447538
0,6861821
-0,2940867
-0,1415555
-0,1908496
-0,2755889
-0,367782
-0,2409165
0,733351
-0,4678895
-0,5901888
-0,07669693
0,02142641
0,6275691
1,114283
0,7247826
-1,365946
-0,3385356
-0,0154427
-1,038469
-0,5292978
0,434782
0,5225686
-0,01049012
0,3315276
-0,315836
0,7357295
-0,02119869
-0,3921847
-0,3682649
0,4041088
0,5737319
0,901274
-0,1905948
0,7622766
0,7442559
0,4556599
-0,4650572
-0,560055
0,4887795
-0,1151785
0,8250068
0,03259629
0,4214941
0,2779469
0,3422589
0,9973907
-0,3759206
-0,7966825
0,245392
0,2568189
0,7511482
0,122728
0,5694557
0,3782986
0,0400334
-0,2377679
-1,211148
0,09614074
0,07279128
1,38687
0,1023487
-0,1626841
0,6989754
0,5559462
0,5506589
0,1498592
-0,8858427
0,5191861
-1,092189
-0,3227711
0,2490216
-0,1795912
0,5729733
0,2810129
-1,183947
-0,2964377
0,7091013
0,5605741
-0,2749989
-0,3244692
-0,2192085
-0,2661123
0,4449811
0,8074001
0,2505337
0,5548997
1,090644
-0,2249079
-0,2381909
-1,25757
0,6238711
-0,8900769
-0,6876613
-0,4271457
0,3177148
-0,1868879
0,3374239
-1,585815
-0,1458287
0,3518667
0,7465671
0,1136891
-0,2709949
-0,1851106
0,4007984
0,7936974
-0,5451527
-0,8049773
-0,559902
-0,8658733
-0,9327792
0,3092525
0,3268542
0,3145668
-0,413443
-0,4223168
0,5600152
0,03712237
-0,3549353
-0,3005031
0,2456392
0,391009
-0,2052583
0,4177668
-0,01753195
-0,965463
-0,5482
-1,687621
-0,2587299
0,1570428
1,075449
2,005142
-0,4200118
-0,8808754
0,2838119
-0,07686253
-0,006744087
-0,7140272
0,3136694
-1,815098
-0,5817732
-0,4263959
-0,03242965
0,308029
0,2636483
0,2787374
0,8490873
0,344429
0,1467781
-0,8620288
-0,2747497
0,4093302
-0,3301014
1,022175
-0,03825767
-0,4155358
0,5702941
0,5623034
-1,038483
0,2004272
-0,008646667
0,01645607
0,6354502
0,8296145
-1,365406
-0,6363248
0,7680588
0,4707755
-0,2239893
-0,7324198
0,07145423
-1,579608
-0,01970632
-0,2187347
0,1907862
-1,067091
0,845451
0,1394013
0,02684295
-0,2992814
0,545987
0,3143906
0,3368592
-0,6169234
0,1059108
0,9050536
-0,7551843
-0,3313826
-0,7032008
0,3314973
0,3290167
-0,3896986
-0,7116275
0,1191678
0,9417522
-0,2462854
-0,2223653
0,03017992
-0,2721339
-0,330608
0,02404153
-0,4813499
-0,05420363
0,3241425
-0,4379136
0,2905675
0,09389699
-0,408196
-1,288481
1,820656
-0,6711521
-0,3231155
0,8431693
0,3581329
0,5938498
-0,7229249
0,1633403
0,3329412
0,473381
0,09675068
0,3678076
-0,4120696
0,5086237
-0,8726202
-0,6731483
-0,1841985
-0,4682554
-0,464076
-0,7581156
-0,3792408
0,1114696
-0,4668315
0,4560286
0,4776383
-0,0330084
-0,3342273
0,5784872
0,1395939
-0,008824915
0,2451306
-0,2707314
-0,4393101
0,9093918
0,1682408
-0,5146023
1,039607
1,283107
0,2698563
0,6936037
0,09376036
0,95476
0,4384878
-0,002438933
0,7716874
-0,446075
0,1672303
1,404135
-0,09172553
0,6029823
0,4783092
-0,3402121
-0,7632047
0,9364542
-0,8482953
0,9002399
-0,1306667
-0,7271218
-0,124894
-0,004754663
1,152485
-0,3413619
-0,1406657
1,02788
-1,060043
-0,1045849
0,5419793
0,8141649
1,15606
-0,6944904
-0,5640902
0,1256588
-0,4573377
0,4302827
-0,7924594
-0,7121357
0,3182841
-0,5080267
0,6535065
0,3279925
0,005379915
0,6137375
-0,06389126
0,5263749
-0,3455321
-1,096328
0,238992
0,6363447
-0,2446107
0,2815913
0,4298847
0,5467286
-0,074132
-0,2398804
-0,4076734
-0,01929832
-1,17454
0,09057611
-0,7180687
0,3039083
0,04263538
0,3589665
-0,836262
-0,01169586
-0,08360064
0,5244026
0,4388044
0,2622033
0,6945191
-1,126327
0,7235403
-1,048908
-0,3379138
-0,8585661
-0,1606527
-0,4792234
0,8935281
-0,4388859
-0,3582079
0,2107093
0,9209336
0,5970936
-1,174233
-0,5513634
0,5843448
-0,006920159
0,2203932
-1,094676
-0,006001234
-0,09573168
-0,5096207
-1,21596
0,874238
0,6956524
0,3348527
-0,04667801
-0,8851519
-0,7079246
0,5863208
-1,292269
-0,05397236
-0,05594027
-0,04250813
-0,7690263
0,08403921
-0,9816419
-0,1126238
-0,613059
-0,7900261
0,2096238
0,631925
-1,03254
-0,1748503
-0,4842272
-0,1993312
0,1927153
0,2017816
-0,4795286
0,5258979
-0,2698787
-0,3062975
-0,2275451
0,1467323
-0,5153936
1,27168
-0,2165835
0,2545985
-0,5536155
-0,3036103
0,08172189
0,9084782
0,5946362
-1,125232
0,6705821
0,3717656
-0,1406402
0,9924323
-0,2167935
-0,2183555
0,7696068
0,1009535
-0,07382919
-0,6905238
0,4041866
0,1810237
-0,2391927
0,2248819
0,3198391
0,4797904
-0,3700271
-0,6535945
0,368162
-1,584131
-0,7128956
-0,6877359
-0,3963061
1,325553
0,09054023
0,8712666
-0,05394089
0,3883327
0,4218884
0,1004415
-0,04779547
-0,3638765
0,06159562
0,05468053
-0,2458342
-0,4617822
0,02863228
-0,1734828
-0,5409896
-0,9131293
-0,5176408
-0,6969483
0,4137353
0,457342
0,8871744
0,09218776
0,4135086
0,8503028
0,5477642
0,2692606
0,0815621
-0,7000034
0,4445004
1,648959
0,007144243
-0,7151309
-0,7765666
-0,2461255
-0,3153549
0,9622189
-0,485957
-0,1940655
0,3561749
-0,727159
-0,09598878
0,6200337
0,03530788
-0,5230275
-0,02948171
-1,147172
-0,7480783
0,0714246
0,4197759
-0,1921306
-0,1482218
0,4843251
0,2950219
1,03309
-0,3407488
0,05033356
0,4829361
-0,9064979
-0,3002498
0,3706608
0,7201911
0,2656489
0,4320335
-0,2318141
-0,00136745
-0,009793893
0,3292891
0,2675521
-0,6914553
0,3760467
-0,1213838
-0,1764932
0,2001168
-1,153455
0,2671691
0,3221725
0,5986671
0,0131042
0,760156
-0,3017625
0,4371192
0,6822571
-0,6337814
-0,01014405
-0,2317863
-0,6877436
-0,2811505
-0,1194825
0,04917878
0,8039305
-0,6647245
-0,4874103
-0,0172171
-0,1942331
0,04708588
1,076622
0,4087956
-0,5651163
0,4106625
0,3359772
0,2702582
-0,04120523
0,8314359
-0,4821824
-0,1822621
0,08558691
-0,08475351
-0,4415435
0,267598
-0,5619905
0,1393248
0,3977361
-0,09592044
0,05761532
-0,8119296
0,2662125
0,4214596
-1,015716
0,2706276
0,01523054
0,3064616
-0,4409302
-0,03649825
0,4228951
0,2831606
-0,208054
0,2411831
-0,5114897
-0,9516739
0,4164478
0,7645971
1,014763
0,4263772
-0,2125144
-0,1223012
0,3082891
-0,3495288
0,2206596
-1,047313
0,09256105
-1,346884
1,591566
1,171061
0,6517972
1,398453
0,2990586
-1,059095
-0,1023791
0,03104936
0,1263361
-0,8178635
0,7854549
-0,08607054
0,1656625
-0,004873872
0,6069944
-0,8581085
0,7777932
-0,8113009
0,4165282
0,7895693
-0,4398984
-1,135811
-0,4456092
-0,2648691
0,003961444
-0,4602708
-0,1704143
2,027169
-0,7958878
-0,3669814
0,09134245
1,03941
0,4260058
0,9837139
0,4752597
0,8673689
-0,4311437
-0,4669891
-1,115404
-0,3039346
-0,3705462
-0,1417172
0,3367044
-0,1525456
0,6143867
-0,004655957
-0,2067726
-0,744251
0,1085308
0,5730444
-0,2852758
0,03403091
0,05934995
0,4356273
0,6727869
0,6910849
-0,2091777
0,4999499
-0,7424983
0,8396015
-0,238322
0,2360159
-0,6057471
-0,04425788
-1,249844
-0,7284162
0,5233854
-0,1995355
0,1280279
-0,2540106
-0,13286
0,3202711
0,8036181
1,21059
-0,5866955
0,3549432
0,2251318
0,005848646
0,04300225
-0,3874329
0,3290851
0,3364348
0,2749164
0,01669526
0,9948298
-0,4218175
-0,2408831
0,8873551
-0,9119927
0,2621155
-0,07339275
0,1226098
0,909063
-0,3440023
-1,290606
-0,3863271
0,1366549
0,5037739
0,08802658
0,3064758
0,5834736
-0,9934283
0,6580058
0,2468278
0,4068987
0,6398466
-0,4762152
-1,577838
1,465465
0,388185
0,4893799
-0,7038735
-0,2409146
-0,2620665
0,1423544
0,4536043
0,6994245
1,089627
0,2177826
0,7582769
0,3167866
0,9256469
0,2993123
-0,2589138
0,9856448
-0,3381786
0,3928456
-0,1288654
-2,238892
1,013184
0,4399799
-0,4684333
0,3609654
-0,2118613
0,5552697
-0,6875494
0,9621406
0,08048612
-0,231439
0,2593835
-0,2277018
-0,4930949
-0,4608282
-0,1326755
-0,5464723
-1,393028
0,1364017
0,1456726
-0,007436424
0,8911568
-0,7881249
0,7768328
0,8216923
0,960934
-1,179886
0,4281968
0,9830866
-0,02511147
0,5943303
-0,01330572
-1,174814
-0,4779786
-0,2237167
-0,1443656
1,208752
0,7972038
-0,5522773
-1,337012
0,3543971
0,04035139
-0,03943604
0,3193789
0,4904732
0,4731299
-0,02394772
1,041065
-1,681344
-0,03239948
0,5942189
-0,9716873
0,02908397
1,262621
0,3701358
0,08262151
-0,5068598
0,4798237
-0,6791029
1,291735
0,2100521
-0,09318312
-0,03106081
0,9175026
0,6431456
0,06890446
1,011148
1,22701
-0,9208605
-0,2687802
1,118602
0,7612853
0,4281087
0,7786896
-2,133794
-0,2273928
1,034297
0,2395743
-0,3867763
-0,2460568
1,239463
0,3229034
0,7513133
-1,036345
0,1750453
-0,07944334
0,1218544
0,03121132
-0,1073153
0,6699803
0,01773727
-0,2453037
-0,1216537
0,409081
-0,6246076
-0,800847
0,05839843
0,5478994
-0,3067258
-0,02553117
-0,5535263
0,7390305
0,5681214
-0,5190457
-1,067049
-0,3085856
-0,3658941
-0,7558815
-0,196454
0,5078373
0,2667582
-0,4091741
0,3524384
0,0507983
0,4107816
0,08915466
-0,03656763
-0,2804136
-0,2145695
0,9935369
0,1235175
-0,2162334
0,0778383
-0,04436864
0,5020621
-0,5555708
0,6368662
0,03159273
0,7313489
0,3641388
-0,7994336
-0,07826108
-0,3545889
-0,169885
1,055821
0,6093612
-0,3805888
1,096471
0,5638527
-0,8614562
-1,064047
0,8617866
-1,287017
0,1886794
-0,5262043
-0,1293503
-0,4731753
-1,062289
-0,1024571
0,2451123
0,1211011
0,06553441
0,3829233
0,2592907
-0,08810717
0,5288036
-0,4049561
0,05352461
0,4821197
0,5013908
-1,066715
1,369986
0,4832653
0,3438096
-0,005205631
-0,2645818
0,7213435
-0,371747
-0,6303598
-0,4368558
0,03239095
-0,7014657
0,8640675
-0,2382538
-0,382539
-0,6576704
-1,299776
1,613642
0,2457902
-0,3337464
0,5541438
0,5917353
-0,4294477
0,4513506
0,856012
0,422915
0,03521404
-1,505235
-0,09059143
-0,4552116
-0,7478186
1,087219
0,5514811
0,3638284
0,3038369
1,221807
-0,3753916
0,1377842
-0,2427431
-0,1988539
-0,3486518
1,198896
0,2759578
-0,3282981
1,201808
0,7960652
-0,6679201
0,1477462
0,3066863
0,7940874
1,554703
0,388696
-0,7364939
0,8881389
-0,2246609
-0,2959921
-0,2447537
-0,5333417
-0,8431256
0,4419409
-0,1103966
-0,006464794
-0,08434665
-1,664703
0,6612653
0,05697958
-0,1495202
-0,157994
0,1003463
0,5292314
1,115053
-1,068666
-0,7786976
-0,123493
0,2713743
0,7252449
1,880236
0,8111501
-0,3960074
-0,2053093
0,6919757
-0,3408023
0,6047128
-0,4253834
-0,5680475
-0,0735178
-0,5061029
-1,343204
-0,2489779
-0,05962092
1,743423
0,5336601
-0,4505887
0,2437276
0,6592426
-0,2109832
0,08197689
-0,2276352
-0,8562327
-0,2067104
-0,5748429
-0,6360124
0,358418
0,3654525
-0,1604704
-0,2556585
0,6554641
-0,7753961
0,6967726
0,5325646
0,3272766
0,3303356
-0,4814165
-0,06387907
0,4056965
-1,499271
0,05220294
-0,0137188
0,2730227
0,3794281
-0,1890097
-0,206284
-0,1631395
0,2962587
-0,2053641
1,527
0,102686
-0,3540858
0,7825935
0,9935564
-0,1808585
0,1094408
-0,07331961
0,3898602
0,2856101
0,801221
-0,5873495
0,2961907
-0,0895927
0,3948056
-0,1625004
-0,0714971
0,4516925
0,3470098
0,2243363
-1,017569
-0,1143666
-0,3278099
-0,5590715
0,1141453
-0,5335713
0,451798
0,6728436
0,5746762
0,3048367
1,266378
-0,6341606
-0,3786762
-0,3982428
-0,08827437
0,2601855
-0,2456418
-0,08353513
0,6748828
-0,6109611
0,1424234
0,237291
0,1437604
0,5268937
-0,1212641
0,8306147
0,3649995
-1,004035
-0,2815607
0,2267526
0,3882754
-0,6662253
0,2745969
-0,2859944
-0,5455263
-0,2336433
-0,3185073
-0,9732037
-0,3979044
-0,2023282
-0,01949763
0,700132
0,08978492
-0,3650615
-0,3973167
-0,1132761
-0,5246861
0,9922302
0,7367176
-0,1404125
1,582174
1,423988
-0,07748377
-0,3435246
0,4809659
0,07594121
0,8006089
0,3885334
-0,09857298
0,1326755
-0,1434681
-0,2358755
0,4797444
-0,3185565
-0,105227
1,121168
0,6779028
-0,03488517
-0,2328203
-0,347445
-1,106849
1,746415
-0,7463415
0,3129739
0,9238137
1,056294
0,4244638
-0,7297597
0,9541364
0,1092764
-0,6194448
1,148719
-0,1033548
-0,2771455
-0,338044
-0,03680427
-0,7928573
1,351565
1,428566
0,03576034
0,4051234
-0,4961478
-0,1944861
-1,368898
-0,05312154
-0,7063624
0,1043988
0,3307336
0,9740855
0,7300423
-0,2643877
0,7744639
0,05808029
0,580677
0,4648693
-0,4532061
-0,6314823
-0,592458
-0,5593293
-0,966615
1,161879
0,7723082
-0,7366318
1,068722
0,2170905
1,5406
-0,2076425
-1,091182
0,09282391
0,3467112
-1,012783
0,01517074
-0,5672096
0,7970803
-0,1583197
0,563195
0,7314812
-0,7267311
-0,5313082
-0,4476601
0,1935162
-0,03212954
-1,388086
1,061353
-0,5539457
0,1452837
0,06746489
0,8289015
0,6963342
-0,07614523
-1,668235
-0,2444983
-1,585961
-0,5925347
-0,3039839
0,09076867
-0,4729034
-0,3790534
-0,08746016
0,3054627
-0,2701759
1,638734
-0,5096616
0,06588495
1,189999
0,06577677
0,274634
-0,9436928
-1,51332
-0,7217683
0,8386236
0,7487878
0,9844769
0,162823
-0,01621699
-1,101098
-0,5082507
-0,687639
-0,1483011
0,1066426
-0,4398886
-0,8530021
-0,2484966
-0,9551001
0,2736305
0,1023816
0,1033163
0,5526786
0,08880246
0,3846785
0,4481599
0,2748929
-0,7549343
0,3708836
0,2559568
-1,834448
0,2514308
-0,2231674
0,07104391
0,7160248
0,2476288
-0,9277451
0,1920773
1,017286
-0,3783584
0,6304135
0,3922129
0,2424723
-1,125049
0,8770738
-1,220511
-0,6792948
0,5064542
0,1081662
-0,6485978
-0,3854895
0,1090949
0,3307117
-1,345919
0,8260023
0,6553113
0,1951277
0,455314
0,3561618
0,1795557
0,7138576
-0,6426601
0,925542
0,6679205
0,2191514
-0,2741718
0,1370236
1,16151
-0,4928265
0,2733389
0,5792251
0,5291396
0,203757
-0,7122705
0,819812
0,3420053
0,467274
1,190435
-0,6352805
0,2404023
0,5688749
-0,04225397
-0,03527236
-0,5747122
-0,6784778
0,1442884
-0,2660543
0,2369388
-0,6260927
0,1260797
-0,149519
0,07375127
-0,4122216
0,8311361
0,2836377
0,6482109
0,1229736
0,7815764
0,0905221
-0,1719541
0,3632187
0,1746946
-0,179138
-0,3688812
0,3263786
-0,7441185
0,04014093
0,7159696
0,1177505
-0,7105089
-0,6747261
-0,1036197
-0,9626836
-0,280336
0,4850997
-0,01908916
0,5783353
-0,4933447
-0,1393526
-0,653863
0,04160935
-0,251588
-0,2834994
0,551912
1,267356
-0,3861997
-0,0783093
0,4485211
1,045206
0,160309
0,8885915
-0,6679268
0,7723141
-0,4388437
0,2050343
0,00640367
-1,460071
0,5129737
-0,1782079
-0,0241273
-1,232931
0,05325678
1,229521
-0,6673999
1,271466
-1,064147
1,250174
0,1097187
0,7055238
-0,6371903
0,01201659
-1,087717
0,4958022
0,01125513
0,5447259
1,364811
-0,326701
0,5224761
1,081678
-0,0623045
0,03622645
0,3052394
-0,4179512
-0,1349863
-0,3523347
-0,1688897
-0,7610856
-0,1915432
0,3494266
-0,6348122
0,7801166
-0,4419747
1,034064
-0,9267566
-0,6294052
-0,5581296
0,1686689
-1,160449
0,1756112
0,6424745
0,9056087
0,7663463
0,0983253
-0,2020135
0,2771708
0,4288698
0,5347392
-0,6984791
1,205374
0,4282529
0,3307385
0,7422152
-0,5515957
0,1829213
-0,1596226
-0,6193648
0,3493665
-1,217443
0,9857628
0,2618223
0,32893
0,7038442
0,5150506
-0,7406886
-0,5618357
-0,9804627
-0,2096571
-0,4724269
-0,6257669
0,371646
0,2656319
-0,06766424
0,5783533
0,2235277
-0,3406283
0,849088
0,765442
-0,007568121
0,5207855
-1,690781
-0,4184185
-0,2314385
-0,2587654
-0,7117672
0,01570833
-0,5534874
0,2599614
-0,5381621
1,018332
0,2267048
-0,4333943
-1,072004
0,6400421
0,09593648
0,7970932
-0,6497966
-1,119868
-0,216817
-0,1677323
-0,2056207
0,4263076
0,1652453
1,081468
-0,6120354
-0,5428066
0,1422175
-0,3278147
0,4650196
-0,8921271
0,2739981
-1,613481
-0,2964954
0,2947552
-0,3997033
0,7914537
1,235258
-0,03985538
0,3878082
-0,1802584
-0,1835617
0,201851
-0,2079998
0,9032024
0,1775441
0,6429989
0,3262413
0,3819485
-0,09579606
-0,8107418
-0,2821754
0,03813601
0,4587206
-1,130786
-0,4848983
0,8583593
0,4114107
0,07379696
0,2373214
0,3009146
-0,3088474
0,1815292
0,1372979
0,9234901
-0,3747206
0,06048471
0,3379989
0,07003319
-0,939134
-0,2541935
0,3822487
-0,6759048
0,4661934
-0,3079048
0,4756687
-0,7719387
-1,253771
-0,9575042
0,5694017
-0,1956002
-1,480418
0,80747
-0,4028535
0,6405318
0,1983745
0,6603256
0,2166908
-1,295076
0,519601
0,8179572
0,1290845
-0,2146868
-0,2680798
-0,05061507
-0,4250154
-0,1514035
-0,0659712
-0,4858211
1,215693
-0,01767039
0,9125834
0,8943665
0,812553
-0,1668288
-1,265697
-0,5484653
-0,1274952
2,036184
-0,771066
-0,1108171
0,05489753
0,1476091
-0,3916556
-0,1426052
0,09675753
0,8318361
-0,6529189
0,7875142
1,192389
-0,6045173
1,260324
-1,029256
-0,5822725
0,718496
-1,211388
0,1477646
-1,169653
0,03807527
0,005035684
0,2323512
0,2954094
0,5889251
0,6898935
1,396063
-0,4839886
-0,09543598
0,2975838
-0,157056
-0,5653844
0,2383545
-0,3733934
-0,8737779
0,02358997
-0,8443998
-0,1685898
0,3328583
-0,2107737
-0,3185821
1,165139
0,8074365
-1,36649
-1,473376
0,1624232
-1,298494
0,3519871
0,07701802
0,8998802
-0,4074057
-0,4217529
0,3269081
0,9656041
0,7563013
0,5805858
0,8189039
-0,5130023
-0,8062728
0,1021915
0,2138253
-1,418522
-0,5519605
0,1131414
1,05379
-0,128999
0,1436398
-0,7943133
-1,712482
0,6027072
-0,4008987
0,03620982
-0,3852426
-0,286597
-1,207806
-0,07638521
0,03126526
0,5955724
0,08490306
-0,5421425
1,101011
0,5268006
-0,5564881
-0,5222853
-0,2843952
-0,3025731
0,01096585
0,1224671
-0,4294206
-0,6700516
0,09521294
0,3088543
0,5924539
0,1682978
-0,4151577
0,3186694
0,5131123
-0,8257143
1,032896
0,03489059
-0,3888068
0,05036543
-1,406218
0,2293391
-0,09964907
-0,02580954
0,7519119
-0,3812722
0,5575253
0,4847418
-0,009333983
-0,1934293
-0,1475794
-0,6725917
1,106929
0,1133235
-0,2684332
-0,7487286
-0,657612
-0,5245785
0,7071337
0,5477563
2,370254
0,6285062
0,7469875
-1,249244
-0,1237421
0,597698
0,2126076
0,2968012
-0,4635611
0,298157
1,017931
-0,129173
0,293988
-0,1488505
0,04489206
-0,1692911
-0,5009099
-1,618021
-0,09979272
0,1771844
0,6123878
-0,1899474
-0,3700114
-0,5928058
-0,1463798
-0,02438936
0,497556
-1,371107
-0,1927549
0,5505058
0,03071211
-0,266544
-0,5253897
-0,1629547
-0,3325384
-0,0004151016
-0,8111299
-0,2167938
0,4430827
-1,057819
-0,6488346
-0,1694934
0,3891661
0,4526115
-0,7201146
0,4973426
-0,1992961
-0,7746722
0,8841621
0,5555621
-0,1561089
-0,6238288
0,4737954
0,5578769
-0,1626824
1,28854
-0,4080091
-0,5141535
0,4108654
0,002821684
-0,1607335
-1,139531
-1,177295
0,4313486
0,82784
0,5225917
0,5263311
-0,3496848
0,1307688
0,5893031
-0,6955979
0,2594687
-0,7582802
-0,8007911
-0,2992696
-0,6327396
0,2339613
-0,1131579
0,5384383
-0,3747805
-0,6592451
-0,36125
0,3303342
0,1817187
0,5242147
1,299048
-0,5053921
-0,5510088
0,06614105
-0,694844
0,5865561
1,094402
-1,367338
0,5999824
1,442399
-0,5521784
-1,239669
0,3822407
-0,453906
-1,237568
0,5183467
0,2514447
0,574144
-0,6711932
0,2343582
0,32147
0,3997111
0,08911616
1,071944
0,2168738
-0,7554165
0,53392
-0,3871066
0,1007537
-0,4302257
-0,5444059
-1,828591
-0,4579107
0,4805732
-0,7130348
-0,05650014
1,2199
0,05328254
0,04732797
0,6513078
-0,09523463
-0,1076921
0,6445402
-0,9247026
-0,283031
0,2138545
0,9411113
-0,2153931
0,006975338
0,1671051
-0,8084401
0,5941062
0,8792462
-0,7025219
0,07585059
1,19627
0,1007951
0,2671586
-0,4336598
0,07348222
0,2783026
0,1760738
0,3370833
0,2163045
0,9551768
-0,03366405
0,05467778
0,7252194
0,3411687
-0,5660405
-0,3390832
0,8095666
0,4686216
0,3128735
-0,3047004
-0,6550094
-0,1539922
-0,6451897
-0,2463545
0,9533015
-0,5203701
-0,02347434
-0,284287
0,6483114
-0,09927537
-0,4583167
-0,06998014
1,101644
-0,8307933
-0,01644219
-0,645812
0,5424118
-0,1498725
-0,08679819
-0,9151369
-0,9725416
-1,281641
0,1530387
0,9740122
-0,7631616
-1,232055
0,2874021
-0,4665402
-0,2306273
0,6399947
0,9367745
0,9676757
-0,09637123
-0,006290764
0,5518765
-0,2495901
-0,0907079
0,3072457
-0,5859664
0,06810504
1,229425
-0,5400793
-0,3982317
-0,9199675
0,05391806
0,6091802
-0,6506828
0,2288762
-0,5317167
-0,45007
-0,6332045
-0,3478694
0,2175425
-0,02172929
0,6505874
0,5874677
0,6198722
-0,7148474
0,3680146
-0,8024441
0,1035702
-0,06198716
0,3815211
1,182938
0,4981861
0,5248602
0,03825331
0,1686863
0,5507796
-0,005906165
-1,120268
0,5297388
0,2310831
1,162216
-0,3121179
0,5979562
0,3425455
0,6933241
1,232446
1,836244
1,190631
0,916115
0,9885856
0,3958548
0,6750575
0,8460029
-0,4592843
1,525855
0,3467827
-0,3732419
-0,4374414
0,4588078
-1,418188
0,5154436
0,4464428
0,3028007
0,382368
0,6623274
0,2353884
0,4386518
0,6001461
1,648014
-1,011428
-1,581015
0,1475265
-0,9424793
-0,5765707
0,2362502
1,034375
-0,8255595
0,5378772
-0,7784099
-0,0541665
0,0650668
-0,9334056
-0,0450383
0,1210528
-0,5563018
0,8281544
-0,2649522
0,5116537
0,8146131
0,4896461
-0,08651173
1,090224
-1,037153
-0,08898526
-0,7237101
0,6969693
0,7959335
-0,5208353
0,349741
0,4715733
-0,2725393
0,6754974
0,1893099
0,1528313
0,8980856
-1,310626
-0,2786558
-0,4798772
0,1013007
0,3099813
-0,9350467
-0,3716013
0,1186569
0,5741894
-0,6410285
0,6441009
-0,1421826
0,1061221
-0,5541126
-0,3078868
0,108089
1,324213
1,060107
-0,03651029
0,7649426
0,02415705
1,086336
0,1148801
0,2074428
-0,6304643
-0,09759748
0,8136865
0,689365
-1,228246
0,668677
-0,04054588
-0,2778186
1,543433
-0,2555774
-1,391013
-0,9484136
1,011733
0,5850765
-0,01259103
0,5752063
-0,7866739
-0,2203328
0,9282432
0,329749
-0,3920763
-1,183421
0,05603433
-0,09507187
0,4812622
-0,3019012
0,4260914
-1,277304
-0,07731719
-0,6419285
-0,2437307
-0,7320409
0,07342289
-0,03834772
0,1851642
-0,06742603
-0,1188255
0,1216077
0,8153027
0,7942863
-0,2488527
-0,8120437
-0,3026083
0,3814169
0,02351896
0,3050504
-0,09088647
-0,3751616
-0,2330834
0,3116858
0,2152659
0,04391873
0,2519488
-1,405447
0,04059482
-0,3463933
0,1850996
-0,5821102
0,8585172
-0,1567645
-0,6327782
-0,02583773
0,4208751
-0,2088555
-0,2895264
0,4418402
0,1096073
-0,1510983
1,389368
-0,07318783
-0,1555055
0,0008271337
-1,354971
-0,5543466
-0,1599157
-0,8753264
-0,6246949
0,1246909
0,005261347
0,1613651
-0,4410722
-0,4090396
-0,1912969
-0,3597305
-0,1330774
0,480905
0,4910282
-0,1290427
-1,178259
-0,5409316
0,4880598
-0,4670669
-0,5062491
-0,7794134
-0,5036325
0,7346218
0,5063238
0,161948
1,341532
-0,23948
0,5980653
-1,448279
-1,026666
-0,376601
-1,192593
-0,9314253
-1,255209
0,6802168
-0,9264994
0,1938816
-1,401684
0,2337594
-0,1782465
-0,4906093
0,328651
-0,01370396
-0,9610652
-0,453855
0,5604564
-0,2139245
-1,517645
0,7267874
-0,5418939
-0,1667002
0,9225709
0,693669
0,5618324
-0,03947055
-0,7100734
-0,9035584
-0,3292676
0,759969
-0,5872222
0,6916324
-0,02308513
-0,691407
0,4970945
-0,5411503
0,1914038
-0,166583
-0,005255476
0,0716967
0,1700814
-0,2920672
0,1167591
0,2842599
-0,4992766
-0,2160914
-0,4718513
0,6322591
0,161204
0,4636336
0,8394698
-0,3957711
0,8052081
0,6133962
0,1588882
-0,659535
-0,8943079
-0,02019733
-0,1629411
-0,1145178
-0,003288627
1,05091
-0,7043235
0,1612089
0,1472756
0,4082608
0,1271567
-0,6231726
0,6858677
0,6387463
-0,2898192
-0,4279576
0,4527875
-0,07740398
-0,248314
0,04857606
0,390578
2,003092
-0,05457079
-0,2337782
0,1103
-0,3409957
0,04569572
-0,1550806
-0,5156016
-0,08170551
0,5311733
-0,4966045
0,8206805
0,9426451
0,797066
-0,60417
0,01830351
-0,203153
-0,1821021
-1,560384
-0,05944616
-0,03181517
0,6284648
0,1760016
0,2914054
0,02017009
-0,7640795
0,8122932
0,09419686
-0,1203241
1,196211
-0,6326556
0,4324241
-0,02625163
-0,1174251
-0,8365224
-0,2843459
2,214541
-0,072052
0,6931953
0,6621168
0,6280085
0,1846365
0,2522103
-0,4027632
-1,077646
-0,2976087
-0,3838688
-1,18558
1,038788
-0,762583
-0,9366986
-0,2972844
0,270396
-0,4248494
-1,048079
0,3858663
0,6389558
0,1085705
-0,303717
-0,9763525
-0,3153205
0,2867785
-0,004688174
0,3037288
-0,4509509
-0,4694611
-1,208274
0,04934715
0,7603722
-0,459062
0,06922555
-0,2564587
0,4352861
-0,5558634
0,6944915
-0,6534591
-1,509613
0,3726507
-0,702662
-0,4395412
-0,9538745
-0,9663
-0,3842568
-0,9717865
-0,5064783
0,8171963
0,481076
-0,3746592
0,5899798
0,201818
-0,1758125
-0,1784141
0,8775309
-0,009658277
0,3844227
0,1771958
0,1510589
0,3403738
-0,6141058
-1,406029
-1,068753
0,3042992
0,9151808
0,4582774
0,2377024
-0,568745
0,7117084
-0,7313612
1,227344
-0,6962695
0,1196901
0,2250748
-0,7753606
-1,054313
0,8010772
-0,8247794
0,9076101
0,1585011
-1,114157
-0,3605562
-0,7954314
-0,3408743
0,1659821
0,5033614
-0,2965795
-0,3593137
0,3047091
0,1298506
-0,525018
0,8853217
-1,856503
-0,5776265
-0,04172963
-0,5168418
-0,8434556
0,3114478
0,08723776
-0,05303454
-0,452772
-0,1055499
0,06380555
0,06512886
0,3518559
0,3436072
0,05410784
0,6936871
0,6851376
-0,4549278
0,4260479
0,6168904
-0,08849442
0,2579052
0,2469492
-0,6730519
0,01845175
1,232214
0,7731611
-0,3562281
0,1220635
0,4541881
-0,719216
-0,6866673
-0,09882432
-0,5029464
-0,2154806
-0,4916802
1,001542
-0,4451294
-0,1905618
1,35781
0,02453731
-0,2056566
-0,4756421
0,4741811
0,6906976
-0,6473082
-0,1415375
-1,139143
-1,109339
0,696492
0,9984117
0,5651798
-0,2963583
0,1447752
0,3902892
0,09508032
0,3508232
-0,1291794
-0,6872638
-1,85482
-0,120857
-0,4650916
-0,225716
-0,1661615
-0,2308569
0,9157974
-0,8760854
-0,1945575
-0,6053041
-0,0457287
0,8450212
0,2312731
0,1858769
0,09348416
1,049916
-0,336266
0,1979667
-0,4636786
-0,6851453
0,1078137
0,5540953
-0,3053217
0,9748103
-0,09389974
0,5093819
-0,3392644
0,8988773
-0,896589
-0,6177949
0,1852478
-0,7548305
-0,5208946
-0,7631621
0,2516937
0,3643616
0,3762804
0,07413118
0,1112056
-0,06522983
0,3597415
-0,7074385
-0,5851229
-0,2054867
-0,1596301
-0,2662379
0,4839386
0,3774088
-0,1441456
-0,7158231
-0,6876622
0,07060294
-0,741653
-0,1848285
-0,1608871
0,1038874
-0,257459
0,8381382
0,5443401
-0,8995497
0,5670086
0,8076949
-0,8797215
-0,007087171
0,6554574
-0,5136469
-0,6756123
-0,08620214
0,2192827
-0,3585859
1,960492
0,2493385
-0,3126527
0,410879
-1,081327
-0,09861292
0,7280445
-0,2230457
-0,6995339
-0,09629154
0,4527298
-1,958955
0,1199475
-1,004707
0,006546795
-0,2558421
0,5301581
-0,235043
-0,3208551
0,1969697
-0,8464071
0,4369505
0,2224457
-1,128961
-0,5477339
-0,4063051
-1,119086
0,5295944
-0,2050765
-0,7505059
-0,1357285
0,3749339
-0,4275212
0,2542298
-0,4021094
0,2576524
-0,6364864
-0,1814327
-0,6359518
0,6965111
-1,115507
-0,5259874
0,488317
-0,07221013
-0,1601618
-0,6354303
0,02519745
-0,2515472
0,628978
1,105373
0,610437
1,306438
0,2640773
-0,9665642
-0,003227949
0,6168365
0,4631548
-0,1604288
-0,1821362
-0,1494919
-0,0294046
0,01857392
0,08606529
0,4876748
-0,3805389
0,4008213
0,6950569
1,594051
0,1458884
-0,1682115
-1,537272
-2,710593
-0,6294875
0,4596124
0,1261607
0,07058042
0,9534998
-0,161729
0,4546477
0,3793831
0,2808043
0,02711692
-0,03580832
-0,221989
-0,02531117
0,9090739
-1,186578
-0,50418
-0,4036175
-0,4041655
0,5839494
0,2078213
0,7572247
1,051032
0,7531717
-0,106399
-0,07529993
-0,1788499
0,9624847
0,2561726
-0,123319
-0,4632564
0,04463193
-0,06236523
-0,6065159
0,779213
-0,3519946
0,4391868
0,1374002
0,2362459
-0,1242301
0,07321876
0,21114
-1,030853
-0,2033033
0,6044137
0,1500826
-0,2958438
-1,058895
0,308938
0,3311453
-0,01588655
0,5200258
-0,09329356
0,2588127
-0,5987265
-0,1575509
-0,05277228
-0,06738418
0,09013742
-0,1492319
0,09623849
0,3672047
-0,5202429
0,9045222
-0,7736267
-0,06234169
1,425153
0,8299176
0,3448573
-0,1395096
0,3887463
-0,06542182
-0,5791475
0,6806457
-0,005619466
-0,6151966
0,2583064
-0,1037536
-0,7193277
0,2885439
-0,3934431
-0,516924
1,211174
-0,8154384
0,2988894
-0,4325296
-0,03712422
-0,5575551
-0,009062767
0,08200924
-0,3911914
0,6963896
0,4336025
-0,088304
0,5198052
1,135411
0,2669979
-1,079015
-0,1428438
-0,2492014
-0,007789388
-0,5062117
-0,05404568
-0,691874
-0,2096471
-0,0003241897
-0,2438433
0,1222401
0,7313325
0,1504402
0,902346
0,8632599
0,03647506
1,115514
-0,1527021
0,8248393
-0,4099484
-0,1136766
-0,1344813
-0,9826185
0,1555251
0,714458
1,008707
0,7536409
1,093314
0,7739184
0,7418858
-0,6370005
-0,9245318
1,754825
-0,8929157
-0,7465973
-0,6094032
0,2497843
-0,4789709
-0,143973
-0,7427429
-0,4757262
-1,290237
0,3798667
0,3209575
-0,3676742
-0,0009070188
-0,5333876
0,5481558
0,7396737
0,007142544
-0,2966502
-0,4977254
0,5710089
0,6232473
0,7017213
0,09570335
0,8495259
-0,006181538
0,3714823
-0,8711091
0,08177489
0,5982957
0,8478041
1,21927
-0,04458483
-0,389044
-0,7210543
-0,810391
0,02363157
0,3534453
0,3938325
0,9590431
1,220093
-0,3910721
0,9714363
-0,1942495
0,8460379
-0,6917402
-0,09636068
-0,9083774
0,434701
-1,094995
-0,4986688
-0,7396738
0,3645379
-0,0698818
-0,5168057
1,089531
-0,669008
0,06849566
-0,0008707047
-0,4178314
0,3408659
1,329169
-0,4523214
-0,7892958
-0,02435386
-1,255412
-0,1858586
0,7178351
-0,1675334
-0,3942394
-0,6011473
-0,1938298
-0,4956884
-0,09776494
0,7505955
-0,5436957
0,1187856
-0,4773287
1,059644
0,3700461
-0,4561002
-0,7729378
0,3870191
0,2459198
-0,9664093
-0,08550107
0,6103923
-0,1231628
1,380393
-1,087186
-0,2860415
-0,9832614
0,6526732
0,5874284
0,6506575
0,8410793
-0,5349677
0,6150466
-0,1911471
0,1200026
-0,41373
0,7276951
0,8436337
0,5793526
-0,1267769
-0,5155158
-0,4381005
-0,2370344
0,09808344
0,4164503
0,9510115
-1,152723
-0,3457724
0,3852689
0,3725132
1,002835
0,5577965
-0,1373671
0,8947592
-0,5061294
0,7928869
0,3780962
-0,3643149
0,04065454
-0,2113421
-0,7208595
0,5181936
-1,259353
-0,2396604
0,03411888
-0,1456805
0,8697315
-0,6778912
-0,5492377
0,2719749
1,193593
-0,8431439
-0,6039042
0,7681007
0,0843364
0,122957
0,5624319
-0,1227683
-0,3546975
-1,104074
1,222706
0,03124958
0,3465492
1,386345
-0,1658262
-0,15166
0,8636555
0,9071475
0,4497294
0,487099
0,2219172
-0,4367368
0,2043148
0,9597239
-1,139849
-0,5000763
0,1142697
0,634858
1,281674
0,07281142
-0,4501576
-0,9099884
0,07414573
-1,041945
-0,03599524
0,3064824
-1,476467
-0,4002111
0,07497752
0,2547559
-0,01348966
-1,360368
-0,1031642
-0,6778797
0,7500019
-0,7730052
-0,09026426
-0,1742731
-0,108097
-0,002396703
0,1960958
1,144118
-0,03423411
-0,2095959
0,05052888
-0,9475132
0,2395008
-0,4838599
-0,1756384
0,1852026
-0,2752018
0,3541471
1,069877
-0,5859157
-0,6585743
0,03994268
-1,026743
-0,6739736
0,2216331
-0,8338872
0,1576737
0,4116086
-1,069158
-0,4847089
0,1636288
0,7675563
0,1130421
0,4473451
0,4830512
0,6815386
-1,021285
-0,2616789
-0,6523587
-0,4324443
0,2280346
-0,241082
-0,02549334
-2,272028
-1,332793
0,2467647
0,3455182
-0,5161351
0,1331586
-0,2041185
-1,858875
0,3183663
-0,7223355
1,592381
0,3447518
0,818006
-0,1922539
-0,8144065
0,4459621
0,3321075
-0,9027446
0,3440091
0,1227129
-0,2366117
-0,4798716
0,4137773
0,01319438
0,2019908
0,2615765
0,8604252
-0,05066723
0,1234264
-0,2419943
0,04593907
0,0938974
0,566099
0,2318127
0,003969789
0,2146167
-0,8119485
0,0884465
0,2775128
0,01150356
-0,606522
0,5207402
-0,6323683
0,8251073
-0,8940571
0,3248504
0,08973524
-0,3729775
0,2199681
-0,6952739
-0,69639
0,2610182
0,613923
0,2679837
0,2812147
-0,0387224
-0,7414188
-0,3037054
0,7449284
0,07118523
-0,04063463
0,06501675
0,7118005
0,4125603
-0,7205145
1,181849
-0,4098819
-0,1390319
-1,326305
-0,2107834
0,0515765
-0,4909007
-0,2521162
-0,07165343
0,3398242
-1,169103
0,6428278
-0,9019417
0,2480083
0,6621746
0,3510687
-0,661203
1,281368
0,4403954
-0,2239994
-0,5922889
0,3059923
0,04202217
0,8756276
-0,1664661
0,3322026
-0,4663947
0,8128431
-0,1504524
0,09434555
0,2288966
-0,3434437
-0,05625308
0,1069214
0,3679648
0,8362214
-1,004934
-0,007672608
0,2736912
0,01700717
0,8146769
0,8551199
-0,2882146
-0,4742426
0,3007808
-0,7318724
-0,5389457
-0,1790647
1,137705
0,3955939
-0,7643116
0,01129387
-0,01877511
0,10298
0,3421928
0,6323108
-0,239193
0,3114592
-0,6636748
-0,6284006
0,40625
0,9283626
-0,9029915
-0,2819819
0,6471181
-0,5729344
-0,2281592
-0,04402107
0,8594297
1,078398
0,2185555
1,421416
0,1726401
-0,2662044
-0,00410527
0,04588026
-0,3973247
1,042286
0,4315436
-0,4180809
-0,4868459
0,126869
0,6952846
0,403639
-1,397188
0,03371567
-0,8459677
0,250064
1,008347
-0,9588704
0,1993551
-1,065201
-0,3783887
0,1066818
0,133969
0,1055793
0,5281398
0,5893769
0,4458346
0,1560157
-0,07272322
-1,573148
0,3846945
0,4539365
-0,3536974
0,1554208
-1,07768
-0,4736649
0,978623
-0,575443
-0,5242975
-0,394779
-0,2909588
0,644143
0,2133232
0,1613852
1,043908
-0,4395688
-0,2183768
-0,3697752
-0,1598659
0,08180064
0,6138117
-0,1737046
-0,06137496
-0,08837914
0,4913586
0,0744091
0,6957186
-0,06776512
-0,04656418
0,4250048
1,028873
-0,1465359
-0,7752109
0,05871844
-0,4230728
-0,4636166
-0,6513478
0,2908514
-0,5793664
-0,8782174
0,5189502
-0,382306
-0,3974561
-0,3856052
0,358631
-0,1350617
1,331249
0,004336476
0,757054
0,3270301
0,662716
0,4602815
0,6092752
0,05526412
-0,8856378
0,4968433
-0,3752011
0,6212212
-0,7202441
-0,0859589
-0,9086612
0,1599473
0,7746922
0,1409609
0,2849529
0,9531112
0,7678361
0,05730909
0,1901121
-0,2435898
-0,5062954
0,8001187
0,4672728
-0,4673324
0,4540594
-0,177265
-0,4840235
0,5636389
0,1280028
1,432729
-0,7665669
-0,450781
0,03903687
0,660448
-0,2078744
-0,2750147
-0,02046093
-0,2796053
-0,7594005
-0,4978017
0,3858737
-1,200852
-0,2581112
-0,6236459
-0,5261673
-0,3517606
-0,5992205
0,08448991
-0,08169527
-1,736138
0,3784546
0,009445161
-1,353131
-0,7400149
-0,4649916
0,8721058
-0,0490908
-0,9405043
0,2085856
-0,08978242
-0,2065926
-0,4505044
-0,515429
0,4623228
-0,4827237
-0,5403672
0,03823704
0,1600195
0,4496775
-0,4347578
0,2042728
-0,6861882
-0,9872409
-0,9092212
0,029047
-0,4239712
-0,6403193
-0,4000397
0,8802059
0,368134
-0,5549323
0,008948371
-0,2258302
-0,276275
-0,806177
-0,6712813
0,0413907
0,3269828
0,3529
0,04351342
0,1893079
0,3880873
-0,3141817
-0,4441352
0,1708735
-0,02645934
0,2278208
0,3845107
0,0798707
-0,4742395
-0,7438856
-0,2458874
1,037661
0,5742319
0,07681297
0,1874661
0,4700406
-0,1282103
0,04166608
1,161654
-0,6473392
0,3368543
0,7578155
-0,5437207
-0,04100198
-0,3347346
0,009304449
-0,2806901
-0,3941399
1,055325
0,989788
0,3003248
-0,1236885
0,1069625
0,5107529
-0,336022
1,729334
-0,7626895
0,3952304
-0,04155958
0,5948949
0,6372655
-0,1140071
-0,2708211
-0,196179
-0,2402539
0,9907324
-0,3414853
-0,3332628
-0,1560214
-0,9635239
-0,3371717
-1,114001
0,1884092
-0,4195949
-0,6414018
0,2327582
0,2478731
0,8033859
-0,7236537
0,1430165
-0,8344942
0,5155194
-0,3457136
-0,6564029
-0,1670354
0,2293467
-0,4857879
-0,3931608
-1,384752
0,3149801
-0,1358615
0,2816688
1,671748
0,1668814
0,01214916
-0,9791594
-0,2107782
0,3970826
0,5343089
-0,1907851
0,2690092
0,02376336
0,3190161
0,2948933
0,5204049
0,05794972
-0,5267523
0,9720998
0,3004869
-1,673172
-0,1799138
0,5609176
-0,2732195
0,2116566
0,5511989
0,9698399
0,6509441
-0,1480672
1,10047
-1,394468
-0,7743285
-0,5634799
-0,06070751
-0,4580993
-0,4913766
-0,8616977
-1,336554
0,6908237
0,8042324
0,3977347
0,7520449
-0,5453124
0,7557448
-0,4296741
0,1372131
1,290276
-0,6356431
-1,019908
-0,4536091
-0,1837122
0,6920331
-0,9459343
-1,143517
0,4001831
-0,08408475
0,644948
-0,1015803
-0,09426081
0,4815221
-0,3523474
-0,3246943
-0,2568211
0,1063228
-0,3796661
0,2867604
0,3140702
0,3726735
0,2629125
1,196354
0,3074718
-0,6093018
-0,07179832
-0,982627
0,6612692
0,6511841
-1,482883
-0,4015374
0,304664
0,1736119
-0,147769
-0,2417555
0,3281698
0,6507425
-0,1928552
-0,2025941
0,4338372
0,06489041
-1,694504
-0,04204631
1,456583
-0,5529875
0,5009685
1,311571
-0,3522468
0,05361193
0,9726996
0,809871
-1,305288
-1,659533
-0,2161796
-0,7553221
-0,5466698
0,3816817
-0,1786449
-1,501448
0,1485228
0,4847474
-0,6658326
0,4891472
0,532804
-0,8185865
-0,07663572
0,2509786
0,1647516
-0,517287
0,4088284
0,134542
-0,8573552
-0,3298011
0,2603536
-0,7695467
-0,2489303
-0,52104
-0,2046529
-0,360242
-0,2105567
0,5297278
-0,3744933
0,1656985
0,3794503
0,9960255
0,3833611
-0,2447814
0,4099709
0,2751114
-0,2692412
0,6679851
1,250623
1,030997
0,4831495
-1,105215
-0,05479957
-0,2536193
-0,8018057
0,118004
0,3556089
-0,1255267
-0,08409405
0,583738
0,1250328
0,552146
-0,2483274
1,15635
-0,9778748
0,8234508
0,8406061
0,4429831
1,179557
0,08536774
0,03347218
-1,176429
1,430945
0,6969231
-0,5616168
-0,3045832
0,6080322
-0,3685843
0,5026461
0,572384
-0,3858104
0,2525388
0,1712758
0,7512781
-0,06194223
0,5261363
0,2745057
0,1085246
-0,9612154
1,098257
-0,7208378
1,118655
0,3155705
1,343912
0,02786106
0,4851051
-0,5784544
-0,4283642
-0,48544
0,6973457
0,3577279
0,8695272
0,1497792
-0,4682507
0,2254464
0,7374431
0,04175448
-0,5842701
-0,5628626
-0,5690526
-1,188077
-0,5042136
-0,2916986
1,099633
0,07556456
-1,135297
0,01171631
-0,3863024
0,08079666
1,805769
-0,6747395
0,06468746
0,8290172
-0,789656
0,3409107
0,05416875
0,2149082
0,2913069
0,8927058
-0,6715947
-0,5244429
0,1363486
0,2231657
-0,6635717
0,5667002
-1,502612
0,2961354
1,025717
0,2519915
0,9179025
-1,15414
0,2189408
0,7910035
-0,4658557
0,6318173
-0,8868127
0,3742312
-1,268577
0,2315111
1,425252
0,9322087
-0,1452174
0,4082174
0,3391024
0,03421992
0,4085757
0,5286294
-0,3036283
0,1193104
1,37179
0,5523404
0,7631762
-1,044268
0,1588618
0,9010457
1,092834
0,7784722
-0,2023041
-1,330158
0,1043215
0,01635855
-0,3601562
-0,492526
-0,1779589
-1,129029
0,1468204
0,1865235
0,695483
-0,565491
-1,304722
-0,4120374
0,5449442
0,5743606
-0,5321946
0,2558439
-0,4763051
-0,3682025
-0,1766902
0,06095958
-0,2827199
-0,1402583
-0,2890396
0,5496103
0,06053118
-0,7204829
0,4358723
-0,2434339
0,2726226
0,05518556
0,5609003
0,6215338
0,4366838
-0,5592859
0,4174667
-0,4900538
-0,3592569
0,530876
-0,7176291
-0,1929459
-0,9795106
0,3505066
-1,088557
-0,6357079
0,2319956
-1,050397
1,27912
-0,6213566
0,7291543
0,5183298
0,3060579
-0,2721611
-0,1632361
0,3743958
0,2811711
-0,6650977
0,2198539
0,7303507
-0,2642942
-1,11159
0,3728065
0,3045107
0,2205553
-0,5796168
-0,03614737
0,2356847
0,4506034
-0,7681431
-0,02726944
-0,441556
-0,2923388
0,256465
-1,227297
0,1090281
0,4217281
0,3442841
-0,5861378
0,2950811
0,5368697
0,03406709
-0,5636254
0,6104042
0,4762641
1,038031
-1,279266
0,2086221
0,152171
0,1923661
-0,01752581
0,6708555
0,1414425
-0,5789731
0,3383164
0,5524964
0,8475796
-1,106784
0,3427166
0,2636206
-1,659061
-0,3805247
-0,8342854
0,475628
0,173615
0,1207349
-0,4543533
0,9101775
0,4116606
0,4522837
0,04059166
-0,3781466
0,1441312
-0,7133218
-0,9693368
-0,256759
0,8800527
-0,08622588
-0,6422083
-0,1911127
-0,4471408
0,5569236
0,4306154
-0,2630387
-0,4395729
-0,7091962
-0,2350542
0,6357657
-0,4176213
0,4582373
0,3347438
0,189689
0,106236
-0,9061955
0,4000845
0,06779236
0,2289703
0,3470857
-0,041511
-0,1681315
-0,5562312
0,3723075
0,2958206
0,5680547
0,08860581
1,483572
0,5126998
0,3756173
-0,3789312
0,5246953
0,2554953
1,375409
-0,1595671
-0,3995471
-0,003549993
-1,151876
-0,5489381
0,06785709
0,2898951
0,9891639
-0,1397443
1,010246
-0,6132275
0,4617011
0,3335928
0,2889191
-0,2205375
-0,2102261
-0,09328252
-1,709565
-0,6594132
-0,603791
-0,03279747
0,6707779
0,1588385
-0,269132
-0,3885202
-1,031025
0,6252352
-0,4621276
-0,1929625
-0,1341668
0,5717731
-0,0159421
-0,7242082
0,2270756
0,5173852
0,235011
0,01199768
0,2218596
0,5893198
-0,1109379
-0,2502232
0,4895738
-0,01339626
0,4741167
0,1078471
0,128805
-0,1142831
-0,5448191
-0,9587136
-0,6877024
-0,3861463
-1,334414
0,3186634
-0,541427
-0,5456335
-1,310465
1,438871
-0,711105
0,3076527
0,1188545
-0,8645889
-0,4834812
0,7755828
-0,6736339
1,059058
-0,2037405
-0,1133046
-0,02375454
-0,5676975
0,2250571
-0,2870373
0,1291608
0,7194139
-0,3866093
-0,482131
0,1111017
0,3784025
0,1150544
0,02367799
0,5406739
-1,25268
-0,1636279
0,3241824
-0,08001143
0,7332321
-0,613749
0,06746356
-0,8637097
-0,7065598
1,274491
0,8039134
-0,1435411
-0,6326003
0,8231298
0,3920521
-0,6633838
0,3956444
0,4655559
-0,3241386
-0,7453551
0,6221144
-0,2185393
-0,8141404
-0,1108832
0,298807
0,05989979
0,1865104
0,6396202
0,241201
0,8369029
0,4273725
-0,6143603
0,3308218
0,1834111
0,1653093
-0,1677259
0,5259949
0,2027197
0,8753864
-0,127133
0,4916321
0,5880356
0,0102095
0,3863019
0,2112598
-0,09846129
-0,2186366
-0,20665
-0,7222277
-0,3830148
0,7141234
-0,3008996
1,260704
0,06099612
0,4183984
-0,1008893
0,1679198
-0,9552612
-0,7109642
0,465014
0,5437531
0,4031297
0,6212743
-0,1370992
-0,7541241
0,07541358
-0,06778711
-0,4893469
0,03789204
-0,9878233
-0,4555905
0,9071628
0,9648427
-0,3461607
-0,585291
-0,4720652
-0,3042343
0,08728486
0,4143734
-0,09655878
-0,9405893
0,1715983
-0,7639194
0,09667331
-0,6858371
-0,2255899
1,174119
-1,284123
-0,7176031
-0,3196715
-0,9153496
0,02993852
-1,264167
0,3826031
0,1679935
0,688724
1,014441
0,6901976
-0,4268198
0,6261975
1,250453
0,4709716
0,08901578
-0,2098545
-0,1353619
-0,4200011
0,03899312
0,373596
0,3663904
0,3085434
0,7050076
0,2302474
-0,1946605
-1,239749
-0,1031214
0,02777755
0,6432752
0,7930091
-0,2761583
0,4812281
-0,5976285
0,07089637
-0,6361076
-0,274624
0,8731837
-0,5781788
0,3458253
0,2448072
-1,472699
-0,5566375
-0,3315555
0,8250909
-0,2453296
0,09760296
0,1493552
-0,6369526
0,1340882
-0,6728277
0,5334446
-0,4351023
-0,4374683
0,01747102
0,8870625
0,4163535
-0,9640718
0,9770642
-0,0398339
0,2684792
0,5466779
0,3211369
-0,3062136
-1,834889
0,432586
0,1185097
-0,7509601
-0,5133645
-0,0829735
-1,207835
-0,7109832
0,1121559
0,06845769
-0,3862969
-0,4515513
-0,09598029
-0,8271793
-0,1085355
-0,2234324
0,3743868
0,5972235
-0,3691258
0,5135855
-1,185966
0,2643175
-0,1868176
-0,02186203
0,7338749
-0,9773608
0,4537123
-0,2842438
-1,716707
-1,127047
0,29137
0,4330386
-0,222613
-1,021905
-1,900934
-0,8398425
0,9982381
0,0652205
-0,7736918
1,195706
0,2429083
0,7043392
-0,9963345
-0,1092119
-0,1904525
-0,4431272
-0,06922615
1,66796
0,1749463
-0,6381233
0,6329743
-0,6064592
0,385959
0,02931517
0,3979821
0,556045
0,5102624
-0,202349
-0,5636954
-1,052734
-0,8955597
-0,5357637
0,1679033
-0,06515461
0,6636698
0,6308739
-0,3716642
0,3144863
-0,1661623
1,40739
-0,9111918
-0,8242955
-0,7370224
1,258815
0,5239022
0,622455
-0,7022089
-0,4785315
0,5844549
0,2159606
0,2909618
0,1675361
0,0533697
-0,4933162
0,7718487
0,9112182
-0,002494186
-0,2803073
0,3665176
-0,2168692
-0,8895479
-0,107208
0,7648683
-0,5763722
0,2924585
0,5280772
0,2399489
0,563955
0,7966328
0,6914361
0,5326506
0,3551669
-0,179059
-0,5207071
-0,07006377
-0,1758237
0,6526951
0,6077765
0,2658724
0,0782524
0,4470348
0,3161157
0,03918456
-0,4547099
-0,9950372
0,3894477
0,1089582
0,2722719
-0,3257357
0,3076732
-0,4650847
-0,2176731
2,058383
0,05728422
-0,09223324
0,07433397
0,03680134
0,82933
0,3391441
-0,4087473
0,2665718
0,2682155
-0,07715209
-0,7755592
-0,1745315
0,1495464
-0,612565
-0,2040326
-0,8804552
-0,1303136
0,3669895
0,07153177
-0,6417176
0,02025789
0,1775443
0,4756312
-0,2444409
0,004590213
-0,6574422
0,9429933
-0,119363
-0,04486103
-0,1214138
-0,9564793
0,01768094
0,4108334
-0,5671662
-0,4383708
0,03872889
-0,1006498
-0,4926024
-0,4348658
0,2255136
-0,1455349
0,5747685
-0,9583526
-0,8406631
-0,5865946
0,3442197
-1,642425
0,1859983
0,7399465
-0,3419157
-0,4839849
0,3516039
0,2225776
-0,4509483
0,09396243
0,08502501
0,2547779
-0,6330407
0,7858485
-0,09525967
-0,5628116
1,101682
0,2749949
-0,2936034
-0,8956977
0,1975582
0,9223565
-0,1477924
-0,001707733
-0,3150694
-0,03078456
0,1301627
0,08396369
-0,6602108
-0,07364684
-1,205645
0,2081946
-0,2680543
0,0453791
0,07556856
-0,6083382
1,061319
-0,1129328
-0,8008785
-0,9111211
0,1945354
-0,6699487
0,3989351
-0,2616847
-0,4886127
0,2321296
-0,4127988
-0,2076341
0,4245391
0,8560842
0,3954961
-0,6152515
-0,8727363
-0,04857206
0,2629109
-0,8287547
0,9527666
1,137432
-0,4436331
0,8089747
-0,3829708
0,04348552
-0,2371485
0,2851875
-0,3978952
-0,2120054
-1,056062
0,507656
0,6575999
-0,168233
-0,1605046
0,6996661
0,07962285
-0,2119306
-0,4547113
0,07251716
0,3142427
-0,2605102
0,2714998
-0,05241644
1,552941
-0,7834142
0,7872449
-0,05221045
-0,8297794
-1,435091
-0,1725952
-0,162429
0,6283886
0,7612454
-0,3179267
-0,5926072
1,297897
0,8491467
0,2953483
-0,8897016
0,1608332
0,1766162
0,8506331
-0,390533
0,3756571
0,5682648
-0,5091804
0,7541715
0,81883
-0,3954961
-0,2035797
0,007012427
0,7872849
-0,1454257
0,2974015
0,9581975
0,9401385
0,1530932
0,03706706
-0,4247896
0,4558638
-0,4895071
-1,698469
-0,1380602
0,04376838
0,4865949
-0,3375251
0,856041
-0,0150305
0,05855882
-0,01320481
-0,09017694
0,8621796
0,7275296
-0,3003094
0,05899036
0,09492266
0,1810006
-1,047848
-0,1148425
0,1963612
0,01483047
-0,6754552
0,6118703
-0,8290381
1,070734
-0,7097676
-0,1205654
-0,3750353
-0,6362389
0,2141792
-0,1434434
-0,0717954
-0,35341
-0,3680171
0,1014557
0,2968484
-0,5309573
0,05555135
0,0692876
0,2569352
-0,6328996
-0,5244761
0,2705092
1,697003
-0,2451305
-0,07679862
-0,1622191
-0,253876
-0,0809074
0,9311932
-0,1992879
0,7815323
0,1715764
0,7931808
0,3025614
0,3792772
0,4024468
0,03081465
0,2870218
-0,1105437
1,392229
0,05569516
-0,6197087
-0,1326622
-0,6471239
0,6406372
0,7518754
-0,7156221
-0,7249136
0,592182
0,1809653
-0,4545459
-0,1496962
-0,2714188
-0,04940575
0,5126576
0,2211857
0,4074118
-0,2961287
0,4924238
0,8131297
0,4358895
0,2669277
0,2105317
0,7428832
-1,032727
-9,340048E-05
0,8216671
-0,6825042
0,583618
0,9514418
-0,4174662
0,5416186
1,222245
-0,1114824
-0,3829167
0,5708243
0,4811193
0,5125756
0,2964887
0,62794
-0,2716466
-1,173541
-0,9453931
-0,5754195
0,8407482
0,4545133
0,3067449
0,5146833
0,4617652
-0,1468338
0,3585332
0,1867822
-0,6022755
-0,3537946
0,1120508
-0,4454734
0,5109376
0,7335199
-0,4046324
-0,2849854
-1,1262
0,3471605
0,421733
0,9112955
0,2613422
-0,5785214
-0,3177845
0,08687848
-0,01564515
-0,4335743
-0,9888695
-0,008166313
0,224903
0,2461982
-1,496055
0,4325866
-0,8208299
-0,2314117
0,02972077
-0,6141457
0,5286725
0,457746
0,4130676
0,6757745
0,2874842
-0,3101861
0,1558615
1,109958
-0,3776526
-0,5344835
0,233279
-0,3264346
-0,8656584
-0,2406288
0,3235055
0,3610427
0,173215
-0,9243727
0,2752256
0,5273752
0,02945814
0,6430384
-0,3440636
0,8158789
-0,9404325
-1,021258
-0,4362673
0,2329722
0,3607522
-0,08600181
-0,6450639
0,3474628
0,4419931
-0,02057707
-0,1711546
0,4621066
0,5261182
0,2468149
-0,7967541
1,831357
-0,1045641
0,6601588
-0,1146225
1,662969
0,09420723
-0,4743232
0,5283605
-0,1628436
-0,3736844
-0,9099674
0,3240154
0,7316288
0,3490299
0,5441162
0,657418
0,08676136
-0,6384466
-0,2300836
-0,2845266
0,684181
-0,8645838
-0,9651514
0,6051227
-0,3816154
0,3673144
-0,9306448
-0,1004546
1,497715
0,2669328
0,02426898
-0,3871455
-0,004954994
0,3493719
0,6997909
0,1194324
-0,4418941
-0,08472365
-0,942167
-0,3965549
-0,7306591
-0,08495396
1,020713
-0,6081579
0,2228056
-0,05130872
0,9233761
0,3640215
0,9121125
0,8699009
0,5794338
-0,645758
-0,6356044
0,2331661
-0,1488311
0,4068834
0,6873999
-0,6195817
-0,3468316
-0,9416124
0,4615591
-0,5346652
0,4117097
0,4899224
0,5599436
-0,0002853274
-1,155224
0,6907682
-0,2509124
0,5040798
-0,01617831
-1,062755
0,2813756
1,471985
-0,4418447
-0,3525811
0,4026447
-1,165979
0,6053947
0,2041379
0,2640984
-0,8181077
-0,3270828
0,4276758
-0,5785964
-0,02516076
-0,5892354
0,5270464
0,1238096
0,2447882
-0,3647649
-0,1578249
-0,001890182
-0,1076733
1,758259
0,3912976
-0,5673953
0,185724
0,3538446
-0,6486714
0,2454511
0,7329225
-0,7383364
-0,5423124
0,8530065
0,4349328
2,290025
0,2614387
0,7443597
1,006816
0,2149785
0,1000854
0,303222
0,3921716
-0,4454322
0,736338
-0,01124287
0,3243143
0,6409602
-0,4992421
-0,5744609
0,1163103
-0,6062467
-0,705436
-0,668299
0,7337177
1,307301
-0,3753012
-0,1872078
0,7605549
-0,2185877
0,2394642
0,7231508
0,4581129
0,4438064
-0,562411
-0,1240777
-0,3618055
-0,2341465
-0,6126748
-0,5524192
-0,255255
-0,6810791
-0,8226731
0,4632119
0,1809772
-0,07341583
-0,7408371
-0,9024496
-0,5881626
0,1134208
0,4889813
0,5047022
0,7487758
1,058449
0,1963058
0,3025306
0,3941319
0,09261303
0,03289634
-0,3292385
0,3034291
0,2333665
-0,3006926
-0,01833779
0,2782754
-0,177286
0,7097226
-0,9230983
-0,1464727
0,08825326
-0,4553115
-0,2224191
0,6222512
-0,1437536
-0,2098746
-0,7823969
0,7531835
0,2130448
-0,4888209
0,05982237
0,5623626
-0,1780371
-0,2760664
0,8814446
0,4071461
0,2942457
0,1632442
1,373502
-0,7938518
-0,525915
-0,4344835
0,7559482
0,4088174
-0,1637587
-0,03475559
-0,835785
0,9641146
0,4216601
0,4563918
-1,04419
0,8322884
1,075501
-0,8864655
-0,2409863
-0,1416275
-0,4383647
-0,5632856
0,5535578
0,6181489
-0,2377563
-0,5167
0,9353278
-1,358817
-0,2663232
-0,1268347
-0,2612594
1,630691
-0,1217743
-0,680616
0,05468671
-0,1476048
0,04919124
-0,3873245
-0,3181759
-0,5833191
-0,1058602
0,2529627
0,6415892
0,03148425
-0,6722571
-0,2385077
1,159494
-0,2073767
0,3940165
0,274684
-0,4461533
-0,5288762
-0,4786793
0,4619176
-0,2046433
0,4399951
-0,1670132
0,2070657
1,560768
0,4617503
0,1123542
-0,2402798
1,108546
0,5419115
-0,6093355
0,2348251
0,8008703
-0,707159
0,8233637
0,68704
-0,8117785
0,6314388
0,02535588
0,8217261
0,689308
0,02764803
0,1170201
0,8409306
-0,0304507
1,951887
1,331079
-0,6977926
-0,1227396
-0,8009224
1,349894
0,08937705
-0,1514434
0,5380672
-0,6431442
-0,4848789
0,8366904
0,00627248
0,485442
-0,882999
0,3306772
-0,3557987
-0,372655
-0,07601304
-0,01005457
0,343663
-0,648899
-0,6912166
0,003856465
0,4503193
0,01267008
0,6035947
0,152142
1,793225
-0,4006192
0,1872002
-0,6365187
-0,02516711
0,2623017
0,1510693
0,006421626
0,08974026
0,09056717
-0,2309393
0,9327403
0,06842917
0,09478021
-1,318232
-0,3793575
-0,3893237
0,85674
0,6792758
-1,102359
-0,4468402
-0,4018485
0,4198792
-0,6677319
0,2844237
0,007376373
0,6771649
0,8348402
0,3469186
0,2126462
0,4577824
0,2309034
-0,2250601
0,5194665
-0,1343596
0,4224138
-0,3877196
-0,6245296
-0,6362406
-0,6456161
0,08058159
0,8380188
0,6320121
0,1043134
-0,09908205
-0,579106
-1,242675
-0,781624
0,6325554
-1,087868
-1,126311
-0,589162
-0,5020327
0,2344733
-0,3441221
0,1629067
-0,5407653
-0,003106445
0,2887491
0,758831
-0,9403191
0,293237
-0,6742344
0,3737196
-0,1573564
-0,3408319
0,7533409
-0,3186636
-1,310481
-0,4452714
0,1701139
0,3667744
-0,4347323
0,2655737
-0,873858
-0,2668897
-0,7035028
0,3070043
0,3208094
0,4017549
0,1312203
0,4493627
-0,1328159
0,3528478
-1,128569
-0,5538738
-0,1328521
0,4576533
0,3587914
-0,2090437
-0,7962912
-0,2295128
0,01168358
0,8021706
-0,9179481
0,1623445
0,3541456
-0,5056747
-0,1028019
-1,243905
0,3881807
0,861464
0,3825469
-0,0190745
-0,565033
0,2736343
0,4683318
-1,120853
-0,3019567
1,079301
0,2607597
0,4932481
0,04940641
0,4559729
0,2850657
0,1341166
-1,05057
-0,7439002
-0,05477458
0,9627054
-0,3613306
-1,283208
-0,3717272
0,4462004
0,02491343
-0,6607557
-0,6411368
0,1223671
-0,1124442
-0,3133951
-1,130025
0,5577985
-0,4511911
1,139365
-0,4875622
-0,6792627
0,02747333
-0,2652206
0,01097673
1,091105
-0,2494047
-0,1758708
-0,5549905
-0,3795964
0,9440423
0,4572645
0,3684577
0,9203197
-0,2266464
-0,08841556
-0,2742941
-1,085071
0,5054945
0,3558321
0,9544535
0,0437842
-0,09896016
-0,6740097
1,030269
-0,02921015
1,024049
-0,3416784
0,5954905
0,1667638
0,5882205
1,230192
0,1462154
1,205561
-0,6912489
0,22579
-1,773919
0,8013391
0,6499612
-0,1698916
0,6623629
0,08238852
0,6443436
-0,3580756
0,7470493
-0,2477483
-0,5485106
0,5025223
0,0002723336
-1,157044
-0,6434642
0,5062804
1,038896
0,1058555
0,9134804
1,636493
0,754826
0,4721036
-0,8870804
-0,03514035
-0,2933553
0,2691991
0,820933
-0,5352298
-0,4059767
0,4305729
-0,3845003
0,05034184
-0,8105974
-0,6429998
0,3884339
-0,7342302
0,08177277
-0,3162894
0,7540938
0,3920526
-0,4322184
-0,5512748
-0,3134627
-0,4362481
-0,07952172
0,2146105
1,730843
-0,9649028
0,05706471
-0,6987786
0,01594406
0,7107663
-0,08772267
1,048089
-0,4388864
0,1640255
0,1792929
0,633935
-0,6698993
0,1985556
0,264382
0,4300662
0,355689
-0,6451442
0,2334317
0,337448
-0,8443579
-0,6480148
0,1598253
0,2398688
0,4763785
0,2290431
0,09210527
-0,4937903
0,2532229
-1,20574
-0,3631022
0,1298149
-0,4830701
0,6118607
-0,5527242
0,9644285
0,7170391
-0,1133076
1,029818
0,05142194
-0,6826947
0,9414976
0,09569483
0,003554165
-0,2199123
-0,5472171
-0,1164284
-0,07041891
-1,301721
0,415647
0,1690765
0,09291205
0,9750583
0,6237427
-0,1903512
0,581736
-0,1356791
0,1278071
0,3494415
-0,04711254
-0,2784054
0,02094263
0,353108
-0,6100815
-0,5002372
0,9971195
0,01562971
0,2915531
-0,2419791
0,3213829
-0,6839761
0,1752623
0,4828037
0,3363217
0,45556
-0,0654906
0,6766228
-0,4093026
-0,128566
1,592262
-0,4107971
-0,5422591
0,3534663
0,04319905
-0,1826762
0,4317747
-0,0108192
-0,6743935
0,4770076
0,2795824
-0,3167895
0,7146349
0,2942261
0,8229213
-0,3028921
-0,09923929
-0,0223313
-0,1069999
0,3883798
-0,3331001
-0,2470696
0,1956417
1,107912
0,749922
0,07456791
-0,1511209
0,05917519
-0,4160008
0,819762
0,5967895
-0,04036558
-0,1811544
-0,8730115
0,2607303
0,5189106
1,128819
-0,1872361
0,1887439
-0,8187935
0,4401792
-0,1827053
0,5609464
-0,523717
-0,04084373
-1,141365
-0,3485364
0,6727149
-0,2828209
0,449119
-0,2677327
-0,3967614
0,5291727
0,3352935
-0,5594477
0,1461858
0,2597982
0,001542315
-0,472612
-0,428462
-0,2559446
0,8560441
-0,5838999
-0,6564388
-0,6591709
-0,7685912
0,475277
-0,4385222
0,8604774
-0,04068126
-0,2166516
0,818529
-0,5813225
-0,5289811
0,4276998
1,551259
-0,5214397
-0,3314364
-0,1571729
0,1070675
-0,277441
-0,5849174
-0,2502362
-0,03668189
-0,4890107
-1,267888
1,179849
-0,4955628
-0,845406
-0,3793398
-0,02217376
0,4985241
0,7157038
1,261049
-0,3021803
-0,1519857
-0,4392535
-0,8425166
0,4745124
0,9792916
0,9759393
0,6487608
0,0214591
-0,364677
0,6262879
0,23498
0,01352012
1,153803
0,4007423
-0,7921649
0,8684825
-0,9567317
-0,406831
-0,2520179
1,510473
0,3231246
-0,8073145
-0,6393359
-1,085489
-0,2215011
-0,9239036
-0,4326866
-0,2355388
0,04012132
-0,1355608
-0,5001722
-0,5746168
0,3067974
0,9793181
-1,290808
0,7397363
0,5466971
-0,2479334
0,8318268
-0,3674921
-0,519662
0,1339065
0,9325724
-0,5047732
0,9302499
-0,4754247
-0,7822646
-0,5413266
-0,256714
-1,115674
0,3983192
-0,420983
0,1948738
-0,3425889
-0,04364002
-0,4518777
0,540437
0,5637263
0,5016006
-0,5634421
-0,3780457
0,05335282
0,2585017
0,1145023
-0,07827181
-0,9613967
0,2040438
-0,02362633
0,02085263
1,609557
-0,4257576
-0,5398492
0,7035681
2,898622
-0,6935325
-0,7045418
-0,7848942
-0,05978858
-1,179591
-0,0382687
1,63509
0,7868005
0,5847549
-0,5714915
-1,377752
1,558697
-0,157477
-0,1637302
0,5674106
0,2506257
0,7326893
-0,07994536
-0,09249909
-0,8965495
-0,2528841
-0,06525463
-0,2215798
-0,783715
0,6468648
0,6102976
0,1713694
-0,1686374
-0,4542776
-0,07672109
-0,1150241
0,1444528
-0,1085448
0,1941419
-0,1655127
-0,1089766
0,2502502
-0,8017464
-0,4102996
0,3253087
0,6760404
-0,8907117
0,3588747
-0,4104167
-0,4642951
0,1013861
-0,6614747
-0,4136081
-0,1475977
-0,5197605
-0,5029731
-0,3604599
0,07765573
1,042551
0,6239668
-1,055237
0,8327248
0,1715165
-1,025544
-1,214834
0,3163046
-1,152225
-0,4333932
-0,04504657
-1,07957
0,4038212
-0,2007545
0,5849802
0,9718028
0,6060593
-0,7655433
0,002512991
-0,7145203
0,5450368
0,5184614
1,590471
0,4019077
0,6323615
-0,3292475
-0,03262275
0,9911692
0,3091335
0,7390025
-0,0152266
0,3201901
0,5160233
1,792963
-0,5807592
-0,4341781
-0,2874386
-0,2189715
-0,6843224
-1,86168
0,9555594
0,4373134
1,170328
-0,13432
-1,433532
0,3767371
-0,8165772
-0,1979581
0,6712992
-0,05578578
0,3275531
0,1128324
0,1246502
-0,02728248
0,509024
0,7928326
0,3259449
-0,3866913
0,5280703
0,3456713
-0,3488621
-0,6095974
-0,6367283
0,3846281
-1,043932
0,6592194
0,2018785
0,35176
0,3298095
0,2238093
-0,3717097
0,6450744
-0,3929955
1,119279
0,6125132
0,3081828
0,4188949
-0,7364694
-0,01108038
0,2608633
-0,6596528
-0,7738237
0,2727752
-0,8125022
-0,9524829
0,796127
-0,1310789
0,4447132
-0,7561648
-0,8971291
-1,12072
0,2649504
0,1375056
-0,6027644
-0,3950717
0,4760448
0,4857571
-0,3164794
-0,07658011
-0,105224
-0,8411356
0,04195541
-1,087648
0,07695179
0,7164712
0,9050276
-0,5910596
0,1624775
-0,4292518
-0,3002991
0,4400595
0,741911
-0,2112782
-0,5936297
-0,03764917
-0,781302
-0,4061033
-0,0979712
0,04817647
-0,1985839
-0,7386807
-0,1049808
-1,113125
-0,4075288
0,8328233
-0,2700623
-0,2155614
0,02966279
0,3195357
-0,9887011
0,2531867
-0,1454561
-0,8042575
0,2871778
0,6653033
0,477795
-0,03416315
-0,8863645
-0,9753246
0,07784049
0,3140835
-0,09427243
-0,9419179
0,2437933
-0,3889607
-0,3621817
-1,295248
0,6294913
0,06742918
0,3452672
-0,5459424
-0,5268802
0,3955497
0,9687548
-0,8543541
-0,2825136
-0,4785875
0,04358487
0,01032794
0,2699938
-0,1226516
-0,3470734
-1,083371
1,239828
-0,2454864
-0,2758345
0,7344023
0,3042696
-0,4743472
-0,2797977
-0,05330479
-0,7895187
0,05554447
0,1489051
0,01205581
-0,4600118
0,6298783
-0,3474324
0,4749007
-0,0959385
-0,8333604
-0,5732303
-0,2832813
-0,06928553
1,153469
-1,598756
-0,2469835
-0,2707411
-1,585365
-0,9406345
0,9325521
-0,2846913
-0,5838579
0,4905738
-0,2292686
0,7626432
-0,1785159
-0,1668006
0,1278627
-0,01974154
0,01096153
0,2926568
-0,2064649
0,2978374
-0,3195728
2,129323
-1,032172
-0,6433571
0,6315014
0,2864326
0,8897718
-0,8724759
0,8772939
-0,02792466
1,353366
-0,4988704
0,06748253
0,2756544
1,004733
0,675903
-0,1638902
-0,8990019
0,3988325
0,7290614
-0,3954799
0,1622516
0,5063661
-0,3574219
0,398267
0,5502098
0,5179403
-0,05079216
-0,6513683
0,5926101
-0,3515931
0,7473341
-0,2578884
-0,7970347
-0,4597641
-0,234584
0,002947688
0,9018047
-0,682866
-0,03653091
-0,6497726
0,1018109
0,3409846
-0,3668802
0,1841017
0,2574568
0,1108613
0,8369429
0,8871176
-0,3234054
-0,5067647
-0,2155759
-1,018506
-0,3727833
-0,386383
-0,6019663
-0,2326383
0,4021407
0,8232435
1,445548
0,8843408
-0,8411611
-0,1218386
-0,1618087
-1,206885
0,7027149
0,6801865
0,4491956
0,2886943
1,559075
-0,2989013
0,3437729
-1,306635
0,1002265
-0,7928926
-0,4514154
0,4488727
0,6692625
0,7416689
-1,193956
0,3797445
0,2132524
0,1053097
0,03294925
0,6436837
-0,3122661
0,530926
1,076171
-0,324833
0,3984022
0,4898881
0,02365571
1,274337
0,1530277
-0,7876075
0,2271109
-1,12395
1,357279
-0,1481596
0,9023781
-1,67128
0,9493284
1,191398
-0,1862134
0,8241037
0,3511061
0,9529311
-0,3791165
0,09934925
-0,6337579
0,8809425
-0,7490574
0,2640923
-0,2411192
1,183194
-0,6972993
-0,04379886
0,2133127
1,021924
0,5905796
-0,2720329
-0,299749
0,3358564
-1,484922
0,4302667
-1,071841
-0,1624285
-0,3905663
-0,6267912
-0,2742674
-0,2158938
0,6011878
0,645156
-0,2143264
-0,2072111
1,356704
0,6493732
-0,5315877
0,03031707
-0,4885264
-0,229515
-0,3859187
0,8062727
-0,5542047
0,004750311
-0,1130978
0,394463
-0,505635
0,2860368
0,06097835
0,02336413
-0,4463105
-0,6462736
0,934001
1,184517
-0,2708852
1,692559
-0,2647327
0,4578977
0,2514955
-0,002668738
0,4589434
0,2055861
0,4772695
0,5751727
0,211064
1,192057
0,3810936
0,3714471
-0,7196918
0,5577825
-0,2727768
-0,4415186
-0,2157983
0,1698672
-0,2636138
-0,1107611
0,2808486
0,2736388
-0,02129561
0,6674647
0,8732233
0,03167205
0,7672373
0,2033617
0,6125579
0,0395962
-0,09312421
-0,3394971
-0,5115259
0,8050488
-0,02793342
0,8779791
1,627959
0,09445852
-0,6492129
-0,3513359
-0,105809
0,2616309
0,5244908
-0,1393106
-6,836653E-05
-0,1644138
0,3414518
0,7037693
0,3758539
-0,8940177
-0,04777575
-1,395888
-0,5907264
0,6606821
0,9038555
-0,82481
-0,3493425
-0,07775956
-0,2913012
-0,9493993
-0,7426556
-1,068271
0,3889032
0,2188377
-0,5175027
-0,08648777
-1,337785
-0,2383918
0,5880725
0,1891796
1,270641
0,9369951
0,3596313
0,1947138
-0,05527246
0,01452854
-0,02801496
0,4072468
-0,5278215
0,4614364
0,4372386
0,07006977
0,2200412
-0,06407773
-0,3770981
0,4049938
0,1033036
1,148947
0,07590246
-1,207714
1,489799
1,090315
-0,2952336
0,329228
0,5063919
-0,4400169
0,1448694
0,281794
-0,5347325
0,7327853
-0,7872541
-0,04501063
0,4005851
0,6380435
-0,222871
-0,1457639
0,5232589
0,3367727
-0,1007998
0,2664269
-0,08819765
0,8186771
-0,1999305
0,7758614
0,4728785
-0,7816993
0,7014123
-0,2173194
-0,02969235
0,5090002
0,6605455
1,012766
0,2137827
0,04396486
0,3013896
-0,5162581
0,2348143
0,573645
-0,06285048
-0,2562385
0,3937445
-0,1343977
0,7713167
-1,144428
-0,6064692
-0,3352273
-0,215376
-0,6900608
0,3715642
-0,01062673
-0,0281707
-0,20548
0,4728508
0,2902914
0,700415
-0,1585158
-0,3253328
0,4287578
0,3604526
0,159246
-0,5655058
0,7927927
-0,9722367
1,036401
0,06693584
0,9479637
0,25631
-1,151564
-0,01596768
0,8407302
0,4642276
0,1651388
-0,2279179
0,3022726
0,2935569
-1,529116
0,4013706
-0,2700731
-0,6975566
-0,3057663
0,225749
-0,3496602
-0,7323991
-0,585095
-0,6224272
0,221958
-0,345228
-0,02886319
0,4777704
-0,2309282
0,716737
-0,9212544
0,01268637
0,5851344
0,529374
0,6483934
0,6228947
0,8933539
0,4473778
-0,07042147
0,08203268
-0,9594967
0,391579
-0,6121519
0,4516122
0,4499118
-1,252656
0,1199019
0,2283228
-0,07956655
-0,5866798
-0,4163548
0,122209
0,8445007
0,3527728
0,07834119
-0,06311399
-0,4813836
-0,2095643
0,5709242
-0,01542819
-0,2508745
-0,4980602
-0,1078596
-0,1237034
0,5032176
0,4969329
-0,1010779
-1,212357
0,5661084
0,07395858
0,04692549
0,701389
0,6032559
0,284255
-0,1961505
1,114036
0,6868259
0,4504225
-1,353722
-0,5406802
0,1289563
0,09612
-0,04079762
0,8554178
-0,08021009
-1,727192
-0,4480396
0,08893627
-0,003845453
-1,065413
-0,04942495
0,5624557
0,6752279
-0,9792562
0,611606
-0,6536957
-1,434345
0,4427618
0,2164038
-0,9582068
0,4144503
0,2812345
0,1144031
1,175369
-0,3036923
-0,5305479
-0,3335204
-0,3166281
-0,02066034
0,1114309
1,209571
-0,4451268
0,03846455
-0,3458092
0,4315874
-0,0959782
0,09933418
-0,4548487
-0,09912968
-1,114352
0,6029845
-0,2018021
-0,8361161
-0,5210865
0,4917205
0,5663587
0,3033323
-1,224734
0,2571702
0,09306073
-0,2249457
-0,2736908
-0,0675925
0,2954602
0,8436447
-0,7648119
-0,09933245
-0,739352
-0,1028209
0,7157956
0,66166
-1,15071
0,5257795
0,3502615
-0,4418538
0,2062942
0,02837294
-0,4505845
2,128352
-0,146621
1,131967
-0,783884
-0,1010824
-0,7092625
0,009373784
0,02939111
-0,494459
0,2335742
-0,2801208
-0,5883689
1,249838
1,156796
-0,734291
0,2335533
0,1447481
0,8056779
-1,152555
-0,03921372
-0,9604088
0,2757642
0,2430959
0,434925
-0,4249345
1,684194
0,01874262
-0,6165414
-0,5323219
1,249698
0,2543408
0,1744885
-0,2918992
-0,1607214
-0,3729753
0,4647449
-0,1411137
-0,4228805
-0,1420733
0,2064383
0,01265138
1,107373
-0,246575
0,8169801
0,8271682
0,2828367
0,02440643
0,1077998
0,2450525
0,4792495
0,4130185
0,1311402
0,01817656
0,0707047
-0,2379773
-0,8276061
-0,3164986
0,2651668
1,377511
-0,5968391
0,9323309
-0,01751669
0,4807624
-0,2391441
-0,1435015
0,2922863
-0,4236783
-0,6833633
-0,07064492
0,9525273
-0,1554058
0,4564967
-0,1236823
0,3322687
0,1697771
-0,5881056
0,7479846
0,5709287
-0,07010598
-0,1769307
-0,502184
-0,3786651
0,1082944
1,251143
-0,8631646
0,3858616
-0,2794188
-0,1992998
-0,4414462
-0,5295374
-0,5767032
-0,07889658
0,308188
-0,3816552
-0,5455705
0,851099
0,2440964
-0,2173233
0,9115767
0,4755229
-0,2334683
-0,2786416
1,465819
-0,1291442
0,01478934
-0,1559419
-0,04121745
-0,4138162
0,3517742
0,09285408
0,1259707
-0,5123999
-0,2481136
-0,320075
0,4751055
-0,1513975
1,045464
-0,1082134
0,4127793
-0,3566847
0,146533
0,1450299
0,07349002
0,119917
-0,0538207
0,357863
