-0,5648364
-0,285414
1,453642
0,7308357
0,212002
-0,521668
-0,7417573
-0,1670676
0,1758182
0,6371094
-0,00431478
0,7406573
-0,7125231
0,4540595
0,7283545
-1,557264
0,354015
-0,1892525
-0,1948497
-0,4806255
-0,7548327
0,182465
0,5632715
0,6436107
-0,8657185
-0,7598818
0,6495606
0,2985575
-0,0307925
-0,6271174
-0,1433407
0,5764253
-0,06894733
0,1410653
-0,7227129
0,31702
-0,2411163
0,7932034
-0,2352848
0,5122188
-0,334434
-0,1938216
-0,03980553
-0,1980796
0,9131501
-0,5059804
1,292259
-0,01571786
-1,554396
0,6499258
0,7982593
1,328154
0,1085231
-0,2945242
-0,08947712
-0,751027
0,8451253
0,2221691
-0,3460604
0,3633705
0,217401
-0,3757263
-1,277345
0,5668232
0,3976991
0,6692126
0,5163617
0,5850767
-0,07782553
1,119169
-1,220735
1,229867
0,2302943
0,371082
0,2032054
-0,8502133
-1,417685
0,2873272
-0,1886041
-1,21148
-0,5134475
-0,8598503
0,3049464
0,3172418
-0,07745647
0,3738097
0,03487547
-0,6289124
0,5911294
0,9353465
0,5861252
-1,140704
-0,6879742
0,3410578
-0,3650062
-0,6787156
-0,9533298
0,04552633
-0,2636753
-0,4709541
-0,8457793
1,006683
-1,15864
1,372202
-0,08337553
0,7130821
0,3993324
-1,181194
0,8910075
1,08363
0,3543695
0,7456549
0,8557094
0,112455
-1,6634
0,4938156
0,08533835
0,8139699
0,8443063
-0,650343
-0,2043519
0,8321052
0,6229213
2,145561
1,388778
0,1594784
-0,01847962
-0,3447454
0,5538576
0,9649644
-0,6382233
-1,002128
0,1755765
0,174102
0,1628496
0,2229955
-0,1149856
0,9092505
0,7731569
0,08857998
-1,013152
-0,8017514
-0,05200276
0,565984
-0,1783286
0,03433481
-0,6808748
1,068648
-1,803016
-0,2216237
-0,4480045
-0,5360609
-0,4382106
-1,447326
-0,1592121
0,08319512
1,006212
-1,34606
0,08189096
0,986057
0,1826042
1,200819
-0,4912527
-0,17479
0,1187244
0,03069803
0,3971998
0,9264774
0,0206424
0,2684796
-0,5533105
-0,1550497
0,5082679
-0,6875247
0,1431864
0,4710667
-0,3689039
-1,388988
0,02724437
0,9715645
-0,4882588
-1,654562
-1,385136
0,6865137
1,730068
0,3255541
0,2860712
0,1048259
0,4153406
0,5140911
0,005931973
0,4135283
-1,314051
0,5919944
-0,1012017
0,9252127
1,13495
0,3942357
-0,8941888
0,3754429
0,9897087
-0,2754499
0,6158911
-1,175623
-0,6920265
0,370253
0,3049492
-0,9868581
-0,1062499
-0,2903242
-0,0761614
0,2948764
-0,7398345
-1,470045
0,2776862
-1,464445
-0,1882019
0,0149281
1,013034
-0,4706419
-0,1108993
-0,8567922
-0,06521976
-0,4060041
0,7681258
-0,04779793
0,9523271
0,319801
-0,1944225
-0,07403086
-0,4365635
-2,093727
0,8464701
-0,6813589
-1,3702
0,6070482
-0,6835539
1,120885
0,02842687
-0,9375048
-0,0857507
0,007816076
0,7356508
0,9503144
0,932698
-0,9146825
-0,7216197
0,6388196
-1,088206
0,5091283
0,20519
0,9785864
-0,1152632
1,007252
1,096468
-0,5303069
-0,7911811
0,8069997
0,1389408
1,3542
-0,3969997
0,5446873
0,9259517
-0,414412
0,0231508
0,1243376
0,9105211
-0,01530468
-0,4780359
0,1766531
-0,8840801
-0,2991164
0,7226954
0,1271675
0,2558187
0,5251467
1,023927
-0,6728884
0,8330112
1,268371
1,166627
-0,4352719
0,6230009
-0,4424674
0,9512156
-0,5631081
0,6062141
0,6151987
-0,07852411
-0,412916
-0,2886763
0,390923
-0,8868464
0,7091157
-0,03099394
-0,6673891
0,2711858
1,43302
0,4878392
1,35844
-1,208157
0,4679003
-1,122112
0,4358711
0,4009219
0,4665391
0,4898817
0,8066444
-0,1130401
0,4129071
0,5341676
-0,2555969
0,3349057
0,6236713
-0,3084832
0,25382
-0,8507285
0,09944391
-0,1729271
-0,4252036
-0,1637059
-1,197854
0,4084367
0,743825
0,739014
0,006598473
0,8338067
-0,9472817
-0,6984762
-0,7397863
1,995831
0,1364751
-0,2010442
0,5139003
0,1746836
-0,5486502
0,2046856
-0,8768481
-0,311219
0,2231548
-1,272779
-1,388382
0,09691456
0,7970768
-0,5864961
0,1385066
0,01782323
0,0176872
-0,8232239
0,1454237
0,5347569
-0,2815679
-1,340484
0,5605874
1,027301
0,1472883
-0,1455767
0,7459798
0,02700344
-0,4957688
-1,61897
-1,263505
0,5863553
-0,9563491
-1,157913
-0,4322737
-0,3002622
-0,3113104
-0,1772746
-0,4530404
-0,2050559
0,4044778
0,3242156
-0,1678232
-0,04300559
0,00864011
-0,1854341
0,3933913
0,933873
-0,08948006
-0,1775552
0,4852194
0,9492134
0,06667358
0,1636721
0,8469043
-1,05756
0,134719
-0,5486728
-0,5708919
-0,2464948
0,4329074
-0,1707765
0,8757758
0,6600749
0,5889688
-0,1271442
0,2306325
-0,1323095
-0,298775
-1,002064
-0,731112
0,4077353
0,2750019
-0,4203993
-0,01963389
0,102041
-0,5809182
0,627139
0,5105201
0,5020941
0,4501069
1,993301
1,424523
0,05876711
0,7442308
0,07006717
-1,466653
1,499341
0,1255507
0,05519503
1,761433
-0,1375392
1,225146
-0,7808728
-0,8190003
0,4527236
-0,4458585
0,06775127
-0,7590899
-0,4783593
1,195237
-1,372985
-0,9719727
-2,326217
0,6503319
-0,1405675
1,018623
0,4069585
0,5316606
-0,7610492
-1,033941
-0,2641355
-1,175823
-0,7489966
0,4968289
0,1910896
-0,6187947
-0,5820876
0,1277902
-0,493102
0,9983643
-0,208107
0,9430953
-1,000172
-0,4662273
-0,673943
-0,875344
0,06818081
-1,609602
1,880768
-0,1584521
1,081463
1,384947
0,03913604
0,1853148
-0,1856053
0,5067577
0,3229967
-0,08716823
0,04809282
0,7147886
-0,1226455
0,04229723
0,7005886
-0,3324145
-0,00820972
-0,7855439
0,2090575
-0,452644
-0,9448296
-0,7543132
-0,1157346
0,3317538
-0,1074983
-1,042781
-0,3032455
0,6123963
-0,7163209
-0,9057486
0,6260563
0,01339108
-0,6762275
0,02711681
-0,4641241
0,1164891
-1,276265
-1,079646
-0,7188713
0,2554159
-0,5051405
1,002077
0,01793969
-1,089968
0,03065509
-0,5035548
0,7936469
0,1171874
0,2277361
-1,59037
0,732002
0,3460587
0,3143651
0,3348625
0,1730354
0,407338
-0,6204244
-0,2795094
0,09665859
-0,7546176
-0,2977139
0,7497336
0,6425889
-1,207181
0,215854
0,4951055
1,282782
-0,847616
-0,2486097
-0,5356227
-0,5822549
-0,3067622
-0,001636147
0,5102434
-0,1600488
-0,5023017
-0,5464677
0,7975252
0,4701868
-0,2252063
0,1383445
0,3768187
-0,2798109
-0,1316749
-1,092314
1,418463
0,39716
0,393418
-0,2787303
-0,3925891
-0,6660597
-0,9832773
-0,5223064
1,011367
0,24297
0,08096176
-0,7518577
-0,9996181
-0,7116452
0,2575577
2,093851
-0,2629801
0,6478863
-0,5401521
-0,819505
0,4299687
0,5203663
-1,299087
-0,8420197
1,221547
-1,621743
0,6296551
0,485527
-0,5029237
0,9333546
0,1037943
-0,272826
-0,6170084
-1,437842
0,1927114
0,6535546
-0,834696
0,02889726
-0,1282326
-0,1125278
0,5763267
0,3555431
1,063967
-0,2372017
0,1283742
-0,668585
0,37261
0,7869557
-0,535868
-0,379014
0,3907683
0,1453488
-0,01675709
0,01388961
0,2702853
-0,3121069
0,05997887
0,1955523
0,3320656
-0,3391737
-1,240482
-0,3539387
-0,1280574
0,1299769
1,205339
0,04518603
0,2189879
0,8477129
-0,04827644
0,008580029
-0,3538018
-1,596767
1,106007
0,03469631
-0,1257116
-0,121571
0,03650138
-0,9622454
0,85619
-0,6793832
-0,4495572
1,513187
0,3199617
0,4734348
0,1647605
0,1782925
0,09568864
0,3458671
-0,9308728
-1,44
-0,005303055
1,682398
-0,0715659
1,27694
0,09443402
0,7722245
-0,2924489
0,378565
0,5103615
0,4776841
0,6840858
0,5959811
0,3561826
-0,5200236
0,08448856
-1,336036
0,3416932
-0,598655
-0,9645231
1,748195
-0,2319764
0,6653606
0,1363019
0,1692073
0,738624
0,1106132
0,2950216
0,5044289
-0,133611
-0,7601941
1,475797
-0,1979332
0,04329656
-1,148004
0,04849359
0,6014371
0,3550491
-0,4908469
-0,896
0,3496808
0,8850881
-1,075779
1,0176
-0,6347907
-0,3457364
-0,8405143
-0,09873924
-0,3844002
-0,8340258
-0,2822132
-0,2935586
0,4323845
0,1264829
0,4658338
-1,073672
-0,2931843
-1,153213
-0,6833206
-1,114117
1,596714
-0,5203187
0,07917053
0,5656381
0,1546371
-0,6428041
-0,241048
-0,3282457
-1,01117
0,09126985
-0,679759
-0,5812129
0,7646337
-0,09563148
0,3508216
0,6821975
0,1013682
-0,1957069
-0,2029304
-0,8309714
0,4169541
-0,4422461
0,2192269
0,4693143
0,05555433
-1,114486
0,2659888
0,7735004
0,8197389
1,437891
-0,1172736
-0,5372003
-0,1762054
-0,973771
-0,976045
-0,3916731
-0,765214
1,216869
0,04212576
0,4408135
-0,1814478
-0,07758456
0,4965042
-0,2022992
0,003333315
0,6834893
-0,8948948
0,5168208
0,6932259
-0,01337612
0,1340863
-0,5101491
0,09738547
-1,546574
-0,5561456
-1,143911
-0,3786811
-0,2609861
0,8423697
-0,1161975
0,04785948
0,7300125
-1,018798
0,04134589
-0,1639286
-0,4611992
0,9783368
0,3602317
-1,472777
0,2510047
0,2105454
0,6933525
-0,6762928
0,1545678
-0,1635116
-0,7967398
-0,281692
-0,967283
2,195032
1,33599
-0,02856487
0,3159853
0,3303805
0,7216169
0,4840974
0,2858944
-1,081351
-1,372386
0,2471034
0,6918768
-0,1205548
0,1912342
0,01201057
-1,049111
0,7314396
-1,002978
-0,9713945
-0,01624864
-0,1171113
-0,2873954
0,2668328
-0,04536609
-0,7296546
-0,003617182
1,118574
0,6796024
-0,3615731
-0,9572546
0,4180314
0,9864577
1,089672
-0,7729799
0,07638592
0,8260629
0,6578829
1,521648
-0,399502
0,02411889
-0,1407675
-1,023911
-0,1822908
-0,2312989
0,25506
-0,146326
-0,6549154
-0,2466339
-0,486883
-0,8344252
0,890019
0,6178192
0,9253613
0,5183835
1,119203
-0,2789635
0,8202764
-0,1905807
1,256546
1,397249
-0,1548868
0,2861609
0,3454156
-0,6758332
0,051605
-0,2653537
-0,2752784
1,144306
0,0367229
-0,3417495
-0,5098085
-0,2256579
0,9696443
0,1094395
-0,7626066
-0,8620791
-0,4654034
-0,2287769
0,9649588
0,2818841
-0,06863411
-0,5454989
-0,349403
0,7257705
-0,5643438
-0,3694909
0,2634147
0,1133485
0,1657916
0,5844488
-0,1092864
0,8820906
0,6437432
0,5706705
1,208859
-0,7663504
0,3012585
0,2256069
-0,3443927
0,8983252
-0,5522712
0,2940747
0,8877123
0,1281871
0,8423077
-2,815522
-0,2198077
0,003515452
-0,4969006
-1,614015
-0,4563856
-2,236982
0,559277
-0,9777706
-0,04583472
-1,247055
0,01698476
0,2212789
-0,04567748
-1,08646
0,5152013
-0,2518311
-0,4651807
0,4686908
-0,3944334
-0,003000379
-0,4486016
-0,3935875
-1,337947
-0,3839696
-0,04979134
0,2394978
1,487973
0,459609
0,1340942
-0,7378097
2,636563
-0,31102
-0,3805835
-0,6350981
0,9105512
-0,4466179
-0,2469125
-0,7103586
-0,150216
-0,6002811
-0,2184369
-0,1748651
-0,6000162
-0,6251483
-0,1852853
-1,028409
0,008341089
0,0754759
-0,91079
1,248969
0,7275169
-0,2910216
-0,003173351
-1,123069
-0,129895
-0,2106996
0,1219034
-0,2622568
0,7736562
-0,3083466
-0,1156926
1,371586
-0,09044187
-0,4200012
0,7725411
0,7227799
-0,3072923
0,4349424
0,1556848
0,8211941
0,4044716
-1,006948
0,5341327
-0,2784365
0,5503575
-0,6083366
-1,446035
-0,384965
-0,1105052
0,2445194
-1,808719
-0,04640639
-0,7136373
1,834334
-0,6565626
1,200809
-0,5547238
0,4369876
-0,1382862
1,104144
0,8037872
1,077506
0,6026989
0,8156971
-1,371092
-0,6117175
0,00584501
0,2658023
-1,097945
-0,3240371
1,019692
-0,1802832
0,6840274
0,4594747
-0,4026204
-0,3413415
-0,03467369
-0,189584
0,6848422
-1,246979
-0,5072426
0,9159786
-0,6861364
0,7169992
-1,128119
-1,312498
-0,5967634
-0,9670829
-1,152978
-1,14188
0,1509582
-1,029275
0,07182114
-0,08092113
0,8534971
1,087191
-0,3730419
-0,2132745
-1,132486
-0,2723814
-0,0585224
0,7207354
-0,2002454
0,0939903
0,7628487
0,6548927
-0,5462145
0,04328233
0,1935107
0,4924529
-0,9814693
0,2639976
-0,670849
-0,1627477
-1,208099
-0,4019565
-0,3101749
-0,2401984
-0,03932546
-0,3428424
-0,3251886
1,193436
0,7670124
0,6379303
-0,3306039
-0,01560032
-1,721335
-0,6340627
-1,491614
-1,136041
-0,1110733
-0,3503203
0,9950145
-0,426591
-2,162916
-1,269587
0,4678908
-0,2957821
-0,1625353
-0,05705714
-0,4008474
0,005936384
0,8367753
0,5181987
-1,017108
0,1746129
-0,2069097
-0,7100965
-0,9349241
-0,2034627
1,104736
-0,8867342
-0,8250105
0,6797804
-0,5896332
0,01683503
0,1935634
-1,324782
0,3722824
0,3225643
-0,2938383
-0,0517827
-0,5999758
0,2544312
1,448324
-0,7447645
-0,6186448
-0,8811899
-0,53405
-0,0755282
-0,04062429
0,6444883
-0,3336893
0,2000828
-0,8186038
0,7448601
0,3911879
0,088673
0,1734811
-1,445444
-0,3563408
-0,5672393
0,3108887
0,8634018
-0,4263092
-0,1604831
1,481706
-0,3359083
-0,1265693
1,165649
1,365192
1,539882
-0,3215568
-1,03795
-1,183407
-0,1865274
-1,307244
0,8384425
-0,3732215
-0,5364091
0,4948294
0,4701449
0,009700641
0,6364522
-0,19964
0,3141821
0,1494714
0,8664266
1,130189
-0,2244416
0,3023201
0,8801807
1,607282
-0,5778053
-0,5719169
-1,088314
-0,177959
0,2603205
0,2891513
-0,5385352
0,05980644
-0,9719512
0,5464117
-0,8144567
0,4694213
-1,184439
-1,04847
-0,05719233
0,2662881
-0,06266189
-0,220928
1,672901
1,346091
0,1645567
-0,6332816
-1,227975
-0,4515399
-0,2703912
-0,1408071
1,098843
-0,3572752
0,4103161
0,9163892
0,03617805
-1,840171
0,8231654
-0,1143898
1,130935
-1,177033
0,1087814
0,1614003
0,5694308
-0,3875238
0,9974611
1,088219
0,4789987
1,009693
1,354807
-0,2594334
0,0421555
0,9826956
0,1486707
-0,3276221
0,4838544
0,3600417
-1,365631
1,09946
0,2953731
-0,8341766
0,3432451
-1,112081
0,1933399
0,2115491
0,9289891
-0,1266439
0,6098823
-0,3521358
-1,914492
-0,9094425
-0,4098647
0,2323028
-0,4074925
0,5955803
0,3343832
0,05245568
-1,408808
0,7792528
0,3011222
-0,2882035
-0,3774626
-0,2337109
-0,9242588
-0,3906953
-1,235255
-0,2123875
-0,6787042
-0,7488537
-1,792006
-0,8811383
0,5403867
-0,4778458
-1,048434
-0,08462369
1,346998
-1,894757
0,05861479
-0,9675116
-1,420965
0,2643064
-0,4922376
-0,5390578
1,016466
0,3434579
1,194832
-0,6993621
0,4846029
-0,4598404
0,670828
0,4904519
0,04800767
-1,160527
-0,2975791
-0,5317622
0,2412658
0,7462611
0,7167849
0,6446822
-0,1990665
-0,1926384
-0,1223882
0,6686898
-1,408613
-0,8665815
0,2695776
0,3974969
0,3521382
-0,8651249
-0,5075282
-0,4996815
0,9690173
0,7335521
-0,8232688
-0,2705468
0,4901629
1,375207
0,3500774
-0,1280707
-0,5023137
-0,7931854
0,2507499
0,2731149
-0,7477465
-0,2429805
0,7623004
-0,6697413
0,04808313
0,8731117
0,4073973
-0,01289059
0,07544324
-0,4559695
0,7031267
1,4329
0,3720804
0,9160818
1,043406
-1,465122
-0,0816642
0,07816915
-0,7289888
1,864331
-1,442375
-0,2060724
-0,6883596
0,1634514
0,1392954
-0,2653889
0,8219229
-0,1168988
-0,1420847
-0,6067523
0,7879783
-0,6488041
-0,5667227
0,5729492
-1,412143
0,3679681
-0,9192656
0,5447034
0,03422831
0,162118
0,05027038
1,167195
0,5260757
-1,307114
0,213168
-0,02919126
-0,2347334
0,8373445
-0,2581432
0,2141949
0,07673071
-1,950921
0,5185013
-1,597292
-0,7543329
1,01791
-0,258185
-0,6350173
1,246388
-0,6818703
0,2638889
0,8729801
-1,000236
-1,44704
-1,71237
0,244065
-0,690142
-0,4421286
-0,5354925
0,5289065
0,4142939
0,8289298
-1,374389
0,6063685
0,1572538
0,2558184
-0,466757
-0,2181242
-0,7616281
0,6364277
-1,731577
-0,356252
-0,07124174
-0,6752474
-1,092007
-0,7836154
-1,054277
-0,3273773
0,7296229
-0,7089942
0,2712288
-1,292057
-0,9224997
1,317467
0,7496635
-0,4718617
-0,216423
0,7514172
0,6728783
-0,2541166
-0,7498095
-1,133111
-1,195187
-2,146763
0,2042815
0,177507
0,8124991
1,142689
0,705731
0,06908358
-0,3578942
0,9646646
0,6818171
0,7324557
0,8753063
-0,07308425
0,4604258
-0,4974495
-0,2455973
0,2076045
-0,109696
0,2952225
0,008579463
-0,8113964
0,2379323
0,7745237
-0,4062989
0,3171765
-0,4026632
0,1258925
0,8208818
0,4301028
0,9927831
-0,7453002
-0,6991817
-0,6044488
-0,0829488
-0,8032957
-0,9286504
1,019458
-0,1095936
0,2508107
-0,6102856
-0,5989524
1,871482
-0,7098725
-0,1523516
0,1920513
-0,3465698
-0,4922503
0,1669438
0,5802354
-1,107252
0,2289405
0,653231
-1,224116
-0,5151163
0,9925151
-0,3539881
-1,590817
0,5151143
0,8263901
-0,3490692
-1,080514
-1,520247
1,045921
1,142345
-0,4390969
0,2470952
0,277716
0,09010172
0,9661391
-1,482958
0,01603812
-0,3283361
0,3964618
-0,1669111
-1,075807
0,2170402
1,571602
1,105121
-0,006580502
0,2818248
-0,1317012
0,08567864
-0,4964195
0,1933619
1,047129
0,3891867
0,6934951
-0,09187384
0,1870379
0,3881933
-0,1417188
0,6770995
-0,1786974
-0,0006892681
0,3260364
0,2259991
0,4089649
1,34663
-0,05079427
0,2701125
0,2038766
0,07252491
-0,3674384
-0,7029931
0,4201176
1,03815
0,6322554
0,7495414
-0,252403
-0,7057775
0,4165147
0,8442016
-0,3137882
0,9377751
0,4307718
0,04272583
0,06847599
-0,6785553
-0,2925131
0,4679365
0,8560384
-0,5741342
0,3955157
0,8606305
-1,103346
0,4259321
0,03836378
-0,3125298
1,666056
-0,3670927
0,4464282
1,618589
0,1410451
0,9901122
-0,9553421
0,1008652
0,02215776
0,3660733
0,4915751
-0,2506696
0,5164162
-1,427134
-1,603524
-0,4472836
-0,6944069
1,09279
0,01588224
-0,4082167
1,287233
0,3776531
0,1637254
-0,05320691
1,113196
1,681476
0,9680638
1,168687
-1,127828
-0,146228
1,149697
-0,4985874
-0,05028293
-0,2344625
0,4286302
-0,7792469
0,4934835
0,6792867
0,8522195
-0,08102798
-0,3029506
1,589611
-1,496837
-0,9600772
-0,2922792
-0,5080028
-0,8415359
0,2809395
-0,225003
-1,174932
-0,01737285
-0,3087648
-0,2841444
-0,391803
0,5320301
0,8140219
-0,9479145
-0,8362416
0,5167633
0,592901
0,3662437
0,7268512
0,1771569
0,3483611
-0,06779611
0,5684977
1,01874
0,4663518
-0,2702236
1,971646
1,027085
0,5931557
0,03090297
1,075788
0,02343518
-1,418601
-0,1926749
0,3804693
0,1474768
-0,2887317
-0,75038
-0,697577
0,07070854
1,447543
-1,494769
0,4121636
-0,4609777
-0,2987387
0,4237342
0,1056795
-0,6557272
-0,06757724
-0,7862974
-0,920531
-1,243639
-0,2858985
-0,4139746
-0,1163086
0,2060202
0,0356667
0,4967903
-0,9236944
0,2573733
-0,03773713
-0,8256782
0,8489187
-0,03704625
1,083652
0,7542991
-0,6591579
1,745345
-0,4308822
0,4135039
-1,155574
-0,1372114
-1,321547
-1,500155
0,6130956
0,2094781
-0,3093962
0,7688749
-0,1157081
0,1345971
0,2351758
0,03178352
1,290162
0,05007719
0,4325902
0,02155226
-0,4301479
0,2726462
0,8952603
-0,05408503
-0,4889272
0,951457
-0,318384
-0,1297833
0,5736355
1,037934
-0,5788873
-0,2033518
-0,07247102
-0,8433005
-0,2121639
0,1588085
0,261905
-0,9422721
-0,01685011
-0,7338744
-0,8683742
0,366313
-0,1953512
-0,6289724
-0,2793045
-0,02592193
-1,006866
-0,3800085
0,2750733
1,755081
0,3972018
0,03520569
-0,3960379
-0,3740993
-0,6368513
0,2959789
-0,2207744
-1,191521
0,01008523
0,1768175
0,07479249
-0,6822392
0,09766257
-0,8278307
-0,2590577
0,4476478
-0,38478
2,013475
1,332522
-1,240281
-0,801657
0,1983024
-0,2476387
-0,03042157
0,9549599
-0,5440006
-0,4841849
0,7093765
0,326107
-0,9106796
0,2948444
-0,05341931
0,1530806
0,5462831
0,255323
0,5825961
-1,347043
-0,6555363
-0,07650061
0,2092979
-0,03512585
-0,2651289
-1,012379
1,065619
0,6475128
0,2082621
-0,3313673
0,1029876
0,1546757
0,07042336
0,7100502
-0,1897978
-0,05905747
-0,4052081
-0,9389798
0,493742
-0,4331031
-0,564172
-0,4903905
-0,42697
-0,4215354
-0,7759697
0,2422712
-0,4745619
-0,2566314
0,763606
1,273227
0,1914009
-0,6103286
0,2237669
1,558849
-0,04321945
2,315491
0,7925403
0,4373546
-0,3140281
-0,8396243
-0,2694946
1,484489
-0,7840279
-0,4000071
1,034553
1,133193
-0,02124934
1,004688
-0,06925501
1,266912
-1,244258
1,521556
-0,647257
0,674159
0,07456776
0,8275034
-0,26407
-1,252066
0,119201
0,5618317
-0,0565038
0,1923933
0,8053844
-0,7140667
0,8075638
-0,2380612
0,0006926022
1,277717
1,17048
-0,1061946
-0,1406579
-0,5659308
-0,2800339
0,02078784
0,3281188
-0,4435577
0,3786024
0,933807
1,382815
-0,2986919
1,137161
0,5569762
-0,3136491
-1,545546
-0,06432216
-0,5980766
-0,6824459
-0,4169156
-0,4731998
-0,2692529
0,2554353
-0,0591287
1,603895
0,06395499
-0,8888454
0,1870477
0,5632059
-0,3780318
-0,08493662
-0,3268119
-0,06036171
0,109926
0,6994051
0,3112044
-0,7367074
-0,03410631
0,7025907
0,99449
0,4313442
0,2031618
0,1064665
-1,265839
0,7844874
0,7306391
0,2918974
0,3750042
0,3333634
0,3651634
0,9655629
-2,468077
0,3712047
-0,2141794
-0,1084052
1,067419
0,04409721
0,529088
-0,3393052
1,205391
-0,3324946
-0,1579696
-0,7401924
-1,023362
-0,279513
0,8026121
-1,192736
-0,4757084
0,4502861
-0,4085553
0,7251746
0,6992864
0,6766125
0,9440132
-0,4375829
1,42577
0,04125482
-0,1916884
0,1507294
-0,01455066
0,1554483
0,2206226
0,5716687
-1,12734
-0,5162363
-0,9640514
0,3742273
-0,2351371
0,08619684
0,4071758
0,00720793
0,5309947
-0,3346784
0,5141407
0,2456981
-0,4343746
-0,2632046
-0,7027538
1,698359
1,286462
-0,06815684
-1,28356
0,5495089
0,08349466
1,035497
0,6385929
-0,5302343
1,727551
0,7565275
-0,7934263
-0,3967823
-0,2693065
-0,2040459
0,05061853
-0,4247306
-1,047914
-0,61291
-0,8224707
-0,104554
1,752137
-0,3307741
-0,3723357
-0,9180296
0,2393223
0,3852839
0,2320442
0,2722471
-0,3427866
1,025359
-0,8641123
-0,4275624
-0,426191
-1,419317
0,6567017
-0,6963513
1,07828
0,1195703
0,6922288
0,2369243
0,7459415
0,3756115
-0,2192953
0,4934875
0,815647
0,5918059
0,6380135
0,2858831
-0,3234706
-0,5836712
-0,02638136
-0,6157501
1,920945
-0,5596905
0,5499976
-0,3795918
1,37303
0,916019
1,608438
-0,3479547
-0,1134765
-0,7967238
-0,8767551
-1,430808
0,71477
-0,2418383
-2,08615
-0,211789
-0,6208664
0,1573088
0,4230878
-0,4519526
-0,0004135519
-1,121442
0,02199858
0,5828765
0,8224365
-0,9070052
-0,06611943
0,09594241
0,06799054
-0,9335972
-0,77944
0,1829541
-0,703981
-0,4059521
0,7173032
-0,02962199
1,085497
0,1675736
0,8421932
2,122979
-1,199658
0,3457608
-0,8604995
-0,3015888
-1,627838
0,3190773
0,2995625
0,07851189
0,1310917
0,03314185
0,2455837
-1,903067
1,07343
-1,064891
-0,01739806
1,775373
0,9097037
-0,5020299
0,1291433
0,4427446
1,747056
-0,475657
0,8962834
0,004795939
1,989783
-0,498721
0,6249238
0,5512251
0,7398514
-0,7338933
0,02191943
0,2568051
0,312967
0,2654481
0,8703927
0,09921448
-0,679664
0,965517
-0,7566441
-0,3868595
-1,000803
-0,7754927
0,08481064
-0,816994
-0,1808553
0,5942879
-0,5968583
-0,7575245
-0,7560108
-1,088052
0,8751152
0,8337302
-0,3523509
-0,753028
0,3993563
1,087659
1,225734
0,8913339
-0,4542475
-0,175368
0,5704566
-0,543877
0,5019442
0,4282199
0,1914316
-0,9429913
-0,1972958
-1,293067
-1,53503
-0,7622728
0,1871279
-0,282706
-1,487811
-0,6247287
-0,08068407
0,2443984
-1,405857
-0,1044102
0,6507855
-0,02632177
0,553849
0,6130085
-0,5911893
0,7113079
0,06272438
0,6561871
0,3273962
0,4936171
0,1341573
-0,7844883
1,080984
-0,8839549
0,3906885
-0,10389
-0,9214429
0,7648741
0,3104839
0,2352267
0,0611316
-0,1748399
0,2753163
0,06036097
0,1795208
0,2708953
0,4604554
-0,5720126
0,953227
1,159484
-0,4593948
0,271005
-0,2329779
-0,3822883
-0,3747542
0,06746878
-0,2940263
-0,5723898
1,095704
0,7416535
-0,5746412
-0,5879997
0,3888067
0,5772174
-0,7932239
-1,031298
-0,4142905
0,5089647
-1,243798
0,1217517
0,1728833
-1,617129
0,2870039
-1,651782
0,06735152
1,178438
0,00455004
-0,7767884
0,5587557
1,035464
1,032039
-0,3898173
0,3212278
0,3280642
-0,01339126
-0,1705436
0,7827542
-0,6573082
-0,1697361
-0,4404446
0,789307
0,1384916
0,8178101
-0,04673736
0,2134634
-0,8125226
0,0669155
-0,07702169
0,8498845
0,5509416
0,03041916
-0,0382756
0,8336786
0,2961419
0,8829075
-0,9461877
-0,8350015
-0,5033368
0,08117598
0,3201317
0,2457956
-0,5356873
-1,298056
-0,3432955
0,02767289
1,068537
-0,1029142
0,9413155
0,2694642
-0,062931
-0,1641752
-0,2414057
0,1974569
-0,6268628
0,9939471
0,1557753
0,02908823
-0,4433081
0,04694462
1,6006
0,9140558
-0,3566341
0,2811564
0,2771795
1,146222
0,1353072
0,4455976
-0,08191949
0,9005439
-0,2670228
-0,4922833
0,09991527
-0,4189015
-0,05148697
0,3500283
-0,3677929
0,6849596
0,126725
0,0439859
-0,122485
-0,3176956
0,08405292
0,5318376
-0,5915482
0,292186
-0,9567751
1,273898
-0,5627217
-0,09896266
-0,70863
-0,2779875
-0,6600555
-0,8979566
-0,1118563
-0,8531109
-0,2187622
0,01789534
0,02343564
0,05801055
-0,8131599
0,3477302
-1,075011
-0,481142
-0,1505486
-0,2759338
0,544925
0,02687168
0,8584581
0,1359225
0,7256093
-0,2827008
-0,1281327
0,5539106
-0,1258816
-0,8253946
0,3795345
-1,061582
-0,6112558
-1,492781
0,3225989
0,9108435
0,09786579
-0,6004524
1,665405
-1,05338
0,4558794
-0,3805298
0,2450669
0,3064989
1,492724
0,1959442
-1,081338
-0,3085125
-0,2679179
-0,5657464
-1,069061
0,5793799
1,195644
-2,190602
-0,932515
0,6343073
1,324092
0,1872985
0,7517901
-0,8286261
-0,5868539
-0,5875867
-0,03235546
1,853678
-0,6450473
0,3036885
0,01638955
-0,5267859
0,4430043
-0,0897646
-0,1723334
0,4120256
-0,6449209
-0,4834008
1,044444
0,1056893
0,3351302
-0,01898208
-0,8383902
0,8342738
-1,03446
0,5153869
0,5648146
-0,1875746
-0,5667071
-1,016371
1,064214
0,4404455
0,05508554
1,414702
-0,3018336
0,1241854
-0,008044094
-0,5978158
-0,2040823
-1,472961
-0,3261603
-0,2852255
0,7380878
-0,4083984
-0,003845036
-0,9242573
-1,16744
0,3862484
-0,3255658
0,1680358
-0,1476205
-1,436715
-0,5676168
0,2515837
0,4847717
0,6111637
-0,887228
0,843564
-0,4295492
0,09089227
1,12818
0,09985772
0,8453919
0,2509956
1,609919
-0,09147781
0,9597576
-0,2993342
0,6815087
-0,2577893
0,03344071
0,5661173
-0,4808147
-0,3123001
-1,065207
-0,3279611
0,1735605
-0,4734019
-0,07695556
0,6121774
0,1353178
-1,421293
0,1512079
-0,2210383
-0,602429
1,568946
1,219211
1,139889
0,3118057
0,6905111
0,4892752
-0,9297848
-0,3445415
-0,3740678
-0,006892547
-0,8161895
-0,03926712
0,2392021
0,8384865
0,2508772
-1,310109
-0,5438082
1,570299
-1,31344
1,842627
-1,559472
0,5812541
0,1933011
0,4524637
-0,3782272
0,3038619
-0,3599869
-0,1670323
0,3674416
-0,5243412
0,7494098
-0,1893889
0,2772759
0,4974467
0,2175123
-0,4392539
-0,9449337
-0,102523
-0,4593313
-0,2578477
-0,4905641
0,7579545
0,2937374
0,9028412
-0,4631147
0,7360799
0,3854569
-0,3462082
-1,153603
-0,3550525
0,5400175
0,5584589
0,3997132
-1,380981
0,5695756
-0,120863
-0,501148
-0,01309597
-0,4752036
1,43583
-0,4744635
-0,4822447
-0,4429491
0,4408318
-0,2262147
0,8683066
-1,749663
-0,2111286
0,3871266
0,2525247
0,9209923
-0,1358988
-0,03501788
0,7094327
0,128643
0,03275913
-0,864717
-0,3779194
0,6377131
-0,7119613
0,5510177
-0,4311078
-0,02691843
-0,6641173
0,5191296
-0,8336471
0,1101604
1,5042
-0,8083416
-0,7353211
0,9521471
-0,7889123
0,8909451
-1,249508
0,7244211
0,8667563
-0,1040056
1,142368
-0,06550491
-1,071434
1,466891
1,468027
-0,4340835
-0,3922761
-0,9487169
-0,1074932
-0,4890155
-0,1595397
0,2405512
-0,1471015
0,08694547
-0,05777767
0,5310001
0,6132174
1,441539
0,2022769
0,9323506
0,0805147
-0,09261674
-0,4686736
0,07528245
-0,7674902
0,09017168
0,01635921
1,067564
0,6626719
0,2864436
0,7707931
-0,9262639
0,07352293
0,9414545
-0,6854645
0,03879076
0,753769
-0,3699501
-0,9045314
-2,489294
1,629487
0,03141141
0,5680088
-0,2244006
-0,3497236
0,02773899
0,7283224
0,5667723
0,9816535
0,1074171
-0,6486565
0,6265253
-0,826842
-0,5016487
0,4984207
-1,391269
-0,9077989
-0,6860248
0,1690851
-0,3858933
1,023852
1,241278
-0,08492233
0,2205176
0,05048238
-0,07578319
0,1018324
-1,106161
-0,4092659
1,051255
-0,06891756
0,5347381
-0,1348291
-0,823203
1,360038
-0,8252582
1,981391
-0,2577748
-0,7948044
-0,01382123
-0,1807501
0,7090933
0,2581706
-0,4585819
-1,07401
0,3852335
-0,5391042
1,336843
-1,70593
0,06999099
0,1369516
-0,08917022
0,7013186
1,463164
0,4253276
-0,07614819
-0,7003888
0,5604459
-0,4107308
-1,510145
-0,3296208
0,6930008
-2,104092
-0,9314173
0,8943264
0,2133715
-1,124627
-0,8146706
-1,5163
-0,8020217
-0,1842659
1,196749
-0,3131523
1,463061
0,8505612
-0,03047521
-0,5343115
0,9941881
-0,4083281
0,3222873
-0,2789643
-0,2601138
-0,2486167
-2,026682
0,02360702
-0,7592951
-0,479331
1,208156
-0,7477645
-0,2700521
-0,08967173
-0,7224385
-1,177936
-0,4179727
0,2501616
-0,1077373
0,9005035
0,09147765
1,425306
0,2666351
-0,2912303
-0,1845729
0,4853661
0,4217771
-0,1698027
-0,4480839
-0,08551398
0,210714
-0,1984253
-0,7660768
0,4399551
0,426548
-0,4283586
1,020132
0,3355499
-0,09304321
-0,3220809
0,4001518
0,5609404
-0,1063271
-0,2042709
-0,05104841
1,42799
1,93037
-1,01512
0,3795385
-0,4387347
0,5641928
1,611633
1,885266
1,08723
-0,5141165
-0,2432656
-0,7154489
0,2894471
-1,245403
0,776094
-0,305151
-0,2507833
-0,1234597
1,094777
-0,5621349
0,6399134
-0,7032847
-0,3210865
0,3111002
0,5725374
-0,1362338
-0,4853884
-0,3247329
-1,144296
-0,5365695
0,5871633
-0,2377152
1,029479
1,493626
0,9857815
-1,620598
-0,432773
0,6166556
-1,320568
-0,6850967
-0,5818545
-0,4397687
-0,9140045
0,3934678
0,7664556
0,3705407
0,1900257
1,290235
0,008228734
0,1654797
-1,021945
-0,1346995
-0,7012918
-0,6558018
-1,029076
0,4228523
0,2724025
0,4764533
0,3095245
-0,1943045
-0,03606558
-0,9750108
0,3959378
1,595097
-0,09297234
0,4977553
-1,420275
0,2211435
-1,05672
1,474244
0,8710355
0,9514304
0,05846325
0,551825
1,058017
1,020736
-0,99034
0,7141723
-0,5662879
0,1784395
0,1475234
0,857022
-1,549676
0,4649503
0,003793299
-0,2863365
-0,8863954
0,1099984
-0,2347663
0,3101967
0,4973236
-0,4765806
-0,347534
-0,8159482
-0,5199111
0,4557724
-0,9365517
0,2308648
-0,2603581
0,2532607
0,03630103
0,9583892
0,4570225
-0,6906401
-0,9800389
-0,5148448
-1,749128
0,3104067
1,149859
0,2935984
-0,3146828
-0,4119048
0,002552569
-0,2504081
0,677465
-0,5445393
0,4152313
-0,9768334
-0,3378639
-0,4888946
-0,1728007
0,1413315
0,07453674
-0,1788555
0,2349811
0,7889946
0,01127748
-0,422743
-0,08741212
-1,540269
-0,6451209
0,6610999
-0,6333247
0,2557822
-0,7239228
-0,1864033
-0,3467385
0,3127465
0,1609112
0,2101796
-1,194975
-0,08353926
-0,04086864
-0,9998227
-0,7594212
-0,6061587
-0,7069575
0,9679984
0,7080058
-0,2216587
-0,7746539
0,3221551
0,6893855
-1,231397
0,0177723
-0,1799431
0,001543015
0,9515249
0,3227416
-0,4327273
-0,0008479357
-1,097533
-0,07265139
-0,715856
-1,086225
0,4364118
-0,5247688
-1,182602
0,209002
-0,8634701
-0,1293052
-0,2830116
-1,277186
0,291001
0,51452
1,386852
-1,559291
-0,6796758
0,01258333
0,3168765
0,264846
-0,790416
-1,118324
2,054344
1,192072
-0,637456
0,2175154
-0,5234569
0,5558984
-0,1837177
0,6159937
0,3129498
0,02593109
0,5286102
1,875914
0,4800932
-0,1305942
-0,7788505
-0,09219888
1,120167
-0,6555634
-0,382429
-1,789612
-0,1898956
0,5619009
-0,5645708
-0,437619
-0,3810102
-0,2651478
0,8705554
-0,3351387
0,6619608
0,6759373
0,04786109
-1,290998
0,07065612
1,07041
-0,1517547
0,5883027
0,002909541
-0,5810185
-0,05734867
0,008030027
0,199118
0,8902252
0,7230165
-0,1269437
0,3271208
0,4559013
0,003624499
-1,316981
0,3255749
-1,568911
0,1157957
-1,745445
0,2988536
-0,07880402
0,4064826
0,8379923
0,9338066
-0,3156625
-0,2705251
-0,06401414
0,294542
-0,09840153
0,480503
-1,222373
-0,2195468
0,4004546
0,6694072
-0,2451893
1,035228
-0,3159287
0,1218361
0,01408415
0,9708011
0,4568007
0,3932536
1,040805
-0,4272724
0,3715305
-0,68137
-0,06819719
-0,5196735
-0,3219821
0,5848988
0,4197244
-0,05715597
0,2292018
1,603431
0,1967615
0,0820747
1,171021
0,3359476
-0,7276059
0,8186395
-1,690728
-0,2388265
0,5514189
0,197675
-0,739631
0,06349142
0,2512962
0,4373662
0,2456481
0,6979564
-0,2990834
0,3344332
1,113454
-0,1648491
-1,286374
0,7770591
1,335521
0,09770934
0,5543349
-0,703764
-0,2110272
0,990615
-0,3932676
0,5604413
-0,6188848
0,9774684
0,06800668
1,251688
-0,2951196
-0,8911851
-0,7617943
0,4702541
1,14937
-1,154838
-1,02844
-1,061281
-0,4834204
-0,7207094
1,421259
0,1256203
0,2939311
0,0549944
1,092534
0,1857313
-0,8613709
-0,5013642
0,05400842
1,545518
-0,0002467632
0,5170836
-0,5520004
-0,8265351
-0,7550395
0,5657673
-0,3722193
0,6238684
0,3227445
0,4457735
0,08643232
0,6861401
0,3393482
0,4193538
0,01661128
0,05170351
-0,2206529
-0,1209677
-1,753184
-0,3383566
-0,6297795
-0,03736347
-1,584748
0,01974042
0,2156819
0,724247
0,4408081
-0,2626977
-0,6306527
0,3715211
0,4140918
0,03163753
0,4343233
0,4793402
-0,5966375
0,6876184
1,943397
-0,9970586
1,233393
-0,7726976
1,31255
-0,3807546
-0,05511597
-0,7648306
-0,9427624
-1,083906
0,6765914
-0,6801552
0,4884628
-0,6775673
-0,5130765
-0,06058943
0,6202265
0,05011928
0,5902185
-0,2214525
1,166238
-0,7156259
-0,376781
0,002218962
0,2310047
0,3859568
0,5203708
-0,5294158
2,210201
0,4125993
-0,9053
-1,065446
0,8291512
0,1334057
0,2192935
-0,02089949
-0,8134822
-0,2750629
-0,2721332
0,2645747
0,2099273
-0,157108
0,1421081
1,055918
-0,5470116
0,1820594
0,2539525
-0,0605917
0,1832011
-0,5773226
-0,7480972
-0,3470228
-0,7691234
-0,2633067
-0,2034156
0,08822989
-1,536286
1,05395
0,2285061
-0,1639419
-0,4219338
0,2727871
0,8608712
-0,3924637
0,006046742
0,6747773
1,019115
-0,6276331
0,4946324
0,0009121895
0,8971639
0,0826056
0,01115704
0,2714448
1,48308
-1,155564
-0,07419628
0,5976371
-0,1862651
-0,5383242
-0,2581239
-0,2765189
0,005668283
-0,3820314
0,4055592
0,1199926
-0,09986582
-0,4110776
-0,5416588
-0,3661368
0,3970259
0,8110999
-0,7744851
-1,172887
0,6285532
0,4005616
0,06561649
-0,5980199
0,6942168
0,2624708
1,35046
-0,6042386
0,439373
-0,01451731
-0,795643
0,3978758
0,9808703
0,3236201
0,09970713
-1,055138
-0,51398
-0,5099558
1,757093
0,8498254
-0,3213953
0,7666447
-0,3349117
0,3254244
-0,8727373
-0,7211274
0,2487043
-0,3068926
0,0241881
0,5237793
-0,4868584
0,5327073
0,263677
-0,8975983
0,5673958
0,06664035
0,3782172
-0,1691856
-0,4876109
1,520167
-0,2921985
0,358115
-1,13947
-0,7899888
-0,7926151
-0,5353118
0,7791022
0,685277
-0,1397723
-0,4022486
0,5192435
0,3483785
-0,1924679
0,4839397
-0,5385694
0,7852628
0,3747583
0,02848941
0,2777292
1,24496
-1,513624
-0,7713597
0,6542106
-0,612478
-0,2424636
2,108637
0,6878645
0,006339163
0,2939818
-1,386673
0,9057292
0,03322749
0,3528041
0,2235448
0,4296075
-0,06124938
-0,1950722
0,30571
0,1747767
0,05481741
-0,2640005
-0,3111307
0,5030422
-0,5239885
-0,6833267
-0,2392436
-0,2565874
0,5269052
0,6125039
0,03067987
-1,386244
0,007470101
0,5801997
-0,09661382
-1,197843
-0,02243114
-0,3949074
0,1744768
-0,2569371
0,2791727
-0,4785787
0,8255587
-0,4122319
-0,3031397
0,3053803
0,2937872
0,2246682
0,2141397
1,004582
-0,5771545
-0,2296446
0,293084
-1,105039
0,2403205
-0,5613137
-1,503387
-0,1855421
0,7355509
-0,7180622
0,4924936
0,2756791
0,1721957
0,2683653
-0,2658683
-0,3002493
-1,393665
0,1397358
0,3832428
-0,3128832
0,7110091
0,1329733
-0,5619391
0,2419637
0,2858053
-0,6768593
-0,2707816
-0,2572587
0,129873
-0,2623018
-0,1493974
-1,045949
-0,3381606
0,327986
0,1193974
-0,1105268
-0,4925174
0,913833
-1,588138
-0,9099439
-0,8381785
0,1476282
-0,771839
0,08812547
-0,1730571
0,3891245
-0,273855
0,1185649
-0,1952025
0,1332476
1,208653
0,4247658
-0,5393746
-0,2455662
0,8772689
-0,7553057
-0,04756564
0,8816922
1,130305
-1,005975
-1,470682
-0,9498099
1,380145
-0,450559
-0,1786556
0,7275482
0,4911123
-0,002102017
1,030783
0,3454
-0,3010636
-0,4910172
-0,931521
1,258969
-0,3928808
0,8128903
0,2467242
-0,5185276
0,8125479
-0,7014077
0,0335961
-0,3029659
-0,9547161
0,7915383
-0,2437862
-0,9101238
0,4868066
0,4552466
1,869889
0,5850201
0,2257056
0,07484758
0,7109939
0,1739649
0,5605607
1,330115
-0,3521056
-0,5934505
0,4121131
-0,4485106
-0,02688485
0,6077586
0,2364096
0,7803125
0,4529985
0,8976175
0,5374448
-0,2849923
1,671071
-0,2299972
0,7127346
0,9693595
0,1847006
-0,4372174
2,186761
-0,3104835
0,8407682
0,0602994
1,329015
0,5496851
0,2131319
0,9891724
-0,8876804
0,1092725
0,1361591
0,6114213
0,1391966
-0,2999523
1,185023
0,3658747
-1,027726
-0,3640836
-0,4619179
-0,1385599
-0,1649737
-0,2977925
0,8513875
0,3785111
0,6343906
0,4682808
-1,18558
0,487969
0,9007316
0,6860574
-0,1614721
-0,7927195
0,1252834
0,4147165
0,4065446
-0,6518191
-0,9858311
1,028421
0,6279616
0,04687035
1,056449
0,5573527
-2,243958
0,2271357
-0,4080818
-1,158067
-0,5300415
-0,704666
-0,588534
-0,2908764
0,6062999
-0,9439702
-0,7698205
0,2551207
-0,7715785
-0,4106286
0,116283
0,2718347
-0,2086855
-0,4411997
0,4426082
0,7139496
0,7290331
1,003737
1,183865
-0,9463847
0,8062511
0,2633695
-0,1191733
0,7844658
0,1685873
-0,5075021
-0,6148061
-0,5880992
-0,9007715
0,004631281
-0,8571218
0,8394981
0,5841777
0,787319
-0,6864839
0,3996178
0,3480618
-0,2407297
-0,04222666
-0,4179174
-1,141149
-1,129143
0,4861119
-1,014691
-0,4753677
0,00630556
-0,0672791
0,2632943
0,1228737
0,1593626
0,8571039
0,7063882
-1,834311
-1,226674
-0,7291327
-1,013409
0,11847
1,594061
-0,8087103
0,8904623
0,4854552
1,383436
-0,8539394
-0,4131641
0,2894233
-1,367032
-0,05867702
0,6335565
-1,331544
-0,4965898
-0,326382
-0,9290065
-0,4583836
0,2626645
-2,066914
-0,648802
0,9781665
-0,4024814
-0,2092543
-0,6197912
-1,2694
1,402096
-0,5457536
0,09374988
-0,2831717
0,2431144
0,2181794
0,5646666
0,456068
0,3724425
0,2223874
-0,2475913
-0,9264775
-0,1436454
-0,3113718
-0,02774984
0,6170275
0,1084262
0,7085763
-0,166615
0,586652
-0,2110047
0,1343496
0,2785876
-0,785768
-0,3381451
0,6067175
0,1787589
-0,1229587
0,9582354
0,1876761
-0,368975
0,3196857
0,7726583
-1,142674
0,3698914
-0,9155098
-0,663323
0,2095285
-1,01908
0,2163824
-0,2556993
0,1824057
-0,2450529
0,2200278
0,08900055
0,3260261
0,06298643
-0,2686462
0,03212029
-0,6265681
-0,4542431
0,3240488
-0,8988322
-0,7245331
0,04118472
0,8001047
0,009348482
0,1414796
1,062408
-1,626208
0,4185012
0,3827185
-0,7869498
0,1071453
-0,345816
-0,2666978
0,4109648
0,3678573
0,4936042
-0,4104469
0,9065233
0,2409334
0,4222554
0,5650094
-0,5461278
0,2576135
-1,163187
-0,4966669
0,5646817
-0,9232976
-0,4441276
0,6573142
-0,141318
-0,2484049
-0,1692789
-1,286216
-0,416494
0,1769661
0,3047103
1,064038
-0,1336149
-0,1415555
-0,1908496
-0,2755889
-0,2271024
-0,225929
0,2563226
-0,5411815
-1,031331
0,03724444
0,5710266
0,6275691
1,002974
0,3124679
-1,381647
-0,3385356
-0,4181875
-0,8898396
-0,5292978
0,5346472
0,9664124
-0,6129775
0,1915706
-0,06187439
0,4603204
-0,08288705
-0,3243047
-0,5532832
0,4041088
0,5737319
0,8232396
-0,5528614
1,031313
1,21959
0,6953458
-0,7084348
-1,207241
0,4887795
-0,7009739
0,6578163
0,01294123
0,1853217
0,7336758
1,096442
0,9973907
-0,04626292
-0,904614
-0,1574288
-0,1437422
1,242299
0,122728
1,525145
0,1312514
0,0400334
-0,6038349
-0,7111586
-0,2529395
0,07279128
0,8670976
0,4044951
-0,2275604
0,7387303
1,398542
0,5506589
-0,9338935
-0,7415265
0,963653
-1,019428
-0,7260623
0,1616433
-0,1795912
0,5729733
0,3346061
-1,127935
-0,1666814
0,7091013
0,5605741
-0,5469636
0,2370334
0,7382071
-0,7932537
0,6058236
0,641393
0,2505337
0,8560634
1,309952
-0,08344725
0,6554745
-1,124778
0,1555259
-0,6814037
-0,2032287
-0,2105533
0,8084241
-0,2305138
0,3913739
-1,333297
0,1773584
0,8031089
0,7224816
-0,160503
-0,2709949
0,09276155
0,5244972
0,2092386
-0,9607401
-0,629795
-0,2857012
-0,866294
-0,9327792
0,2866177
0,692667
0,3145668
-0,7621702
-0,4223168
0,4498587
0,1840268
-1,325938
-0,9999332
0,4599569
-0,2044137
0,09613265
0,6510844
0,4432451
-0,7548088
-0,3177454
-2,123809
-0,2587299
0,1570428
0,6816627
2,335064
-0,6115053
-1,145032
-0,1740277
-0,2423898
-0,1291039
-0,8609616
0,506474
-2,259369
-0,5817732
-0,2094032
-0,5362614
-0,0240075
0,2636483
1,548712
1,306328
0,03030184
0,3317552
-0,8620288
-0,5081685
-0,3310362
-0,4112822
0,7011212
0,6894589
-0,4698675
0,4828068
0,1538806
-1,038483
-0,07118616
-0,3695485
0,2960582
0,2651591
0,8296145
-1,365406
-0,5538893
0,07222128
0,5734727
-0,770083
-0,6622887
-0,3631237
-1,579608
-0,06696285
-0,364576
-0,08172695
-2,164587
0,05053854
0,09032273
0,3983322
-0,450954
0,545987
0,8410115
0,5264087
-0,636041
0,8206125
0,6846101
-0,6781482
-0,7482263
-1,124571
-0,03152406
0,9647818
0,09128214
0,06345344
0,5359904
1,743261
-0,5221615
-0,2223653
0,03017992
0,01922387
-0,330608
0,5556549
-0,5072309
-0,2106339
0,4130248
0,08946395
0,2905675
0,5942392
-1,189829
-1,331877
2,204368
-0,9024819
-0,3334643
0,5595077
1,038532
-0,1331137
-1,234388
0,2438922
0,2431586
0,9123678
-0,1866615
1,007253
-0,4749066
0,1700785
-0,9455467
-0,1491218
0,4913223
-0,9105055
-0,2665192
-0,4615621
-0,3792408
-0,03428873
-0,7251864
0,79629
0,5940607
-0,3873808
-0,8294593
-0,8646309
0,7193603
-0,1830054
-0,002007902
-0,7326077
-0,5038587
0,3269703
0,1682408
-0,9813413
0,6489614
1,546724
-0,2584318
0,1942881
-0,3710028
0,9900634
1,155107
-0,002438933
1,126083
-0,1579028
0,1672303
1,801659
-0,3391455
0,421974
-0,08842345
-0,3402121
-0,7632047
0,9395024
-0,8482953
0,9805321
-0,5128602
-0,9111974
0,3698787
0,03123647
1,115848
-0,6250242
0,06101888
0,6141557
-1,060043
0,3250597
0,9180806
0,8141649
1,490484
-1,563282
-0,9456456
0,1256588
-0,6183928
0,4302827
-0,4555421
-0,518611
0,3182841
0,05438465
0,5583304
0,1170104
0,1698718
0,4052389
0,3367502
1,104607
-0,4336531
-1,512175
0,8268851
0,3710851
0,2919704
-0,4199494
0,6508955
0,3415999
-0,7055749
-0,3360262
-0,8814934
-0,1454022
-1,66279
-0,2946231
-0,8807945
-0,05172473
-0,1553332
0,7310805
-0,7363137
0,2610762
-0,03291255
0,8219825
0,2912881
-0,2278159
0,388278
-1,906073
0,6098247
-1,098462
-0,231222
-1,602546
-0,4413138
-0,6974248
0,6012007
-0,03412941
-0,6195978
0,2107093
0,8658476
-0,007893145
-1,174233
-0,5513634
0,8853934
-0,03466922
0,2203932
-1,176855
0,1975878
-0,09573168
-0,483969
-1,629537
1,306472
1,059553
0,5639653
-0,2471473
-1,19941
-0,6371318
0,5070499
-1,524148
-0,2234359
0,6809179
0,001301169
-0,5628756
0,3566493
-0,5384269
-0,5096003
-1,073039
-0,5781509
-0,003520563
0,631925
-0,08673501
0,2799075
-0,8055443
-0,4698546
-0,3879152
0,2017816
-1,059718
0,1701184
-0,2487691
-0,4372322
0,2738096
-0,1776799
-0,5153936
0,9682176
-0,2165835
-0,1466258
-0,9040561
-0,3036103
0,08172189
0,1742043
0,248879
-1,537567
1,243247
0,4251187
-0,2336355
0,9924323
0,01233627
-0,2183555
1,164085
-0,4656921
-0,2000249
-0,2219679
0,6737673
0,1810237
-0,2391927
0,6009158
0,3198391
0,6340305
0,3205948
-1,442404
0,4209362
-2,257038
-0,8955047
-1,066377
-0,1761888
1,669207
0,3808657
0,04783332
-0,05394089
0,07079664
0,1433955
0,1706779
-0,04779547
-0,08171347
0,5589522
0,05468053
-0,2458342
-0,009343714
1,148673
-0,5116453
-0,5409896
-1,008451
-0,3574411
-0,2862774
-0,1090471
0,9930488
0,8678572
0,09218776
-0,3363456
0,8503028
0,5477642
0,2692606
0,09306663
-0,7000034
-0,1323421
1,428827
0,4325339
-0,5702424
-0,6718352
-0,2461255
-0,3153549
0,8604175
-0,626871
-0,2388158
0,629895
-0,3739088
-0,09269413
1,667583
-0,4919593
0,3821982
-0,4739622
-1,162894
-0,7480783
0,1642228
0,9534823
-0,6430352
-0,1482218
0,4082513
-0,04239786
0,389252
-0,3318878
0,05033356
0,5572987
-1,043517
-0,7762268
-0,2915131
0,7201911
0,3386492
0,4320335
1,167053
0,4959697
-0,009793893
-0,3704767
0,2344893
-0,4695382
-0,8405982
-0,3780994
-0,9822329
0,07154308
-0,9225811
0,2671691
1,037254
0,01599276
0,5703028
0,08145271
-0,05913481
0,6576412
1,211838
-0,8412825
-0,02973067
-1,383748
-0,3602973
-0,002444923
-0,01581387
0,3727837
0,8039305
-0,3390774
-0,2791503
0,7980961
-0,3271934
0,03405458
1,438184
0,4169185
-0,6682552
0,4106625
0,2736044
0,3432863
0,01128668
0,2339991
-0,8672673
-0,8687763
-0,3761311
-0,4385908
-0,4415435
0,5056189
-0,5619905
-0,4792701
0,2707427
0,1867445
-0,2052961
-1,46736
0,3852005
0,8972135
-1,015716
0,5091551
0,01523054
0,1740901
-0,4409302
-0,2206111
0,2432841
0,2831606
0,07283396
-0,07746518
-0,3457361
-0,9516739
-0,01144443
0,9565225
1,10114
0,2178461
-0,7002294
-0,5318633
0,161181
-0,6796308
-0,00787583
-1,176648
-0,1699255
-0,8689647
1,290598
1,171061
0,6676465
1,398453
1,214567
-0,5827379
-0,1950545
1,074439
-0,1796576
-1,794296
0,7854549
-0,08607054
0,1656625
-0,639393
0,7449107
-0,1048446
0,6039828
-1,03685
0,9604727
1,250438
-1,052214
-1,135811
-0,200515
-0,2740374
0,003961444
-0,4602708
0,05099308
1,971563
-0,4854102
-0,7774807
0,09134245
1,58443
0,9515178
0,5487674
0,7795788
1,130894
-0,9000631
-0,6309444
-0,5708559
-0,3039346
0,02009931
-0,1417172
0,7016019
-0,01995984
1,071516
0,2431986
-0,3243
-0,8745091
-0,3004289
1,061776
-0,2852758
0,1508233
-0,05807078
0,8444507
1,225505
1,042172
-0,698363
0,1119735
-0,3591684
0,8396015
-0,4796417
0,6272881
-0,6057471
0,2853806
-0,761314
-0,9655368
0,2571015
-0,3585407
-0,1130472
-0,2540106
-0,3107207
-0,4176203
0,8036181
1,647367
-0,5866955
0,3126703
0,1527566
0,5887229
-0,1899014
-0,1561086
0,6631095
1,181699
0,0252369
0,6531718
0,9948298
-0,05942249
1,361176
0,8732541
-0,3290271
0,6966745
0,07338528
0,1226098
1,362501
-0,1399372
-1,09872
-0,8052296
-0,5421238
0,5037739
-0,1878101
0,806364
0,6736283
-0,6223024
0,3124744
0,2468278
1,089853
0,8186117
-0,5480191
-1,848214
0,329667
0,3551888
0,4893799
-0,7038735
-0,5080076
-0,8139507
0,1423544
0,8365953
0,3929729
1,089627
0,6463081
0,8844459
0,6376197
0,9437323
0,2993123
-0,4454189
0,7072846
-0,4000008
0,331943
-0,7320261
-2,859448
0,8172308
-0,4443879
-0,1417866
0,512569
0,2694032
0,5218117
0,6571379
1,196239
0,08048612
0,3347945
0,1024902
-0,2699589
-0,08814582
-0,4561006
-0,1326755
-0,3695324
-1,052548
-0,2826353
0,3251895
0,0211353
1,332831
-0,7881249
1,031173
0,3766885
0,857908
-0,6767737
0,4281968
1,15757
0,6797742
0,4998316
-0,1335642
-0,5418475
-0,7956883
0,5918307
-0,5485591
1,208752
1,152892
-0,5700855
-1,337012
0,2086044
0,04035139
-0,5841929
0,7880991
-0,5401351
0,4086685
0,1665955
1,361975
-1,381484
-0,07701778
-0,04972529
-0,9765189
-0,0395453
0,7501085
0,5992343
0,08262151
-0,9038745
0,3927923
-0,6505595
1,544769
-0,1055792
-0,09318312
-0,5332836
1,284346
1,033518
0,06890446
1,011148
0,9810866
-1,078537
0,06882694
0,61741
0,7612853
0,6536884
0,1772357
-3,018828
-0,2273928
0,998279
0,2836595
0,04394582
0,4087999
0,3100917
0,1912854
0,3932778
-0,1812784
0,2313609
0,3846995
-0,7965149
0,5404692
-0,2842428
0,3343617
0,4838089
-0,1510333
-0,6552217
0,3795788
-1,077555
-1,180899
-0,42869
0,9249163
-0,3915336
0,2614292
-0,5535263
0,7390305
0,7720571
-0,5190457
-0,8864216
-0,3680727
-0,759764
-0,6099174
0,08758199
1,124582
1,256361
-0,6909136
0,09426796
-0,1455794
0,4112032
0,04481328
0,1543513
-0,6581497
-0,1473482
0,9935369
0,2206923
-0,1806118
-0,281312
-0,04436864
0,5313484
-0,3831032
0,6368662
0,8530456
0,7313489
0,5273853
-0,3564981
0,4067064
-0,3545889
-0,5046705
0,7092199
0,2878293
-0,03602324
1,230643
0,1333829
-0,7659398
-0,9234046
0,4940596
-0,9852829
0,4088705
-0,2637755
-0,9060997
-0,2361141
-1,514312
-0,01520467
-0,08297789
0,1211011
0,5925715
0,4922913
0,8145656
0,3462667
0,6530433
-0,4049561
-0,3104047
0,8008358
0,4962711
-1,201638
1,1025
0,4832653
0,3977123
-0,4283315
0,07480288
0,9429181
-0,371747
-0,6303598
-0,4076408
-0,02943587
-0,4406766
0,8640675
-0,05858362
-0,1971383
-0,6290776
-1,299776
1,303617
-0,02361654
-0,3337464
0,5541438
0,6498248
-0,4430591
0,6256983
0,856012
0,4644227
0,7491024
-1,623554
0,3005959
-0,2986869
-0,6469008
1,318655
0,1678361
0,2009241
1,698171
1,89667
-0,5324259
0,1377842
-0,5746052
-0,1988539
-0,990726
1,126746
0,6075176
-0,3282981
1,221983
0,3100392
-1,049448
0,5968049
0,2460593
0,7940874
1,554703
0,388696
-0,375536
0,5645763
-0,9385196
-0,8164334
-0,5233358
-0,6027605
-0,8431256
0,1376904
-0,1103966
-0,006464794
-0,08434665
-1,539918
1,091205
-0,3426054
-0,1495202
-0,08514693
-0,04469809
0,5292314
1,115053
-1,068666
-0,4641624
-0,9617971
0,02432525
0,9939321
1,880236
0,5400099
0,05965737
-0,4964624
0,121407
-0,6509002
0,5153053
-0,07117385
-0,3318492
0,4389294
-0,2632514
-1,620379
-0,5164773
0,04464686
1,743423
0,7474366
-0,1693506
0,4718313
0,3416603
0,2283935
0,08197689
-0,005692437
-0,8562327
-0,3621837
-0,8467959
-0,6360124
-0,4268142
0,4928589
0,1636312
-0,1535196
0,8139902
-0,9877084
0,753047
0,5325646
-0,2007507
-0,9380163
-0,8721724
-0,06387907
0,4056965
-2,013185
0,05220294
0,2260702
0,3856348
-0,1206436
0,5993524
0,5180352
-0,3456638
0,9021299
-0,3569579
1,833085
0,4426877
-0,4410377
0,7825935
0,9935564
0,08409062
-0,09155661
-0,482698
0,4104826
0,4735441
1,248767
-0,5273598
0,2961907
-0,3110313
0,1755383
-0,9216742
-0,01913989
0,9885909
0,7654985
0,5185766
-1,057038
-0,4710473
-0,8756917
-0,6707848
0,9279729
-0,5335713
0,6450882
0,6769968
0,5532523
0,5542635
0,803427
-0,01562542
-0,514191
-1,493766
-0,08827437
-0,05784962
0,1683568
-0,08353513
0,4505756
-0,5013602
0,4727286
0,237291
-0,03533326
0,0873726
0,1827747
0,8306147
0,1065156
-0,8233969
-0,2815607
0,2267526
0,4588888
-0,2765754
0,7005796
-0,1472398
-0,5477098
-0,09645706
-0,344197
-0,6495531
-0,2882589
0,1709998
-0,01949763
0,700132
-0,06723954
-0,3650615
-0,02433634
-0,1132761
-0,4659809
0,9922302
0,7367176
-0,8652253
1,834216
1,250292
0,05344354
-0,5675958
0,1086993
0,0792501
0,6570119
-0,3201411
-0,4686354
-0,06344602
-0,1434681
0,07348077
0,457735
-0,6814675
-0,105227
0,727403
0,8499076
0,2472788
-0,1636331
-0,2142068
-0,7173574
1,387638
-0,7074305
1,037456
0,9238137
1,056294
0,4737737
-0,7297597
0,9541364
0,3936772
-1,003391
1,148719
-0,3058534
-0,4136239
-0,5758817
-0,1296765
-0,7085534
1,351565
1,071678
0,09416986
0,4051234
-0,5877837
-0,2370095
-1,285954
0,2223354
-0,7063624
0,2984308
0,6693442
0,9740855
1,084313
-0,5222069
0,7744639
0,1293225
0,580677
0,7049192
-0,8664807
-0,7257583
-0,5192892
-0,3149798
-0,5891455
1,312087
-0,2357446
0,4087393
0,07657647
0,1132827
1,126848
-0,05983526
-0,7530297
0,2709238
0,3281772
-1,436606
-0,4441165
-0,5672096
0,9100687
-0,1583197
0,1899214
1,15785
-1,443375
-0,04142046
-0,5201087
0,1935162
0,03949921
-1,03074
0,7745533
-0,5150613
-0,3477653
-0,1730031
0,9353495
1,119962
-0,700588
-1,550828
0,1713705
-0,9888517
-0,3422704
-0,3039839
0,2671983
-0,6950971
-0,3790534
-0,3332085
0,3054627
-0,900904
1,491936
-0,7363552
0,001955807
1,366878
-0,1530582
1,311644
-0,7685138
-1,275588
-0,360325
0,8052734
1,344484
1,255115
0,162823
-0,1380625
-1,490845
-0,4187179
-0,687639
-0,659532
0,1066426
-0,2013068
-0,5938245
-0,6636452
-0,1470302
-0,1856489
0,1057068
0,1033163
0,5526786
0,09639853
0,7631762
0,1558743
0,6660244
-0,9539257
-0,1446468
0,3730874
-1,04566
0,1426103
0,435315
-0,2745442
-0,1210492
0,2801759
-0,5678034
0,1920773
0,9703147
-0,8059279
0,6781628
0,01973751
-0,6450599
-1,125049
1,141854
-1,220511
-0,9304615
0,124644
-0,1802149
-0,8839208
-1,247497
0,1090949
0,1891362
-1,599554
-0,1645528
0,6553113
0,1951277
0,3231279
0,06251642
-0,2970917
0,6515908
-0,6426601
1,133975
1,179913
-0,2198617
-0,5904793
0,4722159
1,16151
-0,7096839
-0,7375154
0,4023929
0,2714637
0,442491
-0,7122705
0,9523825
-0,1787
0,1083511
1,192471
-0,6352805
1,086528
0,1957394
-0,04225397
-0,6265532
-0,9101435
-0,6197165
1,452089
-0,5060636
0,1556755
-0,6260927
0,111428
-0,3308317
0,4060948
-1,738595
0,7939203
-0,1799982
0,9023159
0,1229736
1,14043
-0,1121006
1,882673
0,2256061
0,4194834
-0,7586916
0,1590096
0,3876751
-0,8643331
-0,5521308
1,179999
0,2871419
-0,881835
-0,8189201
0,4672216
-1,228268
-0,4893352
0,08929184
0,2994676
0,4827364
-0,4933447
-0,05728877
-0,4862896
-0,02083641
-0,251588
-0,2834994
-0,2716568
1,735106
-0,9432201
-0,3865517
1,346027
1,045206
0,4246429
0,7628785
-0,8372145
1,437205
-0,4388437
0,2050343
-0,333742
-0,6661553
0,5792201
-0,1287425
0,30266
-1,538376
0,3395293
0,9246808
-0,8979735
1,318177
-1,254175
1,250174
0,1097187
0,6576778
-1,025694
0,5287971
-1,057118
0,4190305
-0,1590672
1,005377
1,355424
-0,7508986
0,7595139
0,6939751
0,2581025
-0,03510189
-0,0004363358
-0,7100643
-0,2475684
-0,002831548
-0,3166425
-0,7610856
-0,08237223
0,6253427
-0,8167098
1,105775
-0,7208932
1,034064
-1,03456
-0,9440312
-0,6250595
0,07577202
-0,3889093
-0,3524523
0,6424745
1,489745
0,7663463
-0,2030954
-0,1990811
0,3734237
0,7777011
0,5771317
-0,6984791
1,401422
0,07966766
0,06630152
0,7422152
-1,049307
1,00804
-0,1933314
-1,026468
0,7700557
-1,559265
0,9857628
0,2646889
0,32893
1,356789
0,9243283
-0,9924362
0,08326817
-1,405362
0,3853486
-0,4724269
-0,6453488
0,371646
0,4151539
0,08135856
0,6282609
0,06787063
-0,1431969
0,9738761
0,5886165
0,4386581
0,8106557
-1,684085
-0,8635668
-0,2314385
-0,2587654
-0,6246158
0,08968288
-0,5534874
0,6515577
-0,6845676
0,6318314
0,2636992
-0,2262267
-1,035435
0,7531292
0,5361437
0,4217063
-0,6291035
-0,9458711
0,3628996
-0,1677323
-0,5356516
0,002010137
0,3677909
0,8169175
0,08369613
-0,605385
0,4532771
-0,6469545
0,8039162
-1,255391
0,002124995
-1,590749
-0,3905652
0,1390564
-0,5807923
-0,1550958
0,8135889
0,5244937
-0,4009936
-0,5716912
-0,3910214
0,1350015
-0,2079998
1,124704
0,5197634
0,3813006
0,8116894
0,3819485
0,2452357
-1,704966
-0,6137552
0,829336
0,7681677
-0,6916666
-0,4848983
1,012867
0,8014148
0,2929593
0,4137285
-0,8331781
-0,00354141
0,06090119
0,1372979
0,9234901
-0,01020756
-0,2912463
0,1145509
-0,04313022
-0,6937231
-0,2541935
0,3822487
-0,3748491
0,08670941
-0,3476128
0,04186979
-1,074153
-1,218952
-1,287689
0,6430895
-0,3817853
-1,332275
1,062448
-0,3160653
-0,7305006
-0,1418097
1,15
0,07244797
-1,912675
0,1216027
0,8179572
0,06212923
0,1573407
0,041878
-0,4736943
-0,887074
0,08742969
-0,6140256
-0,8342081
1,002222
0,2774637
1,289792
1,633618
1,070514
0,03832857
-1,658984
-0,5484653
-0,5685283
2,53526
0,07712929
-0,7925051
0,0995888
-0,2594658
-0,3916556
-0,1551374
0,1063681
0,6747025
-0,2697924
0,3389014
0,8805465
-0,7756367
1,91576
-1,280397
-0,5822725
0,8181127
-1,190211
0,1477646
-1,609985
0,4165285
-0,4113126
0,6113702
0,4117653
0,5033733
1,555489
1,66153
-0,1726854
0,1465766
0,2975838
-0,3525881
-0,005200699
-0,05054361
-0,3733934
-0,7718931
0,06582808
-0,7547929
-0,6201525
0,8012928
0,1225595
-0,4762148
1,104521
0,6019149
-2,033361
-1,244085
0,3301528
-1,105969
-0,07146457
0,6327199
1,329627
-0,322295
-1,152706
-0,2714132
0,9656041
-0,2970704
0,5805858
0,8189039
-0,3088284
-0,3008039
0,5564768
0,2138253
-2,038604
-0,8682662
0,1131414
1,289798
-0,2656137
0,1436398
-0,9611194
-2,052707
0,163673
-0,4008987
0,03620982
-0,5444973
0,4761763
-1,178297
0,2732135
0,5958017
0,4630513
0,08490306
-0,5421425
1,081872
0,5268006
-0,9014379
-0,4252728
-0,941269
-0,3025731
0,01096585
0,3015961
-0,6043635
-1,153056
-0,1677796
0,06430259
0,1948132
-0,1673635
-0,5589398
0,02197632
0,5131123
-0,9033415
1,032896
-0,06678414
0,01421967
0,3388519
-1,013549
0,6237994
0,1453327
-0,7726128
1,09245
-0,8472522
0,4597312
0,6317055
-0,2838123
-0,4695616
-0,108372
-0,9552045
2,190825
0,5430599
-0,0374753
-0,627129
-0,5425065
-0,5245785
0,2103503
0,9807445
2,388314
0,6285062
1,495862
-1,249244
-0,4737053
0,597698
-0,041995
0,8301389
-0,1882263
0,4762543
1,037139
-0,08261222
0,293988
-0,1488505
0,483427
-0,6478875
-0,3554311
-1,618021
0,3811896
0,8910862
0,6764421
-0,01447015
0,1690101
-0,9696763
-0,3217472
-0,06159553
0,497556
-2,043897
-0,1536635
0,2873593
-0,1142953
-0,5209807
-0,865764
-0,5713633
-0,4392876
0,2775347
-0,7067412
-0,1252316
0,4483334
-1,523689
-0,6488346
-0,007570371
0,1939161
0,1872213
-0,7201146
0,8521985
-0,4699854
-1,180697
0,9979297
0,754698
-0,1561089
-0,9478331
0,6569245
0,209563
-0,164499
1,581556
-0,6241772
-0,6020945
0,5909241
-0,6453777
-0,362014
-1,139531
-1,177295
0,968923
0,82784
0,03766489
0,8398383
-0,9714703
0,1502506
0,9549207
-0,2549698
0,08162293
-1,049225
-0,1461521
-0,1939922
-0,04593666
-0,2559616
-0,2948116
0,5384383
-0,01242992
-0,5442495
-0,2003025
0,3055302
-0,1456627
0,5242147
1,299048
-0,4958979
-0,3144923
-0,2417622
-0,8132108
0,5865561
1,105543
-0,8720737
-0,01413478
2,326907
-0,2457415
-1,239669
0,9811677
-1,645743
-1,436309
0,2535186
0,5198734
0,8407015
-0,245379
-0,04898143
0,6712735
-0,08453503
-0,1859752
0,5777284
0,6916927
-0,744881
0,3768465
-0,4837565
-0,245955
-0,505554
0,1126421
-1,828591
-0,4744098
0,4805732
-0,7130348
0,3127376
1,2199
0,3217403
0,1104593
0,8343204
-0,09523463
-0,2805819
0,6445402
-0,9247026
0,386152
-0,1841379
0,89659
-0,2153931
-0,4816571
0,2520105
-0,4006559
0,4735414
1,121157
-1,02213
-0,3825148
0,8872684
0,2132888
0,3764744
0,01493841
0,3116589
-0,01803523
0,6972014
0,3640079
0,9284472
0,9551768
0,4388162
0,08895051
-0,1219185
0,2611316
-0,563907
-0,5329601
1,04057
0,01780629
0,2716193
-0,3798104
-1,055325
-0,03668967
-0,5422819
-0,2463545
-0,04755157
-0,1980696
-0,6083032
0,09749517
0,6298726
0,367082
-1,109002
-0,6102835
0,7254487
-0,9101523
0,9380361
-0,3579308
0,9802707
-0,6491396
0,6147333
-1,203349
-1,240497
-0,9103501
0,1530387
0,8690061
-1,548513
-1,232055
1,28283
-0,4897543
-1,845267
0,6399947
0,9367745
0,5460885
0,2731888
0,2474673
0,8928435
-0,7904992
-0,1233131
-0,01147607
-0,9475357
-0,021577
1,047054
-0,5836585
-0,6494395
-0,9118438
-0,04961568
0,4182351
-0,7817771
0,2288762
-0,7604203
-0,3660795
-0,571144
-0,3478694
-0,1735091
0,07499753
0,7329299
1,171187
1,202882
-0,7411029
0,306367
-0,6226555
0,3599694
-0,4768462
0,8333541
2,018946
0,3319921
0,5605835
0,03825331
0,1686863
0,5507796
0,8514318
-0,9759419
0,5297388
0,5820008
1,374553
-0,6953485
0,1482223
0,8784449
0,5692216
1,346599
1,986942
1,474635
0,6730083
1,13845
0,8885831
0,7296067
1,323751
-0,4592843
1,525855
0,06135216
-0,3398818
-0,2789637
0,5283107
-1,418188
0,4775841
0,08124283
0,09398076
-0,01703367
0,7127087
0,1442755
0,6215262
0,8267334
1,648014
-1,011428
-1,859811
-0,6767341
-0,9424793
-0,5955744
0,2700824
0,4495245
-0,9481677
-0,8646873
-0,4598706
-0,0541665
0,0650668
-1,554792
-0,05205473
0,3173197
-0,08746725
0,4163609
0,1713699
0,5116537
1,085642
0,700959
-0,04730111
1,090224
-0,8171877
-0,1269401
-0,7237101
0,6969693
0,4382942
-0,2622128
0,4682888
1,27634
-0,2725393
1,065372
0,302381
0,2043309
1,579845
-0,6503776
-0,2238757
-0,5684001
-0,1014561
0,06919837
-0,9350467
0,07492289
-0,3817275
0,5741894
-0,7293991
1,057038
-0,2600802
0,6313179
-1,006572
-0,3078868
0,5944353
1,481538
1,277055
0,3210593
0,7649426
0,1951461
1,392282
-1,285023
-0,1431098
-0,5953723
-0,09759748
0,3918219
0,6074553
-0,6600089
0,4379838
0,1688204
-0,05220947
1,492243
-0,6349649
-1,127947
-1,432025
1,012526
0,5850765
-0,7730488
0,4587009
-0,4707857
-0,2203328
1,307405
0,03108221
-0,5708457
-1,146602
0,1318616
0,3543846
1,122364
-1,186451
1,361148
-1,591739
0,03262387
-1,170175
-0,3042832
-1,030726
-0,2924165
-0,817454
-0,02474733
0,2892506
-0,08340097
-0,07376482
1,412756
0,5317242
-0,2523111
-0,8390083
-0,3026083
0,4531937
-0,2045533
0,3747853
-0,09088647
-0,3751616
-0,1965853
0,7870301
0,5598083
-0,09855115
-0,2010726
-0,7602776
0,4979235
-0,3766211
-0,5078853
-0,8218501
1,71459
-0,1567645
-1,118735
-0,02583773
0,8029569
-0,6691153
-0,09198309
1,125994
-0,1064622
-0,3190197
1,128592
0,5137982
-0,1555055
0,0008271337
-2,330062
-0,8089476
0,918104
-0,5014938
-0,1064702
0,2516736
0,09460908
0,1613651
-0,4572985
-0,4090396
0,7311624
0,4094729
-0,1395903
0,2667254
0,6738535
-0,5120711
-0,2394115
-0,1370437
0,6071148
-0,5227412
-0,4481551
-1,469177
-0,3892224
0,7939897
0,883514
0,161948
1,341532
-0,3010658
0,3607761
-1,243742
-1,152286
-0,376601
-1,192593
-1,170753
-1,624016
1,135515
-1,19561
-0,4418943
-1,469795
0,2337594
-0,4947947
-0,366554
-0,8262024
-0,4056092
-0,9610652
-0,8220429
0,9132018
-0,5676645
-1,05264
0,8233207
-0,6351029
-0,1667002
1,157561
0,8114989
0,5454613
-0,2103564
-1,392954
-0,9783677
-0,01605979
0,1902197
-0,5761542
0,3919083
0,03244102
-0,911379
0,1655802
-0,1723834
0,4959395
0,2222157
0,6934606
0,0716967
0,06861436
0,5810391
0,4690809
0,9436037
-1,173725
-0,6753638
-0,4718513
0,3455949
0,4786719
0,4636336
1,204276
-0,9041727
0,9755595
0,7950926
-0,4761167
-0,876481
-0,8466147
-0,1741138
-0,6459147
-0,2531244
0,2289684
1,05091
0,3334596
-0,4736977
0,1472756
-0,236829
0,5636427
-0,7793527
0,3343042
0,2337533
-0,4222378
-0,4842964
0,3567639
-0,07840854
-0,4178607
-0,147718
0,4669514
1,93228
0,05804962
-0,4895056
-0,1692705
-0,3143245
0,4343149
-0,7146183
-0,3211336
0,1285054
0,1170018
-0,6730819
0,6323419
0,839956
0,6136176
-0,2558526
-0,1830996
-1,508205
-0,8450378
-1,67205
-0,4015608
-0,03181517
1,05371
0,3793396
-0,3361396
-0,1065255
-0,9212251
0,403155
-0,4439842
-0,2723837
1,000106
-0,6326556
0,778044
0,1706864
-0,9017777
-0,3621575
-0,8018271
2,073617
-0,4394907
0,6931953
0,03582871
-0,2340428
0,6136427
0,5675148
-0,9838265
-1,407261
-0,05930172
-0,3838688
-0,785976
1,140901
-0,6349377
-1,698491
-0,06887774
0,5303203
-0,5261859
-0,9156891
0,4367696
1,022811
-0,5067332
0,1015108
-0,6723471
-0,6411726
0,4778593
0,4892801
-0,2579741
-0,1511414
-0,4202945
-0,977273
-0,3817725
0,5294831
-0,459062
-0,2236392
-0,5146699
0,1413022
-0,814064
0,6645023
-0,548516
-1,152909
0,3990072
-0,9831541
-0,9023495
-0,9538745
-0,9663
-0,3842568
-0,9717865
0,2281078
0,3236967
0,4505129
0,116997
0,6197916
0,201818
-0,5016381
-0,2257515
0,4596974
0,1556156
0,4985177
0,7497091
-0,456409
-0,1494346
-0,8995114
-1,766553
-1,070473
1,55411
0,9746799
0,463695
0,5201546
-0,005752981
1,351261
-0,7313612
1,227344
-0,6962695
0,1196901
0,005540848
-0,8824685
-1,413262
0,8077053
-0,8247794
0,443603
-0,5166296
-1,509916
-0,1039035
-0,5695932
0,3023582
-0,110001
0,1496691
0,1418365
0,07065731
0,6101763
0,8810525
-0,7871716
1,319336
-2,588781
-0,8893
0,2375621
-1,000765
-0,4675474
-0,1022299
0,7044773
-0,02021509
-0,5166336
-0,7946799
0,06380555
0,2690936
0,812037
0,457102
-0,1737493
0,6936871
0,8104041
-0,6843855
0,4260479
0,7757669
0,6150916
0,2579052
0,5587076
-1,025078
0,01845175
1,126251
0,7410808
-1,046717
0,1220635
0,06443542
-0,719216
-0,6866673
-0,2795278
-0,7215142
-0,1543796
-0,2448666
1,001542
-0,6398063
-0,3022001
1,009294
-0,7186652
0,08707719
-0,2584953
0,5926803
1,516432
-0,8370247
-0,07501508
-1,618158
-0,8426191
1,022248
0,9776657
1,018203
-0,2776706
0,1447752
0,5330215
-0,0807451
0,3918462
0,2463283
-0,4004445
-2,095196
0,7911752
-0,512034
-0,006190792
-0,1661615
-0,2308569
1,285194
-0,4345146
-0,6749299
-0,6053041
0,3041002
1,196654
-0,5364806
0,1858769
0,09348416
0,5041516
0,2054631
-0,0639416
-0,6320358
-0,1881914
-0,05318238
0,331779
-0,3053217
-0,04764527
-0,417347
0,1580822
0,3289813
0,8988773
-0,6879074
-0,9983557
-0,2487414
-0,7892435
-0,5208946
-0,7631621
0,2516937
0,4616068
0,6038882
0,07413118
0,1112056
-0,5100351
1,270455
-0,3563635
-0,364718
0,2819933
0,4644569
-0,4141101
0,2853747
0,08033818
-0,6966206
-0,5334558
-0,6410437
0,07060294
-0,741653
0,05539864
-0,1492239
-0,1121369
0,5673793
1,505556
0,295835
-1,298245
-0,08160621
1,975939
-0,4994785
0,2498007
0,6554574
-0,01484948
-0,6756123
0,09884893
0,3055695
-0,3585859
2,689075
0,2493385
-0,4908198
0,4008996
-0,9381849
-0,6479465
0,5011118
-0,1768398
-0,6995339
-0,481637
0,4493122
-1,958955
-0,3464366
-1,854438
-0,01968634
-0,4857168
0,5301581
-0,6727591
-0,06543711
0,2306131
-1,115067
0,3618059
0,2224457
-0,7198936
-0,2046864
-0,4063051
-1,111972
0,9128641
-0,3505077
-0,874106
0,5061631
0,03574955
0,1367861
-0,3308651
-0,609287
0,1346303
-1,352825
-0,7322083
-0,4052393
1,378059
-1,314057
-0,5259874
0,2738552
-0,3596948
-0,1601618
-0,4179847
0,425929
0,3498054
0,628978
0,6874897
0,7518185
0,9374878
0,130486
-1,218139
-0,4407239
0,2030482
0,4127755
-0,1604288
-0,1821362
-0,6401839
0,5244998
0,01857392
-0,05212778
-0,08011386
-0,3805389
0,4008213
0,9609334
1,566527
-0,02240644
-0,1682115
-1,537272
-2,430207
-0,6294875
-0,2081353
-0,2857557
0,3041669
0,7432612
-0,4130492
0,2826863
0,6185139
0,2797281
0,2333276
0,2795016
0,008059993
0,2763497
0,992528
-2,097151
-0,5822258
-0,5083749
-0,3799116
0,9992719
0,04556623
1,155961
1,545492
0,2699046
0,124885
-0,1116479
-0,1788499
0,538087
0,3919403
-0,351327
-0,4632564
0,3733065
-0,06236523
-0,6065159
0,7832429
-0,3519946
1,081215
0,4418278
0,2654393
-0,5376916
0,306061
0,2545634
-1,012914
-1,555754
0,2701566
0,8319075
-0,09681419
-1,160483
0,308938
0,3311453
0,02366859
1,311391
-0,09329356
-0,06118909
-1,355567
0,4447687
-0,05277228
0,1782799
-0,3530815
0,3975558
0,4682269
0,6866626
-0,6765068
1,450984
-0,6635216
-0,2462142
1,425153
1,191344
-0,01488993
-0,08476083
0,1262443
-0,5026287
-0,7367535
1,135893
-0,005619466
-0,6720769
0,2583064
0,5469877
-0,2011127
0,2885439
-0,6150233
-0,05819398
1,211174
-1,120983
0,3506348
-0,6075708
-0,2325026
-0,2224835
0,241783
-0,1232758
-0,3911914
0,431449
0,4106953
0,3783468
1,009661
1,61721
0,6431679
-0,882311
-0,2913097
-0,3953478
-0,007789388
-0,05895334
0,493325
-0,691874
-0,3528765
-0,3837473
-0,2421502
0,146151
1,199363
-0,1862431
0,902346
1,196624
-0,8277093
0,779126
-0,66807
1,159949
0,2513633
0,2739095
0,1665807
-0,2899691
0,1555251
0,636838
0,4513993
1,115051
0,8747724
1,182279
1,542867
-1,127019
-0,1880533
1,553466
-0,8929157
-1,022201
-0,2138457
0,08760709
-1,041659
-0,422049
-0,580822
-0,931088
-2,07022
0,3674565
-0,05662343
-0,6885337
-0,3660105
-0,1119472
0,5481558
0,505836
-0,2838242
-0,6232505
-0,3500413
0,9592721
0,6232473
0,7017213
0,3010919
0,9804577
-0,2888696
0,09946936
-0,8711091
0,5518834
1,127288
1,058357
1,21927
0,006371599
-0,6796547
-0,7210543
-1,247143
-0,0681408
0,08396327
0,5382287
0,9590431
1,055453
0,6187951
0,2519311
-0,1942495
0,7263482
-0,2235362
0,1397658
-0,7314755
1,000299
-0,5609348
-0,6409156
-0,7396738
0,1653845
-0,0698818
-0,3667539
0,7165799
-1,025724
0,2662749
-0,0008707047
-0,7464397
0,5725443
1,332199
-0,8932081
-0,4413072
-0,02435386
-1,255412
-0,01572716
0,9759167
-1,098856
-0,1459187
-0,4334984
-0,05705427
0,4480973
0,1159035
1,108778
-0,4330924
0,3968786
-0,626539
0,5992692
0,6516201
-0,3921157
0,436525
0,9090146
0,687201
-0,9805923
-0,02059408
0,5326995
0,4152083
1,70032
-0,8062192
-0,2860415
-1,778207
0,5446741
-0,005787253
0,6031857
0,5475819
-1,085106
0,6150466
0,00452897
0,5880029
-0,2638571
1,27492
0,644174
1,030925
-0,1267769
-0,664679
-0,105544
-0,5182448
0,04646695
0,1334877
0,6643284
-0,9272243
-0,6964312
-0,2419622
0,4396529
1,154425
1,199564
0,1082276
-0,1759377
-0,5755228
0,5923169
0,6218801
-0,05154242
0,04065454
0,6566676
-0,7403551
0,7599336
-1,259353
-0,05682589
0,03411888
-0,3937838
0,8697315
-0,07394171
-0,3023307
0,0203881
1,086811
-0,9200376
-0,1085544
1,327926
0,0843364
0,122957
0,7801739
-0,6470516
-0,04316281
-0,6149129
0,7553434
0,03124958
0,70537
1,712197
-0,1658262
-0,4099398
0,6188238
0,6278534
0,8407546
0,649038
0,1591315
-0,7095708
-0,005058616
0,250183
-1,139849
-0,510486
-0,3650199
0,2607061
1,282424
0,5219805
-0,3315707
-1,134789
-0,1415552
-0,1747341
-0,4044977
0,04051122
-1,308345
-1,006654
-0,15951
-0,354156
-0,01348966
-2,295602
-0,02017605
-1,279275
0,7974013
-0,7730052
-0,09026426
-0,03228438
-0,108097
-0,002396703
0,3256879
1,536396
0,09813863
0,5770535
-0,2180237
-1,438299
0,5882867
-0,6147078
-0,06710733
0,2100732
-0,3454831
0,3541471
0,8002809
-0,7575575
-0,3282319
0,5219005
-0,5666909
-0,4725394
0,3977328
-0,6634291
-0,1745776
-0,0189428
-2,211438
-0,3096544
0,6656336
0,7502642
0,003971025
0,3610266
0,3546776
0,3495001
-1,326529
-0,5204362
-1,043285
-0,4324443
0,2280346
-0,3236697
0,1331181
-2,512174
-1,425219
0,3276875
-0,3905334
-0,8818961
0,5427408
-0,2041185
-1,105914
-0,8689299
-0,7223355
2,081022
0,3447518
1,209558
0,276043
-1,109215
0,4459621
0,06867369
-1,133361
0,3440091
0,2817776
-0,02383617
-0,962888
0,379539
0,01319438
0,5322917
-0,07267252
1,012966
0,1018797
0,4241574
-0,4137638
-0,6656741
-0,07953155
0,9914594
0,6157908
-0,2957198
0,6298372
-0,3961679
-0,006712854
0,1125318
0,1152895
-1,012625
0,7137147
-0,2171347
1,070021
-0,8940571
0,1377687
0,2220412
-0,3729775
1,038263
-0,7466372
-0,5981633
-0,02155927
1,108838
0,1567812
0,1498752
-0,4276367
-1,188767
-0,3037054
0,6711922
0,2776626
-1,126214
0,06501675
1,375176
0,4125603
-1,206479
0,7708434
-0,8107986
-0,1390319
-1,180585
0,2334469
0,1965769
-1,225921
-0,2521162
-0,005123623
0,1160137
-0,7186964
0,6428278
-1,262338
0,6518887
0,4576563
-0,538632
-0,7102136
1,534683
0,1363092
-0,6035161
-0,5922889
0,8438093
0,007188663
0,8818226
-0,1208236
-0,2470572
-0,498723
0,07359201
-0,7101259
0,5183487
0,1034373
-0,3805966
-0,05625308
0,0206671
0,3679648
0,8813354
-0,8701155
-0,04132183
-0,1916746
0,08462244
0,6721843
1,23028
-0,2882146
-1,023277
0,3511252
-0,7209741
-1,272136
0,01780462
1,153699
0,1613288
-0,6692833
0,550279
-0,29174
0,3079838
0,7625785
1,108525
0,4240407
0,3303909
-0,7983053
-0,9315116
0,8565778
0,7984275
-1,099127
-0,4209226
0,1007001
-1,174274
-0,2513773
-0,3440748
0,8768878
1,98268
0,5936999
1,421416
-0,0764275
-0,4553877
0,06634009
0,5172448
-0,3973247
1,042286
0,4315436
-0,3725021
-0,1455014
0,126869
1,258831
0,403639
-1,629403
0,03371567
-0,2687778
0,03805009
0,7414651
-1,356897
0,4384956
-0,7436725
-0,7109621
-0,05653962
0,0384569
0,1055793
0,5281398
0,183035
0,5117866
-0,1743818
0,08506379
-1,872308
0,2530416
0,1090224
-0,1256176
0,1554208
-1,041451
-0,7978755
0,1452514
-0,37675
-0,5242975
0,5182494
-0,9234355
0,7542384
-1,178056
0,123097
1,100343
-0,8858976
-0,8755194
-0,3697752
-0,5949469
-0,2947491
1,226559
-0,2101542
-0,4840352
0,2184253
0,5581137
0,1797486
0,4409723
-0,1315121
0,3113672
0,2663915
1,188949
-0,1519459
-0,7752109
0,6841764
-0,5168198
-0,573299
-1,072625
0,09476256
-0,9124579
-0,8782174
0,9385364
-0,33284
0,0129059
-0,8939474
0,0858714
0,214509
1,057133
0,004336476
0,757054
0,1854625
0,3683349
0,4602815
0,4394774
-0,7795544
-0,8856378
1,042904
-0,1976676
0,5358236
-0,7202441
-0,05812573
-0,9086612
-0,300144
0,8140486
0,3585402
-0,09979042
0,7029023
0,7678361
0,3840808
0,1901121
-0,1682102
-0,5062954
0,8001187
0,4307396
0,3137714
-0,1218969
-0,8320232
-0,4840235
0,1076587
0,05175433
1,139475
-0,9492929
-0,450781
0,3755679
0,8451771
-0,08907227
-0,8417339
-0,02046093
-0,4052347
0,1525091
0,03143612
0,3178588
-1,200852
-0,2542324
-0,6953567
-0,2249325
0,1393475
-0,844923
-0,1457848
0,2215811
-1,994867
0,6117833
-0,8002623
-1,846854
0,2434676
-0,4502173
0,8721058
-0,15204
-1,09165
0,4598407
1,263898
-0,6204461
-0,8725222
-0,515429
0,1022564
-0,4497942
-1,094112
-0,2294441
0,1600195
0,7414299
-0,1233343
0,3070399
-0,2425124
-0,9872409
-1,222193
0,3803747
-0,6164921
-1,190059
-0,8592507
0,538642
0,4587911
0,1418453
-0,724604
-0,2516234
-0,2072999
-1,041824
-0,7740364
0,4467328
0,8969585
0,3529
-1,047991
-0,178253
0,3880873
-0,5765722
-0,3046798
0,4895611
0,6627008
0,5617682
0,9024343
0,4663187
-0,4742395
-0,4982718
0,1332603
0,592261
0,5742319
-0,4727795
-0,4234537
0,03595695
0,3180845
0,4511968
1,000514
-0,6473392
0,9502901
0,7578155
-1,396791
-1,076764
-0,4132918
-0,3259499
-0,4617057
-0,3825714
0,7712778
0,989788
0,2027873
0,4150976
0,1069625
0,4552406
0,3672604
2,258407
-1,244214
0,05530047
0,01466161
0,3621634
-0,2082187
0,233731
0,1400686
-0,5380685
-0,290479
0,8283383
0,0667903
-0,07173389
0,2176269
-0,9635239
-0,3371717
-1,114001
-0,127445
-0,242875
-0,9947176
0,009616271
0,7199341
0,6859992
-0,7236537
0,1430165
0,6484597
1,261478
-0,656476
-0,722271
-0,1670354
-0,1129548
0,03157809
-0,3931608
-1,659658
0,9191516
-0,09049039
0,08520937
1,761058
0,00682646
0,01214916
-0,2897937
-0,3339736
0,3970826
0,9407341
0,2815887
0,18961
0,2252704
-0,2476845
-0,1032322
0,3978983
-0,3233352
-0,5267523
0,9720998
0,7210555
-1,313262
-0,4971136
1,237432
0,03679422
0,07006964
0,5511989
0,840554
0,02205759
-1,118225
1,10047
-0,9712602
-0,6932145
0,1388035
-0,001683831
0,3328955
-0,4913766
-0,8616977
-0,9383581
0,6908237
0,8042324
-0,2126257
2,050281
-0,3253956
0,9026802
-0,7406444
0,2094838
1,080168
-0,7307402
-1,404327
-0,8459251
-0,8020805
0,6369924
-0,9625509
-1,143517
0,633289
0,03776425
0,873045
0,3704569
-0,08675295
-0,2227941
-0,3523474
-0,3055407
-0,6850103
0,9640383
0,4947006
1,370535
0,2913053
0,3239807
0,3029341
1,527652
0,3074718
-1,16875
-0,07179832
-1,105331
1,460518
0,567113
-1,868642
-0,8095798
0,5453591
-0,4889672
-0,6246462
-0,2417555
0,1150227
0,6507425
0,01437283
0,02881663
0,4338372
0,06489041
-0,4778214
-0,3073815
1,881405
-0,696021
0,2913141
0,5383704
-0,3522468
0,05361193
0,8732872
1,179378
-1,114462
-1,490569
-0,2467804
-0,5383669
-0,3891736
0,9166324
-0,2768615
-1,501448
0,09854728
-0,1267598
0,1692223
1,331353
0,1858747
-0,1405844
-0,07663572
0,5333771
0,2443821
-0,5351725
0,1794513
0,134542
-0,9121448
-0,3465867
0,03780803
-0,5104271
-0,2647335
-0,52104
-0,440054
0,8930577
-0,4786888
0,5297278
0,3971227
0,08792891
0,3794503
0,8384358
-0,06759876
-0,8991836
0,5682812
0,8056588
-0,09912945
0,6679851
2,013981
1,275061
0,884534
-0,9961559
0,293157
-0,4290678
-0,6696732
0,118004
0,297343
0,08053049
0,3470407
0,583738
0,5890936
1,027101
-0,2483274
0,6738044
-0,9778748
0,5130823
1,526429
0,4429831
0,7092692
0,08536774
-0,1679865
-0,8796384
1,255298
0,6969231
-0,6327088
0,1392651
0,5712121
-0,1293855
0,604245
0,8886757
-0,3858104
0,03738153
-0,01347119
0,79377
-0,09914207
0,5261363
1,134169
0,1085246
-0,4790107
0,2539989
-0,7208378
0,9192762
0,2560247
0,4807122
0,6027936
0,1011764
-0,4283026
-0,3622142
-0,5948656
0,6800059
0,09554762
0,6351559
0,1192928
-0,2748935
0,0354414
1,154663
-0,2369539
-0,1164034
-0,5628626
-0,5690526
-1,188077
-0,5042136
-1,205583
1,168621
-0,6352124
-1,49391
0,7409503
-0,3863024
-0,1375375
1,500611
-1,136554
0,369978
0,5550414
-0,789656
0,8212584
-0,5328121
0,1399624
0,2913069
0,4500407
-0,9925011
-1,355576
-0,3553153
0,5435676
-0,9598519
0,8500653
-1,502612
0,1222481
0,9655319
0,6772797
0,878842
-0,8653579
0,5761737
1,189264
-0,5337434
0,6318173
-0,8615064
0,8214718
-0,9855825
1,102976
1,752026
1,474128
0,3960754
-0,04055211
0,738443
-0,1578116
0,06250441
1,000989
-0,3740045
-0,9417586
0,9941487
0,6688227
0,7631762
-0,6524284
-0,2610199
1,344154
0,82805
1,033682
-0,5944016
-2,013044
0,1043215
-0,3512915
-0,04685006
-0,6380054
-0,3855846
-0,5688233
0,1468204
0,494006
0,4056658
-0,1892503
-0,7882453
-0,3834778
0,6199031
0,4904804
-1,256544
0,2558439
-0,1529333
-0,7041245
0,003581524
0,007915378
-0,4528704
0,3251281
-0,2890396
0,5304127
-0,4967986
-0,9342726
0,4844276
-0,04183942
0,2726226
-0,1319899
0,388295
0,5703336
0,8340708
-0,3312538
0,3309884
-1,184899
-0,01990208
0,4775424
0,06901169
-0,331686
-0,2478934
0,1376547
-0,3383188
-0,793576
0,1488876
-0,1673061
0,831815
-0,6213566
1,142365
0,5183298
0,3245774
-0,04653977
-0,6598758
0,5343347
0,05856559
-1,128399
0,4612984
1,245658
-0,3866344
-0,7505689
0,1372043
0,6163728
-0,3069999
-1,223775
0,08631162
-0,1115877
0,1371697
-0,4695093
0,2401852
-0,6631184
-0,2225194
0,256465
-0,9216826
-0,2117695
0,5878876
0,2381664
-0,1311713
0,003626183
0,6841552
-0,3835566
-0,5636254
0,6228908
0,6450391
1,015843
-1,401072
0,2086221
0,006315991
0,1923661
0,7528767
0,6708555
0,5335577
-0,5789731
0,3383164
0,8186219
0,8566032
-1,576609
-0,01269957
0,593068
-2,154871
0,7780923
-1,148325
0,01097581
0,8921041
-0,3240609
-0,4543533
1,232164
0,4347942
0,9056237
0,6494349
-0,4491141
0,04028411
-0,4922504
-1,160135
-0,256759
0,06646127
0,331707
-0,6373243
0,06539601
0,1083156
0,5594028
0,4306154
-0,2630387
-0,3728791
-0,4759799
-0,126689
0,4041511
-0,8200162
0,5131982
0,6155686
-0,3203417
0,8566629
-0,6812561
0,4947898
0,5310549
-0,1211307
0,3470857
-0,1163527
-0,1681315
-0,6167074
0,2632094
0,5800004
0,01092732
-0,08313382
1,237946
1,041426
0,9582276
-0,3753516
0,1933542
0,6445693
1,419164
-1,262454
-1,169147
0,3141463
-1,913962
-0,7696921
-0,5359601
0,2898951
0,9891639
-0,1397443
1,101488
-0,467012
0,8374231
0,866502
0,5971621
0,01806325
-0,2102261
-0,4489809
-1,464246
-1,485176
-0,603791
-0,4210698
0,6707779
0,358631
0,1989168
-0,3885202
-0,7319018
1,096557
-0,3550797
-0,5832539
-0,1341668
0,5717731
0,173217
-0,7820357
0,2270756
0,1514792
0,2335274
-0,3434009
-0,2304405
0,4362512
-0,3448837
-0,1752165
0,380484
0,473631
0,4741167
0,561519
-0,04896778
-0,313787
0,1395838
-0,7098581
-0,8463942
0,391133
-1,744505
0,3186634
-0,541427
-1,114164
-1,616146
1,320812
-0,711105
0,3105101
0,1188545
-0,2289954
-0,8304932
0,5150685
-0,3508295
1,040187
0,4808871
-0,2034995
0,1606862
-0,5676975
0,07416621
-0,2870373
0,1291608
0,7775803
-0,6276399
-0,6891939
0,1111017
-0,2958856
0,6183077
-0,2290666
0,5406739
-1,680968
0,1853612
0,6753518
-0,2641494
1,072469
-0,8700888
-0,4185519
-0,07915163
-0,2551286
1,623516
1,117226
0,1842911
-0,5359904
0,8630328
-0,05874145
-0,3074861
1,368644
0,1221604
-0,3241386
-0,6731212
0,6961148
-0,2185393
-1,02838
-0,1108832
0,298807
-0,09423597
-0,3433933
0,4652658
0,7363335
1,153882
0,2602576
-0,5912894
-0,1895089
0,3323274
0,4959693
0,472394
0,428889
0,0006346852
0,6060571
-0,127133
0,4916321
0,9798017
0,0102095
0,3863019
0,5054896
-0,2217099
0,2012181
-0,4370156
-0,8174015
0,1271233
0,7141234
0,1414568
1,278486
0,9187627
0,621711
-0,1008893
0,754431
-0,6107409
-0,7109642
0,9111525
0,5628279
0,7782109
0,8373024
-0,140759
-1,145218
0,686332
-0,1537288
-0,8101838
-0,3986199
-0,9878233
-0,463766
1,200776
1,429457
-0,689495
-1,051449
-0,7468365
-0,1879158
0,08728486
0,7728052
-0,1932761
-1,166377
0,6078756
-0,4013048
0,2270449
-0,9744853
-0,5378515
0,7358118
-1,046283
0,3523014
0,217687
-0,06934512
-0,4461483
-1,651809
-0,1735008
0,319935
-0,275463
0,22123
0,8799689
-0,6945465
-0,01520759
1,250453
0,6651374
0,178885
-0,2098545
-0,008720398
-0,7804021
0,03899312
0,4600313
0,1576694
0,600141
0,9695456
0,6353987
0,1286545
-1,239749
-0,373404
0,02777755
0,6432752
0,5920823
-0,2761583
0,8212276
-1,396858
0,622309
-0,6539227
-0,321008
0,590663
-0,2866901
-0,2253917
0,9867521
-1,387031
-0,3451433
-0,1852279
0,4095863
-0,1596608
0,3767117
0,3611884
-0,9165728
0,3617126
-0,7785674
-0,1455116
-0,2959858
-0,129598
0,4565521
1,456578
0,207795
-1,682235
1,054606
0,7683748
0,2684792
-0,3114406
1,698732E-05
-0,3136244
-1,651017
0,432586
0,2141997
-1,510572
-0,7536069
0,09816476
-1,274182
-1,306077
0,7067224
0,4834658
-0,07279274
0,04708311
-0,09598029
-0,06169885
0,6766178
-0,2234324
0,5630459
0,8522736
0,2609036
0,5205672
-1,284484
-0,1049685
0,2222566
0,8118713
1,155254
-1,222262
0,6174901
0,3912158
-1,734488
-1,267145
0,1255631
0,1384414
-0,05273776
-0,461522
-1,900934
-0,4058873
0,2792846
0,1171703
-0,7736918
1,308001
0,3238233
1,895659
-0,9963345
0,08907518
-0,1769894
-0,7884606
0,4676627
1,66796
0,1717645
-0,2853929
0,5795311
-0,6467443
0,385959
0,04911518
0,2698466
0,2054027
0,08989137
-0,202349
-0,7352819
-1,116917
-0,9011112
-0,5357637
0,3760095
-0,06515461
0,6636698
0,8547667
-0,3716642
0,3808661
-0,05587375
1,338179
-0,9111918
-1,307743
-0,9339291
1,258815
0,08335727
0,622455
-0,4075575
-0,4917209
0,4449829
-0,2004147
0,5069993
0,1157295
-0,1455852
-0,4933162
0,8984944
0,9432929
0,0116888
-0,2803073
0,2952045
-0,6276658
-1,146812
0,1655689
1,033806
-0,1105021
0,4831175
0,7358039
0,3471127
1,134646
0,3971985
0,6194342
1,026487
-0,0265373
-0,3721913
0,008083463
0,2626522
-0,4561772
0,1526802
0,8978786
-0,02689478
-0,004505135
0,06334129
0,7128212
0,2003287
-0,4547099
-0,8550984
1,263346
-0,06754166
0,3185722
-0,5131602
0,8046361
-1,065152
0,3000981
1,872842
-0,280921
-0,09223324
0,07433397
0,03016996
0,6847217
0,3198729
-0,3653742
-0,2562675
-0,05175319
-0,07715209
-0,7755592
-0,1745315
-0,07843868
-0,612565
-0,5982295
-0,3822686
-0,4718501
0,185667
0,07153177
-0,6417176
0,02025789
0,1358574
1,146605
-0,2444409
0,004590213
-0,719496
0,769951
0,5465256
-0,1178756
-0,3161264
-1,217037
0,01768094
0,8915805
-0,5671662
-0,6107401
0,1531196
-0,1025772
-0,7959469
-0,6046907
0,6233064
0,5906341
0,996841
-0,595718
-0,5949231
0,7576863
0,3442197
-1,39998
0,6505085
-0,1278027
-0,8094773
0,4091241
0,4487657
0,4934153
-0,4509483
0,09396243
-0,1783029
0,2547779
-1,071636
1,136544
-0,09525967
-0,2112757
0,9269829
0,2749949
-0,4114358
-1,222374
0,2338285
1,129832
0,2575871
-0,001707733
-0,6434921
-0,5132426
0,1301627
-0,2386628
-1,006749
-0,2401448
-1,118981
0,3432448
-0,5355837
0,4253519
0,5477446
-0,4755389
1,37857
0,4307593
-0,4878383
-0,8630085
0,1033932
-0,02178478
-0,2688024
-1,250019
0,2475366
-0,1661499
-0,8562718
-0,2076341
0,4656643
0,4953238
-0,2128884
-0,6152515
-1,155235
-0,4469165
0,2629109
-0,7704694
0,4725745
1,137432
-0,8930841
0,1017721
-0,4669766
-0,1520021
0,01018538
0,4097016
-0,7424772
-0,05961013
-1,557514
0,589213
0,8112768
-0,01671271
-0,5116926
0,6996661
0,05175118
-0,2119306
-0,04831791
0,07251716
0,3142427
0,0714618
0,5782391
-0,08149578
1,604394
-0,7834142
0,3014756
-0,3060793
-1,636512
-1,421477
-0,4115902
-0,5998843
0,2842928
1,315479
0,1002468
-0,7639068
1,312517
1,286521
-0,5100787
-0,8935658
-0,1500029
0,1766162
0,3914618
-0,8608055
0,469456
1,766693
-0,9045908
1,011061
1,695551
-0,3954961
0,1466616
-0,3347408
1,841452
-0,230475
0,3840889
0,6014472
0,6628682
0,6310613
-0,2649027
-0,5832867
0,4558638
-0,4895071
-1,925932
-0,4965139
0,1782704
0,4865949
-1,118641
1,539895
0,4755805
0,5085902
-0,05161925
-0,09017694
0,5349938
0,2743819
0,09411296
0,2925654
0,09492266
0,189861
-1,047848
0,05897053
-0,06747256
0,6220405
-0,1886797
0,7672994
0,06838399
1,604
-0,4462287
0,1109941
-0,002000362
-0,6362389
0,422821
0,1030553
-0,01251435
-0,2138126
-0,3680171
-0,3679382
0,7778866
-0,3729887
0,1042445
0,3251641
0,8579282
-0,6328996
-0,3066682
0,664957
1,377169
-0,5088814
0,1108186
-0,7694249
0,01017466
-0,5074319
0,9311932
0,1731837
0,8607158
0,4108304
0,5550085
0,3025614
-0,03325549
0,4327173
-0,1998742
0,4979666
-0,1105437
2,56421
0,3800631
-0,284303
0,04000665
-1,331904
0,7717877
0,824851
-1,356854
-1,206208
0,1459935
0,3657259
-0,07218179
-0,4774702
-0,7756459
0,03439033
0,1992214
0,2211857
0,4109582
-0,2961287
0,3584821
0,7603683
0,4358895
0,2669277
0,7653915
1,045943
-1,751665
-9,340048E-05
1,587759
-0,6991922
0,7781646
1,314276
-0,5494758
0,867313
1,222245
-0,1114824
-0,7366222
-0,06963021
0,4811193
0,8251469
0,08470559
0,5444074
0,1203199
-1,067997
-1,187511
-0,621507
0,9766335
0,5385303
0,2783699
1,161139
0,3678225
0,01968433
0,4254158
0,1398187
0,2509305
-0,3537946
0,2970399
-0,1039943
0,1014131
0,4643963
-0,833897
-0,1478712
-1,557284
0,3471605
0,4887355
0,6118903
0,03753898
-1,566166
-0,234212
0,2727865
0,156164
-0,5678773
-0,9888695
0,4826391
-0,2098288
0,6804444
-1,496055
0,502458
-0,6025887
0,195088
0,02972077
-0,1199799
0,7567868
0,457746
-0,2383141
1,073085
0,009606853
0,1548441
0,009923279
1,238772
-0,7368295
-0,2312884
0,07288773
-0,1104388
-0,8656584
-0,6345543
0,1923544
0,5152213
-0,2090368
-0,8264289
0,2752256
0,3381839
0,2137613
0,6430384
-0,7078284
0,4722279
-0,4594644
-0,8819959
-0,4362673
0,3029119
0,057376
1,035294
-0,1778007
0,3210631
0,1950757
0,3140101
-0,3084617
-0,2669206
0,7863853
0,05704391
-0,3488671
2,157228
0,4735593
0,4520904
-0,3088179
1,662969
-0,8452912
-0,5129825
0,06667697
-0,3238576
-0,3736844
-1,686118
0,7496591
0,2813507
0,3840885
1,907068
0,8712184
0,3935546
-0,7924941
-0,3739251
0,467185
0,684181
-0,1239651
-1,406606
0,5861223
-0,3816154
-0,4347121
-0,7631558
-0,1769522
1,171023
0,4846815
0,1290922
0,4637922
-0,5848782
-0,09572554
0,6997909
-0,03148645
-0,77426
0,3517759
-0,6131589
-1,345485
-1,271185
-0,08495396
0,7098231
-0,6081579
0,2228056
0,3750414
0,9064348
0,2640434
1,227616
0,8542688
0,8511279
-0,1611466
-0,7714687
-0,3077069
-0,1488311
0,2963438
0,1681306
-1,084218
-0,5173205
-0,950417
0,4615591
-0,3913925
1,198249
-0,7344186
0,5599436
0,06882679
-1,394078
0,9233419
-0,650437
0,9721074
0,3277307
-1,062755
-0,173579
1,628279
-0,7952981
-0,1025464
0,02522868
-1,246978
0,6053947
-0,2614232
-0,3718675
-0,8181077
-0,7952085
0,3992938
-1,117271
0,3001529
-0,8431261
0,3502491
-0,1886304
0,05188856
0,4684228
-0,3187014
-0,4776226
-0,539205
1,401981
0,1552239
-0,9357903
0,3428077
0,1682819
-0,0926853
-0,2130088
0,4577109
-1,266911
-1,150478
1,123116
0,4349328
1,913231
-0,4718989
1,136721
0,8605308
0,1799106
0,5501968
0,2947373
0,4493325
-0,6384744
0,736338
-0,8623009
0,3243143
0,7787281
-0,3146698
-0,5778923
0,4144511
-0,5366186
-0,705436
-1,051208
0,5607206
1,363901
-0,3753012
-0,1872078
0,3746477
-0,6577478
0,7201124
0,7317586
0,6039309
0,1008481
-0,5033239
0,0673705
-0,6594731
-0,01647173
-0,5487348
-0,417447
-0,1179091
-0,9332311
-1,042785
1,29016
-0,1086031
-0,365336
-0,7398028
-1,375994
-0,6415322
0,1463594
0,4889813
0,6690204
0,8763123
1,734367
0,3355627
1,193072
0,1002308
0,2953956
-0,1893898
-0,7143784
0,8995491
0,1331576
-0,3430541
-0,01833779
1,201054
-0,177286
0,257145
-0,2206427
-0,5396628
0,5334471
-0,4553115
-0,6227093
-0,05956717
-0,1764106
-0,5722159
-1,328379
1,173686
0,5332271
-0,632249
0,190132
0,5623626
-0,1630081
-0,3303882
0,8814446
0,2614886
0,02709588
0,2031654
1,412206
-0,862123
-0,525915
-0,8745875
0,2872015
0,6923468
-0,5414791
0,35614
-0,6437599
0,5964913
0,1369659
-0,04085279
-1,211557
0,07686049
1,318646
-1,317761
-0,5498282
-0,2679364
-0,9552188
-0,4159185
0,3841973
1,352103
-0,391491
-0,5167
1,357977
-1,177247
-0,2663232
0,5836868
-0,2612594
1,630691
0,4511194
-0,680616
0,233633
-0,3429953
0,4809355
-0,3617685
-0,3169758
-1,460624
-0,1058602
0,5197804
0,3600803
-0,5298937
0,03776723
-0,8817801
0,8423694
-0,2289951
0,1835673
-0,357212
-0,2821425
-1,129122
-0,4202701
0,8016517
-0,7322782
0,4399951
0,1268246
0,2124017
1,754093
1,088986
-0,4400283
0,263673
1,391294
0,6025804
-0,7064428
0,2348251
0,4937978
-0,7929565
0,7512974
0,496252
-0,9155414
0,6152018
0,02535588
0,7740626
0,6230889
0,3319851
0,1170201
0,9588774
0,684087
2,375726
0,9184015
-1,355114
-0,4145326
-0,196757
2,046136
0,7681541
0,150451
0,7336043
-0,2307591
-0,1877959
0,5464453
0,00627248
1,215878
-1,059704
0,3553064
-0,1122478
-0,1687213
0,3406574
0,4456237
0,06441712
-0,6313555
-0,6436412
0,003856465
0,4166061
-0,07725992
0,6035947
-0,183919
1,54092
-0,4006192
0,1872002
-0,4679053
0,05995196
0,4257102
0,5579883
0,1570531
-0,6165295
0,1455148
0,05770716
0,7168818
0,003864169
0,3326445
-1,308946
-0,06367418
-0,3893237
0,733296
0,7716112
-0,7554307
-0,4468402
-0,6413866
0,4198792
-1,100782
-0,122019
-0,07161492
0,5364185
0,5722257
0,3196504
-0,05173004
0,3327247
-0,3052147
-0,5005832
0,9510623
-0,1343596
0,7635934
-0,3877196
-0,6551869
-1,039938
-0,6550148
-0,205721
0,6951469
0,382073
-0,3080543
0,145457
-0,5204253
-1,242675
-0,5474855
0,5193892
-0,8623017
-1,343923
-0,925724
-0,1026663
-0,4102101
0,02315134
0,2581032
-0,9361983
0,08703795
0,5221864
1,081594
-0,8489475
0,293237
-0,3576789
0,7672303
-0,2854644
-0,1520603
-0,1004956
-0,4433977
-1,310481
-1,33781
0,5282047
0,5266876
-0,3151475
0,3273262
-0,873858
-0,175221
-0,7035028
0,2643013
0,09166327
1,353562
-0,1669009
0,4493627
0,2877489
0,2756746
-1,90504
-0,2811844
0,1215082
0,02927092
0,7467654
-1,135457
-0,6993279
-0,2295128
0,01168358
0,7962202
-0,9774521
0,4152311
0,5057758
-0,7292576
-0,2106585
-1,489424
0,3881807
0,861464
0,3691729
0,1849162
-0,6097934
-0,5863848
1,447587
-1,264206
-0,5301765
0,6469693
-0,2357907
0,4082502
-0,7063277
0,4559729
0,2850657
0,04535462
-1,0792
-0,6782044
-0,05477458
0,4296837
0,140545
-1,13504
-0,08502194
0,07650509
-0,4617249
-1,463386
-0,3160154
-0,5643187
0,5220709
-0,2354513
-1,130025
0,1894584
-0,001249075
0,7567273
-0,4875622
-1,108703
0,7506539
-0,3636928
-0,1055852
1,469445
-0,4154899
-0,2566853
-0,1807328
-0,03281087
1,959697
0,4572645
0,3684577
1,192596
-0,3320214
0,06554393
0,005202442
-1,085071
1,091344
0,7989141
0,9544535
0,04708731
-0,02565819
-0,08715476
1,101592
-0,332944
1,005261
-1,025993
1,057233
0,5054029
1,07749
1,230192
0,3758986
0,5673817
-0,9375592
0,01719394
-1,629697
0,3294587
0,7673951
-0,4296678
0,1342651
0,1291847
0,6443436
-0,6826464
0,1110359
-0,003612101
-0,740536
1,137871
0,2062378
-0,9886069
-0,6434642
0,7601593
0,8514916
0,1058555
0,9134804
2,407218
1,088039
0,4360064
-0,6674092
0,01124081
0,05128056
-0,1054645
0,6225307
-1,32263
-1,093636
0,9861536
-0,3946175
-0,05557984
-0,8105974
-0,44523
0,6810826
-0,5089807
0,09611406
-0,2799085
1,669828
-0,3452525
-0,5321286
-0,5100965
-0,3800136
-0,4362481
-0,3141988
0,3104453
1,161681
-0,7089753
0,3803785
-1,088517
0,4163923
0,5310251
-0,9578486
1,106007
0,1462339
0,09606977
0,4401926
0,633935
-0,270484
0,4005088
-0,00854063
0,9224012
0,1196781
-0,464111
0,2267331
0,1334271
-0,729072
-0,6573462
0,1598253
0,4944657
0,9356576
0,9932288
-0,2282636
-0,02220693
0,4862891
-1,904272
-0,7103831
0,5238556
0,2258007
0,5647615
-0,5848119
0,9469822
1,080456
-0,4024108
1,011916
0,07165366
-0,6826947
0,9414976
-0,04434837
0,9490405
0,2528104
-1,2711
-0,07124427
0,01182801
-0,7667661
1,528435
-0,3034688
0,09291205
1,175441
1,13716
-0,8606109
0,581736
0,1817599
0,09730685
0,2365986
-0,04711254
-0,7125192
-0,330914
0,2400024
-0,6100815
-0,5002372
1,231263
0,05829482
-0,2598183
0,02134694
-0,08851025
-1,220498
-0,3282035
0,9137552
0,08258307
0,08927023
-0,3005766
0,6766228
-0,6599542
-0,664581
1,395653
-0,4107971
-0,5898938
0,5396974
0,5330602
-0,5430622
0,4317747
0,1990332
-0,6635156
0,4353142
-0,01271558
-0,3167895
0,8800809
0,580922
0,8851108
-0,8915784
-0,3405288
0,1310659
0,2609945
1,22041
-0,2292007
-0,5126449
-0,3423563
1,44129
0,8124424
-0,1700724
-0,1511209
0,3366614
-0,1528546
0,3454611
0,2256147
-0,2504025
-0,1811544
-1,29756
0,2607303
0,889262
1,040746
-0,1872361
0,4223871
-1,102842
0,6714305
-0,1827053
0,9143357
-0,523717
-0,1618629
-0,7848521
0,04047546
0,6727149
-0,1279645
0,7657245
-0,006110951
-0,3967614
0,7929142
0,6546143
-0,894578
0,06207222
-0,0894514
-0,09112836
-0,2249886
-0,1798016
-0,4068011
0,8560441
-0,5838999
-0,5685307
-0,6591709
-0,7685912
1,099963
-0,8409454
1,494535
-0,5318531
-0,2967484
1,301098
-0,7230096
-0,5289811
0,4287
1,401075
-0,9910996
-0,5488695
0,1174807
0,4866792
-0,5184606
-0,7242464
-0,3723761
-0,04684335
-0,3066586
-1,460176
0,6803137
-0,4955628
-0,413233
-1,039655
-0,9822749
0,7019542
0,9904634
1,083215
-0,5156558
-0,8454041
-0,4581771
-0,6189865
0,1445495
0,4979642
1,545264
0,6201628
0,0642879
-0,1488112
0,4646516
0,5949706
0,4362924
0,9711552
0,4007423
-0,5944957
0,9548172
-1,143165
-0,340835
-0,5805652
1,17646
0,01370734
-0,8888539
-1,783824
-1,085489
-0,3684977
-1,096933
-0,4326866
-0,4337395
-0,336715
0,3636468
-1,233687
0,2146942
1,332481
0,9195284
-2,230414
0,3878422
0,5466971
-0,2383465
0,9951701
-0,2513624
-0,6047998
-0,06747127
1,123498
-0,7088208
0,6553915
-0,4171948
-0,2167828
-0,07947665
-0,256714
-0,9947615
0,7550957
-0,420983
-0,4951723
-0,4958511
-0,2068088
-0,4518777
1,101627
0,1037578
0,09606022
-0,7475499
0,4493931
-0,3909827
-0,1551897
-0,2917433
-0,4048396
-0,1546148
0,52258
-0,1797795
-0,2003966
1,609557
-0,8479049
-0,5927509
0,9606699
2,915226
-1,14248
-0,590273
-1,493999
0,2194269
-1,184499
-0,2535113
1,388066
0,3486628
-0,05999726
-0,8667671
-0,4672393
1,708249
-0,1253245
-0,8242282
0,8451297
0,5521243
0,7326893
-0,2156568
-0,3356041
-0,8779371
-0,5573552
0,5602795
-0,2215798
-0,8238711
1,08659
0,6102976
-0,1043039
-0,2902845
-0,557986
0,3576466
-0,4823535
0,1444528
-0,3825318
0,4322428
0,4546716
0,040583
-0,1170931
-0,09744859
-0,06002899
0,5581931
0,6760404
-0,6833426
-0,3211342
-0,6248733
-1,206801
0,2318077
-0,3154169
0,0535495
0,2519131
-0,292541
-0,2833664
-0,2475272
1,095938
1,213167
0,6239668
-1,086987
0,8327248
0,148738
-1,477552
-1,293715
-0,01328704
-1,627058
-0,4333932
0,207086
-0,7735009
0,5261289
-0,1929252
0,4905025
0,8303824
0,6060593
-0,7655433
0,002512991
-0,7145203
1,538743
1,222546
1,880034
0,4019077
0,5737317
-0,08757588
-0,3002768
1,242824
0,09182718
0,4632209
0,74343
0,3201901
0,6249098
1,301554
-0,765205
-0,4341781
-0,2874386
-0,9969391
-0,6843224
-2,684582
0,9555594
0,7374442
0,9204412
0,03016734
-1,411191
0,4944556
-0,5684578
-0,5359716
0,5297018
-0,05578578
0,3275531
0,1128324
0,1246502
-0,03247923
0,281311
0,9004769
0,6113309
-0,7884116
0,6058643
0,6850933
-1,446222
-0,3095844
-0,4195088
0,3827318
-1,436673
1,058585
0,5186931
0,35176
0,3298095
0,2238093
-0,4831634
0,6130457
0,3739429
1,356628
-0,1701803
-0,05569503
0,4244531
-1,259168
-0,4591873
0,02133203
-0,9850222
-1,096453
0,8367749
-1,033282
-0,7158154
0,7933398
-0,1310789
-0,3531574
-0,4441336
-0,6935578
-1,298399
0,1197364
-0,1482057
-0,8612359
-0,879298
0,5291286
-0,3742762
0,3584614
-0,004369617
0,3261361
-0,0798303
0,4455444
-1,401394
0,02170287
0,7164712
1,082675
0,4268265
0,1624775
-0,6097795
-0,4609092
0,408166
0,6006548
0,1557955
-0,5936297
-0,120098
-0,4510645
-0,4061033
0,3848084
0,1864815
-0,5449849
-0,6991659
-0,4605838
-1,160974
-0,588855
0,9302818
-0,2172755
0,1342201
0,2781359
0,4304074
-0,4394508
0,2531867
0,3650072
-0,2532479
0,4873756
0,7477334
0,5858554
-0,03416315
-0,8863645
-0,1565685
0,07784049
0,7295649
-0,09427243
-1,225657
0,6017938
-0,3889607
-0,3685572
-1,503031
0,3181205
0,1392818
0,02264491
-0,9124073
-0,5342567
1,23006
0,8456523
-1,290324
-0,3622839
-0,4785875
-0,1659846
-0,277696
-0,4297051
-0,4532443
-0,14782
-1,478428
1,185321
-0,1597024
0,4981712
-0,108753
-0,6180784
-0,4743472
-0,367321
0,1474846
-1,085696
0,3484688
0,07856619
-0,05541611
-0,8088541
0,4842332
-0,3474324
0,4972872
-0,3169535
-0,4979689
-0,1612421
0,04148164
-0,2209739
1,510052
-1,3346
-0,7322546
-0,0409593
-1,63577
-0,7273656
1,137007
0,7959995
-0,187993
0,7652807
-0,02024227
0,3581555
-0,4362569
0,6232444
0,1029219
0,2831772
-0,08878817
-0,7348748
0,2606406
0,686766
-0,3862911
1,982484
-1,302977
-0,2973864
1,104267
0,2864326
1,087754
-1,048693
0,6213106
-0,4472812
1,813697
0,8684502
0,02962446
0,2794619
1,826944
0,5012115
0,1101651
-1,161491
1,523174
0,8274276
-0,3776475
-0,01605397
0,2841288
-0,3574219
0,1647545
0,3307269
0,5179403
-0,4504995
-0,0875296
0,7705496
-1,237532
0,867515
0,0639846
-0,4247068
-1,330173
-0,8943647
0,2723274
1,492696
-0,9066035
-0,08645314
0,27221
-0,04012737
1,332378
-0,8359456
0,07250744
0,7589272
-0,328916
1,235418
0,2914911
-0,3234054
-0,5523853
0,05333027
-1,018506
-0,8325117
-0,0921067
-0,4332437
-0,1208766
0,7862118
0,8232435
1,544505
-0,07387036
-1,249507
0,1895554
-0,3703803
-0,8053731
-0,06225181
0,8709083
0,3747903
0,2886943
1,559075
-0,4130345
0,3437729
-1,81868
-0,2406239
-1,379722
-0,2775787
-0,005430639
0,653735
0,4237289
-0,5788308
0,8751473
0,1565072
0,158598
0,5023079
0,3162979
-0,1786019
0,530926
1,363436
-0,4746174
0,700766
0,7806373
0,09857766
0,9193776
0,1530277
-0,7876075
-0,2271876
-0,2255027
1,795549
0,210769
0,5929664
-1,19057
1,052227
1,415345
-0,02938877
0,8625542
0,5048953
0,6001058
-0,02858776
0,02976113
-0,246008
1,040441
-1,029623
0,3228544
0,3592362
0,9659418
-0,6972993
-0,335663
0,2133127
1,021924
0,1911616
-0,699945
-0,323047
1,20521
-1,572172
0,9229943
-0,658747
-0,1624285
-0,3704467
-0,6267912
0,1693613
-0,2158938
0,1288565
0,9442341
-0,2143264
-0,2386526
1,12491
0,6228951
0,3711894
0,9471825
-0,9735399
-0,1664156
-0,8123206
1,346606
-0,9587088
0,4212272
-0,4164193
1,570227
-1,332204
0,3297265
-0,5700419
0,2637739
0,1697487
-0,3182715
0,8136964
0,6867998
-0,2708852
1,594882
-1,131803
0,6318601
0,1015887
0,9886963
1,046159
0,668804
0,4772695
1,059809
0,211064
1,418441
-0,08850947
-0,04900861
-0,7196918
0,5577825
-0,4748504
0,003557444
0,02594876
0,1698672
-0,2008404
-0,1107611
-0,09013751
0,3781833
-0,02129561
0,4697255
0,8732233
0,5876163
0,7672373
0,2033617
1,080723
0,06957704
0,3821678
-0,3394971
-0,08671129
0,8050488
0,360352
1,106502
1,150954
0,531864
-0,857596
-0,6228976
0,3036059
-0,04889059
0,6581004
0,573882
-0,2733409
0,1770914
0,3112417
1,472316
0,592031
-1,104242
-0,04777575
-1,130687
-0,7807817
0,6606821
1,263211
-1,186157
0,8203331
-0,1448475
-0,1551491
-0,6897933
-0,3240141
-1,447791
0,5402229
0,5726447
-0,3451485
0,584445
-0,8820163
-0,2126206
0,1498855
-0,213254
0,444908
0,4802241
0,3596313
0,3522854
-0,2024669
0,01452854
1,099138
0,2020666
-0,8594739
0,3597419
0,4372386
-0,4137356
1,13736
-0,9130598
-0,2659239
-0,08339962
0,3983118
0,8288105
-0,1322796
-0,8390392
1,203805
1,090315
-0,2952336
0,5235167
-0,193298
-0,7454009
0,863704
-0,05454582
-0,8298243
0,4325508
-0,8973354
-0,04501063
0,5266787
0,3472203
0,1440021
0,6720115
0,5232589
0,004973501
-0,9032004
0,2664269
0,3255423
0,7371172
-0,1999305
1,231398
0,6369106
-0,6870285
0,3181206
-0,2173194
-0,1471521
0,7066734
0,4395257
0,6736956
1,053815
-0,2688938
0,7945244
-0,7110109
0,1698211
0,7305359
0,04753214
-1,182595
0,267606
-0,2842879
0,5347306
-2,262993
-0,4040546
-0,6152681
-0,7277428
0,1084827
0,7547626
-0,01062673
-0,0281707
-0,5395645
0,8515468
0,2902914
0,4102839
0,3372468
-0,3253328
-0,7340254
0,5731838
-0,2330798
-0,5655058
0,9055482
-0,9945644
0,7223272
-0,1403564
0,9479637
0,3582885
-0,6371272
-0,01596768
0,6415236
0,06996188
0,7622839
0,01474404
0,1096147
0,4970143
-1,348492
-0,09146562
-0,01276067
-0,2514241
-0,916683
0,879518
-0,3496602
-1,267728
-0,1413729
-0,3919678
-0,09031706
-0,345228
-0,02886319
0,4818302
0,2834198
0,5446452
-1,132839
0,2362751
0,9557
0,6792815
0,6483934
1,075529
1,108181
0,4473778
-0,3830656
0,213055
-0,9594967
0,391579
-1,073868
0,2161862
0,3940962
-2,110535
0,1923868
0,3808278
-0,3368247
-1,103911
-0,3291446
0,2229279
0,3774868
0,5220408
-0,1066534
-0,126723
-0,5132927
-0,05381462
0,8206192
-0,8532153
0,1547679
-1,086744
-0,07418506
-0,1237034
0,4009038
0,8200222
-0,1590086
-0,9798012
0,3635074
0,07395858
0,5263199
0,7693939
0,8634015
0,5097581
-0,1961505
0,677566
0,3978771
0,1340362
-1,353722
-0,4636343
-0,480201
0,3576791
-0,6131133
0,6093403
-0,3471252
-2,803999
-0,7988149
-0,1969818
-0,189319
-0,9191738
-0,04942495
0,5624557
1,056658
-0,6234848
0,611606
0,1936132
-1,609322
0,6538454
0,8143248
-0,9582068
0,3066782
-0,1743553
0,1144031
0,7623867
-0,5492408
-1,137067
-1,051412
-0,3166281
0,339013
0,06791149
0,8163726
-0,269122
-0,2300903
-0,5963786
0,6412889
0,3510905
0,4225751
-0,3926325
-0,9318815
-0,9184066
0,6128244
-0,676953
-1,056058
-0,1446962
0,3674473
0,8441553
0,3033323
-1,260476
0,2571702
0,09306073
-0,08163558
-0,7570225
0,2674361
0,5114925
0,5701695
-1,264959
-0,3315881
-0,9528917
0,2571695
0,5688686
0,6289954
-0,4574953
0,3114966
0,2415805
-0,8966781
0,2062942
0,06671602
-0,05463085
2,128352
-0,146621
1,555939
-0,5160776
0,3343865
-0,08323056
0,532739
0,0194245
-0,7429273
-0,175268
-0,2801208
-0,2545971
0,7779685
0,2285157
0,06945962
0,08595526
0,05735517
0,5275476
-1,544148
0,4575157
-0,993084
-0,007277519
0,4742192
-0,5188799
-1,334891
0,8061926
0,4662049
-0,4644147
-1,344248
1,866828
0,1159344
0,1744885
-0,3281578
-0,1422897
-0,3296674
1,176866
-0,1411137
-0,4228805
0,3443867
-0,1522235
0,01265138
1,118688
-0,5152016
1,360896
0,8271682
0,2828367
-0,4525143
0,614913
0,1616284
0,4113592
0,7187189
0,09943584
-0,5732294
0,04946069
0,05775079
-1,304125
-0,5330945
0,03341031
0,9017938
-0,08693923
1,318944
-0,376285
0,4734369
-0,2391441
-0,4530258
0,07816741
-0,1434599
-0,6833633
-0,07064492
0,9525273
-0,3437636
0,4564967
-0,9137108
0,7463186
0,1431476
-0,9562542
1,32197
0,5709287
0,2969868
0,02273782
-0,4507533
0,1654283
0,1082944
1,251143
-0,9444144
-0,0624564
-0,6444983
-1,057019
-0,2373049
-0,08079737
-0,4350045
-0,5059994
0,308188
-0,4257698
-0,4461985
0,6545937
0,2781516
-0,5318838
0,705017
-0,02212447
-0,2334683
0,1674296
1,720906
-0,05830109
0,01478934
-0,6135579
-0,002760381
-0,717685
-0,01090202
0,7681133
0,5856663
-0,8047388
-0,7072676
0,0135155
0,4751055
0,1909967
1,218548
-0,1082134
-0,01174459
-0,3566847
1,240769
0,5483284
0,3015916
0,119917
0,1314601
0,357863
