0,6218453
-0,9209443
0,5764936
0,4141177
0,02068186
-1,074377
0,5241919
0,1548147
-0,642745
-0,002754748
-0,5389534
0,3759409
0,2792118
-0,1166469
1,242447
-0,2450963
0,2810006
1,24988
0,2337914
-0,3206226
0,1769293
0,2838942
1,019519
0,7358189
0,6889485
-0,7003679
0,3284757
0,02622268
-1,705734
-0,0520758
1,051001
-0,3988886
0,8466319
-0,7651676
-0,2131688
-0,6571113
0,1926646
-0,1267385
-0,1515606
-0,2776729
-0,3034332
-0,317633
-0,7736647
-0,496261
-0,1782691
0,6561168
0,0535913
-0,305622
-0,2777817
0,3935595
-0,3083449
-0,3730941
0,01037142
-0,04255354
-0,4961138
0,9343156
0,004326746
0,27268
0,04594815
-0,3603435
0,3802418
0,3088506
-0,5760776
-1,215288
-0,5283692
0,3471165
-0,335055
0,6656067
-0,4882041
-0,2366706
0,9609755
-0,473579
2,34831
-1,623357
0,5999953
0,4024501
-0,8248476
0,5750972
-0,007281423
0,1136339
0,2193874
-0,002952486
0,4441919
-0,6682056
-0,1290085
-1,016179
-0,5156046
0,875507
1,301465
-0,5263521
0,1654592
-0,46587
-1,461647
1,493707
0,5785916
-0,2461026
-0,04319388
0,7149282
0,7049087
0,1186869
0,1671346
0,751335
-0,5374612
0,4205868
0,156803
0,05509907
0,3483021
-0,8410652
1,431283
0,4253557
0,3525882
-0,3982136
-0,4418988
-0,2021181
0,08303308
-0,2640558
0,3305966
1,028572
0,4532499
-0,4075654
-0,7312471
-0,3669922
0,1124331
-0,46053
-0,5325089
-0,2586738
-0,5168121
-0,181637
0,4959697
0,03018934
0,01711547
-0,7201146
-0,444375
1,462867
-1,030564
0,4461988
-0,5826781
0,7839455
-0,508087
0,01692504
0,1422733
-0,5044029
0,4474156
0,3098602
-0,5376019
-0,3704023
-0,881794
0,005351901
0,3665267
-0,728352
0,3368643
-0,5228983
-0,5848402
0,4361181
-0,5112731
0,4841662
-0,5618878
-1,214227
0,3090259
-0,2728832
0,3399091
0,8360188
1,235545
0,170912
0,6864433
0,01179096
0,6650355
-0,6366349
0,1951671
-0,857009
0,6268109
-0,1942482
0,2903163
0,4081314
0,1795926
-0,5727472
-0,2121692
0,1939892
0,7965647
0,2637675
-0,5430385
-0,720493
1,323853
0,6700899
0,8807356
-0,3768558
0,1476367
0,06302208
-0,1460531
-0,02595921
-0,6432306
-0,6540635
-0,6399556
-1,031323
-0,3425136
-0,9105495
0,09631196
0,6342001
0,1516152
-0,3331196
-0,1616748
-1,087569
-0,2046238
-0,3490563
-1,008001
-0,4901549
0,1246455
2,047403
-0,251453
1,178892
0,3765383
-0,2780167
-0,008490935
-0,6738139
-0,3739748
1,691196
0,8458321
0,0808951
0,3507496
-0,3179706
0,7583271
0,4694639
2,198524
-0,08037867
-0,000347212
-0,935622
0,3221129
-0,4158832
0,3291747
-0,01916647
0,6078587
-1,377527
-0,3678018
-0,405513
1,130748
0,1584487
-0,5758947
0,1962794
-0,2866783
-0,4696386
-0,2978137
-0,6296858
0,1916833
0,3947673
0,5285569
0,1943394
0,0346325
-0,3497034
-0,1759202
-0,7407035
0,3565772
0,1314522
-0,004313529
0,6836294
-0,2931167
-0,2667781
0,6880973
-0,02682382
-1,09974
0,1877367
0,007430553
-0,4663392
-0,7365226
-0,008932263
0,1998147
1,342508
-0,09505841
1,706626
0,6169631
0,5959415
0,3104103
-0,1646317
-0,4007587
0,1321207
-0,2791555
-0,04679835
-0,1193575
0,7523574
0,3717684
0,1792037
1,029037
-0,01949416
-0,3776485
0,03312835
0,2737606
-0,9156501
0,1622117
-0,2504115
0,04377544
-0,422976
-0,3401969
-0,4780424
-0,8570427
-0,9783366
0,5256796
0,6401907
-0,4820169
-0,2977164
-0,9367118
0,0459376
-1,306793
-0,2443827
-0,9353352
0,2261509
1,915908
0,6015796
-0,1679527
-0,6151631
-0,4902027
0,7250542
-0,2029444
1,379792
0,2997228
0,1888112
-0,4084247
-1,497881
-0,02417758
0,3382334
-0,2313165
-0,05286427
-0,04627529
0,3036665
-0,3243048
0,003968626
1,595593
0,1310172
0,70415
-1,066818
0,4251876
-1,308039
0,5676404
0,2799357
1,125979
-0,114163
0,004043937
0,5357721
0,2299684
1,716329
-0,7003732
-0,01857841
-0,3786772
-0,3894258
1,094192
-0,795102
-0,3407598
-0,958899
0,009125531
0,001508951
-2,147706
0,4086114
0,7763321
-0,4998379
-0,2341809
0,2306765
0,3705346
-0,06586343
0,1562004
-1,153618
0,3663471
-0,3337906
-0,9500799
-0,5368418
-0,9452807
1,872045
0,2131507
0,4367695
-0,279785
0,2109443
-1,000417
-1,137566
-0,09935832
-0,113404
1,236084
0,4869556
-1,246235
-0,3074836
-0,2633805
0,2914557
0,2177023
-0,3108528
0,06329487
-0,903439
0,2666164
0,3959658
-0,2814472
0,2095124
-0,7425411
-0,5103474
-0,2637987
0,2890258
0,1961935
0,0986111
0,2313128
-0,4896669
0,1026002
-0,2420707
0,08744264
0,82308
-0,2942904
0,4057761
0,1194579
0,4473724
-0,9273069
-0,4974774
-0,6370893
-0,291944
-0,002266049
0,2185979
-0,613563
-0,7616402
0,2580866
0,3483665
-0,2489094
-0,4837913
-0,004007652
-0,4577608
1,092
0,2983362
-0,68922
-0,3454489
0,819533
0,7770565
-0,6898326
-0,785872
-0,791234
-0,01836002
-0,4034091
0,466057
-0,5578039
0,3534622
0,3939605
-1,073599
0,4195724
0,3831108
1,47889
-0,2651647
0,27019
0,1456485
-0,2690453
-0,7184544
1,46192
0,9731443
0,3099889
0,3378451
0,6601375
-0,4597106
-0,9643927
-0,339252
-0,2445552
-0,6414653
0,357506
0,8307199
0,4307315
1,18838
-0,08368893
0,8565553
0,1174555
-0,6463994
0,5668521
-0,7747045
-0,06970882
-1,075796
-0,8413793
0,3752518
-1,5108
-0,3327928
0,8162919
-0,2682324
0,1536938
-0,02965283
-0,03179413
1,285658
-0,151488
0,1203408
-1,093513
0,881995
0,3480477
-0,2717785
0,03912847
-1,577752
0,1278127
0,6249933
-0,6033277
-0,1931619
1,264765
-1,329174
0,4643664
-0,1228446
0,6802556
0,7792163
0,3406985
-0,8283258
-0,4517839
0,6899835
-1,492771
-0,4137985
0,3675383
-0,6250863
0,227935
0,04411042
-0,38605
-0,7567455
-0,8077067
-0,09486055
0,3350185
-0,6473477
-0,5824615
0,357904
-0,1469949
0,7618365
-0,7978303
-0,2188918
-0,5477366
-1,103352
-0,2614171
0,8894069
-0,2330977
0,4371215
-0,2449331
-0,8035986
0,1754159
0,2342387
0,1860812
0,1885183
0,7612048
-0,8163478
-0,3164826
-0,1595662
0,851186
-0,3265928
-0,09518999
0,4867375
0,280912
-0,4180914
-0,4510899
0,118955
-0,8222892
0,1659054
-0,5616371
0,7183337
0,6672355
-0,5654461
-1,176307
-0,00843513
-0,7363094
0,5833468
-0,4882432
1,641647
0,1621751
0,2671404
0,1459632
-0,1560325
-0,6210218
0,2392593
-0,8283696
1,158332
0,2756732
0,3439769
0,670231
-0,2742022
0,2600114
0,6384732
-1,063216
-0,5329341
0,3530172
-0,8939365
0,7498434
0,238552
-0,5498244
-1,155079
0,3370127
0,188999
-1,483605
-0,2596693
-0,4555644
-0,8677499
-1,248509
0,4802168
-0,1080652
-0,1222053
0,03380561
-0,2971668
0,2666668
0,8563018
-0,752813
0,6333196
-0,6260458
0,8624848
0,7731577
0,2955433
1,114036
0,1589518
-0,1092517
-0,6534587
-1,496517
-0,4974218
-0,101114
-0,1510076
-0,02351409
0,3605696
0,9992988
0,1166902
-1,314276
-0,7651594
-0,4469866
0,2587646
-0,7444567
0,4813983
0,3353877
-0,129867
0,7276093
-0,3232993
-0,6512177
0,6547572
-1,118072
-0,184421
1,554448
0,8221784
0,2561638
0,1420959
0,7404393
0,5457159
0,3594805
0,8932638
0,1089842
0,5712336
-0,2813589
-0,06158602
-0,4131966
0,9999083
0,07871169
1,135316
-0,3737043
-0,0185011
0,4710051
0,307745
-0,2815501
0,2453504
-0,04158412
0,6255956
0,3480763
0,1163473
0,1805108
0,7450423
-0,4423355
1,408125
0,1154422
0,03949136
0,4014095
0,1210613
-0,03575087
-0,8130377
2,003149
-0,295868
-0,7294175
0,7094698
-0,1365215
0,4633407
-1,339504
-0,2027251
0,5398474
0,3243593
-0,7130206
-1,172776
-0,2147484
0,9675887
0,511815
0,53237
-0,5157809
-0,803377
-0,3474753
-0,4872853
-0,2007092
-0,5186231
-0,652374
-0,7160547
0,1225546
0,03907829
-0,2283079
-1,010429
-0,6814563
-0,2791127
0,8574197
0,8194214
0,4390705
-0,3396502
0,5194964
0,04415447
-0,7632535
-0,9168141
-0,3608628
-0,2174664
-0,8058664
0,3324628
-0,65321
-0,2671898
0,8842612
-0,5559207
0,5927138
0,5868431
0,5368358
0,6308994
-0,08096117
-0,1034779
-0,4524624
-0,7950464
-0,4124945
-1,178551
0,4375522
-0,5963518
-0,3530225
-0,250742
0,03270197
0,03211183
-0,9776309
-0,4358817
0,386059
-2,634242
0,2065887
-0,2679797
-0,6414769
0,2297351
1,589176
-0,4453678
0,5861297
0,3124203
-0,1409608
-0,3345647
0,3192879
-0,2248502
0,1666667
0,4436932
0,08699286
-0,9926251
-0,9141929
1,042931
-0,2348222
0,9622481
0,1196131
0,4950647
-0,1557229
0,04640603
0,9566744
0,4482905
0,3119913
0,3543694
0,6362225
-0,975944
-0,4597624
-0,1637219
-0,8494571
0,1677505
0,6139379
0,8307147
-0,2123358
0,2542575
-0,4658788
0,3361998
0,07939619
0,2314106
-0,745544
-0,1935064
-0,3120814
-0,8863896
1,025006
-0,03482553
-0,4763401
0,4541909
0,03399277
-0,3142401
0,6017321
-0,6744925
0,4737873
-0,07368322
0,9958388
-0,594456
0,5271829
0,2724981
-0,217936
-0,3084462
0,2484595
0,6170548
1,077971
-0,07463795
0,5816103
0,137688
0,6584563
1,326072
-0,2618322
0,9139335
-1,056505
0,7461415
1,3038
-0,8150429
-0,08999904
-0,7467832
-0,9481753
-0,4576885
0,7223517
-0,8239993
-0,02844507
-0,526528
0,02605295
-0,4353768
1,194666
0,4543402
-0,8979314
-0,2906405
-0,08533984
-0,6170772
0,271609
-0,4924313
-0,9661942
-0,03431594
0,6502298
-0,3446255
-0,1437957
0,4148586
-0,1156987
0,230786
0,08840126
-0,2120582
-0,01749253
0,6149985
0,3083948
-0,147703
0,2299237
0,9245861
0,3320293
0,1488592
-0,8594487
0,2013537
0,4570043
0,3052526
-0,3818046
-0,1107169
0,6428977
0,3511564
-0,3040475
0,2497438
-0,4699163
0,4592069
-0,9767216
0,4151289
1,194686
-0,7306681
-0,2377491
0,1277961
-0,08100593
0,2237536
0,08245455
-1,102304
-0,214508
0,7344192
1,062397
0,1644106
0,1213522
-0,4560822
-0,8004453
0,5235129
0,4230593
-0,7172756
-0,3145331
0,6710999
-0,1157191
0,5335567
-1,310266
0,4015943
1,34663
-0,4132143
0,5244163
0,6272787
-0,4375206
0,7010833
0,2524007
0,1676646
-0,1103293
-0,1028752
-0,3519968
-0,2720695
0,5556453
0,06786238
0,9287078
0,2828011
-0,06269045
-0,620568
-0,03533006
0,1654997
0,2397015
-0,8504469
-1,129212
-0,4413303
-0,10156
-0,6117867
0,06743443
0,51986
-0,2543138
-0,9298723
0,6593674
-0,3126837
0,2929574
0,3167536
-0,589897
-1,286987
0,3202344
0,4595764
-0,9340788
0,6829319
0,7192001
-0,8135089
0,8303713
0,06116375
-0,5404718
-0,6503134
0,6500886
-0,5532528
0,1399746
0,06395978
0,1849092
-0,04308297
-0,2465907
-0,2746271
-0,7192664
-0,2259946
-0,8149863
-0,4842999
-0,3104552
-0,317398
0,09590432
0,4005715
-0,09979779
-0,07672583
1,586885
-2,207603
-0,0967852
-0,2415208
-0,2793481
0,1857702
0,2946395
-0,05403662
-0,879265
-0,4596791
-0,2029469
-0,3447269
-0,5142673
0,1749427
-0,3184434
-0,5960789
0,8373543
-1,161744
0,6743214
0,9568205
0,69934
-0,2789539
0,1809013
-0,4422209
0,8488343
1,00472
0,2622481
0,4207183
0,1132467
0,1500844
-0,5122979
-0,3016633
0,006682634
-0,5485642
-0,6011606
0,2551424
-1,310837
-1,319506
-0,9119706
0,1893629
-0,009245396
-0,4771913
0,2371067
-0,3372005
-0,689299
1,134565
-0,372911
-0,4554866
-0,1727704
0,3835685
-0,9496017
0,1115786
-0,2642429
-0,3999903
-0,7514528
0,1235
0,5527229
0,5059258
-0,7056435
-0,2770001
-0,2345495
1,339844
-0,191596
2,40981
-0,9370582
0,8477048
1,278869
-0,1883617
0,02583277
-0,8148866
-0,5815071
0,6025938
-0,8143653
0,4169502
-0,29916
0,1975626
-0,1122118
-1,046336
1,286187
0,7712549
0,1097731
-0,2098905
0,6660687
-0,1072864
0,43393
0,03859675
-0,4620879
0,5215743
0,3553299
-0,3146909
0,7375438
0,6514989
-0,8387086
-0,9806335
-0,4611721
0,6514932
0,11794
-0,01894712
-0,1335968
-0,2203953
-0,6287394
-0,9738788
-0,7578887
0,09431252
1,132949
-1,215553
-0,4653739
0,6745847
-0,2554088
-0,3609396
0,9053876
-0,4307644
-0,1706589
-0,2904831
0,5869615
-0,0329842
-0,6472852
0,576183
-0,5023812
-0,232307
1,049391
0,1727031
-0,3665613
-0,2650314
-0,3534346
0,2468188
-0,1715283
-0,5500557
1,347394
0,2506536
-0,4339847
-0,3197359
-0,6250448
1,239939
-0,4296095
-0,219364
-0,2545466
-1,065487
1,185364
-0,6630399
0,1081891
0,7596701
-0,5644504
-0,8465676
-0,1791246
-1,57467
1,128207
0,09715527
0,1710666
0,2934303
-0,006221674
0,4119549
-0,3855962
-0,09657937
0,7212176
0,306811
-0,8437231
-1,437469
-0,2859412
-0,2036621
0,1220137
-0,4811033
-0,3015702
0,6660691
0,01039389
-0,4858755
1,526203
-0,6468036
-0,9484944
-0,4312901
-0,6937375
-0,2429998
-1,308552
-0,05380219
-0,798797
-0,09602429
0,6529337
-0,5219884
0,05118245
0,4102145
-0,3905583
-0,4078721
-0,5191144
-0,7818817
0,2328996
-0,2553206
0,6174719
0,6544417
0,1773305
0,4927738
-0,1349449
1,235664
0,5282025
-1,18684
0,7618988
-0,5030317
0,2287534
-0,228272
0,3795544
0,6265912
0,08883119
0,9990106
-0,7535545
0,1676545
-1,093734
0,09988385
-1,040137
0,6904653
-0,5204771
0,5755399
-0,399424
0,02372926
0,6118236
-0,5428846
0,2965364
1,036835
-0,5376097
-0,6844187
-0,08954388
-0,2041227
-0,2143261
-0,372044
-0,4836665
0,3926764
-0,5205269
1,391267
-0,1923967
0,5855567
-0,1323397
-0,09525514
0,3910391
-0,3346734
-0,3166745
-1,050071
0,3907011
-0,1926276
-0,5398346
1,224528
0,5939197
0,1590826
1,650594
-0,5454863
-0,1002383
0,9601924
0,1669864
-0,5423405
0,9304152
-0,191842
0,8875346
-2,010874
0,1148016
-0,1195525
1,248603
-0,3575844
1,419386
-0,3753902
0,5790439
-0,7871971
0,03175172
1,671633
0,1172674
-0,8084062
-0,9381304
0,5778893
0,7351387
-0,2377071
0,287694
0,09562123
-0,7491746
-0,7816063
1,11035
-0,7165406
0,02328394
-0,01686215
0,3556674
0,5265526
-0,1901646
0,3615597
-0,5429259
-0,55575
1,361951
0,3648649
0,5212508
-0,2763859
-0,6180604
1,152654
-0,2364553
-0,7444568
0,1588609
0,8578639
-0,8320366
0,6190806
1,037032
0,1834911
-0,1079172
-0,08831817
0,08138376
0,09733754
0,379419
0,5503699
-0,1981532
-0,03615385
-0,3206448
-0,5089729
0,2568541
-0,7573997
-0,4036517
0,3264405
-0,2002022
0,07502311
-0,2814247
-0,1860876
0,008190483
0,6865392
-0,5066167
0,3946596
0,1184064
-0,1225219
-1,904802
-0,8854826
-0,5651193
-0,2159234
0,4410061
-0,02385773
1,034461
0,4113257
0,1368965
-0,8700893
0,7211787
-0,2000459
-0,8877124
-0,1341056
-0,2722127
-0,3349501
0,3864704
0,2493783
-0,4530851
-1,030034
-0,5483308
0,8442098
-0,2237677
1,906719
-1,243253
0,3665723
-0,08166595
-0,3956692
0,9624216
0,2215447
-0,3005826
-0,6662068
-0,4696155
-0,6813211
-0,007466927
0,8898401
0,08634442
0,2971183
-0,9349455
-0,6918016
-0,2537103
-0,4645224
0,5137303
0,1956967
0,1221494
-0,514239
-0,5041099
-0,4039711
-0,3646268
-0,1360238
-1,166616
-0,5755409
0,6098528
-0,5733859
0,1611036
-0,4324448
-0,05380023
0,1124341
0,9345908
1,354987
0,6887629
-1,43396
-0,2843586
0,3873412
0,2400219
-0,3857535
0,1125492
0,5415225
0,5685149
-0,1315928
-0,01766999
-0,2335425
0,8454688
0,4858176
-0,4610207
0,7728213
-1,771378
0,6281039
0,5949448
0,350733
0,6398526
0,5796402
0,6572949
0,4973363
-0,41322
0,3127316
0,4888832
0,2936842
0,6680602
-0,04938555
1,200093
-0,2325241
0,284266
1,717209
-0,09370244
0,6323583
0,7151024
1,286552
0,1000294
-0,4702308
0,2805483
-1,480118
1,493869
0,1237151
-0,4047162
-0,7651483
0,4356376
-0,4862348
-0,4011442
0,9980693
1,513099
2,062898
-0,8082199
0,2657859
0,05689573
0,1481959
0,1622784
-0,6341046
-0,7286028
-0,8947394
-0,02794965
0,001109626
0,1545377
0,530794
-0,2522674
1,845148
0,7491719
1,005663
0,4341031
0,3908974
-1,086881
-0,4053895
0,000282824
0,4598607
-0,05774814
0,3584661
-0,6316919
0,4252599
-0,6620777
0,2345036
-0,9919406
0,9727302
0,08152097
0,03975162
-0,2358763
-1,194361
-0,1103847
0,9505628
-0,431743
0,2043771
0,1017713
-0,8337304
-0,5402947
1,061912
0,5658726
-1,523651
-0,4797351
-0,3536832
0,482403
0,1186877
-0,6002119
0,2831644
-0,3319496
0,6041964
0,142036
-0,5186436
0,2659873
0,5660064
-0,4395239
-0,9219502
-0,003175631
0,4667796
-1,001052
0,8360868
-0,688197
0,0826218
-0,2234734
0,05099714
-0,841226
-0,4894195
-0,3669038
1,209881
-0,1849689
0,8162292
-0,2044334
0,388196
-1,169257
0,2537011
1,10797
0,3018321
-0,1840935
0,5186853
0,9283043
-0,1110723
0,2400686
0,6464215
0,332036
0,001761019
0,4094407
-0,004321977
-0,2971731
0,9623957
0,2059544
0,09419513
-0,3184015
0,3146801
-0,7862081
0,6492606
-0,8161756
-0,9695339
0,8027665
0,2327662
0,5711578
0,3808147
0,08903939
1,307536
0,1713388
-0,2559345
-1,639536
0,8811332
-0,213645
1,274061
-0,5069189
-0,7103444
-0,8217835
-1,363156
0,5743768
-0,7125804
1,336732
0,6960071
-0,4785076
-0,3021765
-0,5107329
1,019715
-1,676762
0,5429292
1,352797
-0,9600168
0,1803131
0,9117662
-1,267234
-0,821754
0,3363791
0,3767219
-0,8123181
-0,8524346
0,9026758
-0,9055565
-0,2712176
-0,04357636
0,7578915
0,941222
0,5566534
0,05051553
-0,7544733
0,3872517
-0,445442
0,2306575
0,0506593
0,3369412
-1,073065
-0,07753006
0,2860475
1,069198
-1,090173
-0,6441606
-0,0122084
0,08061948
-0,752295
0,8006309
0,07136664
1,174444
0,06641901
-1,303114
-0,1061118
-0,3559508
0,9185652
0,4767048
0,2070797
-0,2487963
-0,03959218
-0,3631561
0,8232124
-0,1214222
-0,8030923
0,2982785
-1,25228
-0,175611
0,7584972
-0,1370773
0,1551927
-0,4919673
0,5972164
-0,274996
0,11941
0,08429673
0,4782339
-1,300418
0,8524894
-0,3637002
-0,468528
0,4381346
-0,171406
1,337923
-0,3643741
0,1586472
-0,1845642
-0,4609075
0,9867595
-0,1330238
0,5094156
-0,4193959
-0,6426756
0,3460977
-0,1872347
-0,6273935
0,8698882
1,414667
-0,6243305
0,1597841
0,1722688
0,1005912
0,7755395
-0,6191695
0,1267649
0,4066141
-0,9175008
1,228011
0,9815095
-0,5631539
0,619934
-0,4665782
-0,2229344
0,2145433
-1,098112
0,4047957
0,6351935
0,2989068
-0,450625
-0,1988966
-0,2193035
-0,02236718
-0,4230419
0,3060713
-0,9192559
-0,08082083
0,2982129
0,2578747
0,6843444
-0,1843603
-0,6109225
-0,3755285
0,4722326
-0,7631774
0,4591948
0,4968106
0,051612
0,651768
-0,3451965
-1,121033
0,09021358
-0,05522543
0,05819738
0,09785375
-0,3618962
-0,1347157
-0,2300001
0,2360845
-0,6921731
-1,738507
0,0005586445
0,1103401
0,9711654
0,04221815
0,9606631
0,4005552
-0,04900569
0,4763343
-0,2058907
0,006196082
-0,8394306
0,5877612
0,1994613
-0,129843
0,5673466
0,03108105
0,5001504
0,8707076
-0,09336722
-2,01023
0,06274432
0,636127
-0,5162143
0,3754238
0,5960891
0,05490908
-0,2951112
-0,09046783
-0,05705807
-0,1461639
-0,0188219
-0,9195288
-0,03322214
-0,1701505
0,1610499
-0,2159646
1,32444
0,856895
-0,566541
-0,4587493
-0,1083243
-1,219615
0,6018175
0,255442
-0,6605303
-0,5260652
-0,940459
-0,06465282
1,02453
1,051839
-0,5275977
-1,525348
0,2597424
-0,7425768
-1,103782
0,4259135
0,02551337
-0,4358631
1,758621
-0,2669454
-0,9915261
-0,0163489
-0,1418264
0,09202988
0,03321856
-0,2266515
0,1137206
0,2355108
0,001763165
0,3725601
0,8134111
0,6828896
0,6181141
0,03628618
0,296522
-0,6883519
0,4050168
-0,01383623
0,7169551
0,3318374
-0,8543325
-1,107385
-0,8105434
0,08505121
-0,7042867
0,8145858
-0,4334862
0,6435485
0,2846804
0,562721
1,061243
0,03197974
-0,1563839
-0,9220877
-0,689463
0,1983725
-0,5045889
1,484894
0,2709892
-0,4315172
-0,09570405
0,1406342
1,209704
-0,03146386
-0,1283512
1,219872
-0,3436226
0,2275994
-0,6784707
0,2690463
-0,4185137
-0,5238424
0,6513221
0,5803901
-1,01286
-0,5988074
0,1372871
-0,6945505
0,348585
0,2617517
-0,933426
0,4832757
0,2106102
-0,03200507
0,2676897
-0,3342966
-0,3025924
-0,4293908
-0,3873038
0,4484908
-0,8742049
0,5547874
0,8413698
0,2141395
0,1106324
0,2955476
-0,1932975
-0,4515195
0,1685904
-0,21426
0,7793512
-0,05842465
-1,000159
-0,5090117
0,3065712
0,6762419
-0,6282496
0,2033517
-0,1734267
0,06654038
0,7074474
-0,07315233
0,4470018
-0,1279365
0,9456033
0,02913713
0,4781864
-0,4078131
-0,1851561
0,3359441
-0,04831076
-0,1384122
-1,549668
-0,1383254
0,9478621
0,7847196
-0,8417695
-0,4442886
0,2426878
0,7365815
0,0325048
0,3035912
0,7841161
-0,7193441
0,2563727
-0,008268654
0,5409268
-0,244189
0,05409037
-0,5560089
-0,1220896
-0,09950215
0,0230277
0,5114499
-0,1578228
0,413873
0,584808
0,09463136
0,2677415
0,08728462
-0,1545239
-0,1760474
0,08752793
-0,5292757
0,1839945
-0,4522399
-0,2866772
-0,8053641
0,5484008
0,6377711
-1,239882
0,6882794
0,2302447
-0,3602638
-0,6138089
-0,5533782
0,02173311
-0,5201436
-0,9046323
0,5848798
0,4550578
-0,2294967
-1,607718
0,7335718
0,1899821
0,187816
0,08435255
-0,3717055
-1,247326
0,2869349
0,05704126
0,3211348
-1,226467
-0,1907408
-0,7626872
0,8808921
-0,3668281
1,115291
-0,07886913
0,7893997
0,7422894
0,4957164
0,0003933311
-0,6108704
0,646343
0,2751202
-0,9424919
1,477979
-0,9173363
-0,02677971
-0,7230672
-0,3098359
-0,6634585
-1,229234
1,18838
0,6870174
0,6612
-0,7163749
0,4825613
-0,08854413
-0,6201607
-0,2243189
0,2326476
-0,5351735
0,6914209
0,5987681
0,2361806
0,3764873
-0,4034367
-1,439936
0,1565387
1,055356
-1,148953
0,3857116
0,9394746
0,06443638
-0,1278286
-0,5979852
0,3294307
0,08328222
-0,5692677
0,3178868
-0,8894993
-0,2749848
0,6227573
-0,5149053
0,2437434
0,4838723
0,5619519
-0,2814878
-0,2586722
-0,9297276
-0,4250734
0,2869281
0,04663265
-0,4386545
-0,4521996
-0,9350994
-1,856596
-0,2289763
0,1603077
0,7640306
1,39491
0,259146
0,1292068
-0,3848255
-0,3036954
-0,08159275
0,7832922
0,3715249
-0,1295544
-0,7912949
0,3424342
-0,4826064
0,2335969
-0,07588464
-0,129488
-0,350083
0,8961822
-0,5584255
0,00231874
-0,1753001
-0,427578
-0,6339102
-0,5354671
1,494165
0,1413683
0,335727
-0,4328567
1,139304
0,1301836
0,424066
-0,4172583
-0,4752855
1,268585
0,6140341
0,2429787
-0,5667462
0,1440117
0,2370366
0,7557258
-0,4229192
0,2529474
-0,6487914
-0,8675628
1,123444
-1,506427
-0,5950894
0,6685931
0,7230614
0,002452493
0,6579419
-0,5862398
-0,1452723
0,5117816
-0,855227
-0,293611
0,6743137
0,4571157
0,7627033
-0,7570333
-1,537303
0,5413118
-0,5582997
0,04764867
-0,1365584
0,6068414
-0,3361088
-0,1115979
0,905485
-0,4994151
0,1280202
-0,399843
-0,588967
-0,07653336
-0,9143379
0,4416748
0,09869629
-0,2348316
0,002804875
-0,4044178
0,4743853
0,6771418
0,2395252
-1,273599
-0,6065081
0,5826016
-0,6040285
0,1276973
0,5321308
-0,2858806
-0,3894122
-0,7805849
-0,1735829
0,6360734
0,8270389
-0,3173862
-0,2048481
0,8183616
-0,7318251
-0,1170273
-0,8255863
-0,5887458
1,281143
-0,2985196
-0,3090632
-0,08606829
0,6010699
0,489257
1,600709
-0,3932946
0,7562246
1,358519
0,1039304
0,3381134
0,2314253
-0,6489296
0,002089322
-0,01368767
-0,2837351
-0,548802
0,09516317
0,7097227
1,515655
-0,6639659
0,8117146
0,08050394
0,3519301
-0,4777662
-0,2480132
-1,065285
-1,454282
-0,8947909
-0,3214681
0,6535623
0,9012126
-0,002726704
0,3557614
0,05811924
0,6046973
-0,4791164
0,3100154
-0,5166842
-1,435493
-0,5438333
-1,206059
0,3798202
-0,6245421
-1,100511
1,111301
0,9569559
0,621634
0,2019438
-1,036001
2,662485
0,2039362
0,00428772
-0,1595516
-1,382452
0,5780178
-0,1834413
0,2909932
0,2565194
0,1768814
0,1249522
-0,09314238
-0,2238892
0,5376981
0,8414271
0,6794779
0,4521308
1,467588
-0,7069792
-0,2751624
-0,5796745
-0,7570451
-0,1419078
0,7489231
-0,0690397
0,2097232
-0,8048038
-0,5594499
0,5299556
0,004787832
0,07025653
0,4035835
0,8239191
-0,4782429
0,2287854
0,6762468
1,075893
-0,1010104
0,4756071
1,971477
-0,3624154
-0,09894088
-0,8358066
0,2356031
-0,3020716
0,9929848
0,1258925
1,394797
-0,04974583
-0,7716625
-0,2364445
0,7869717
0,6671898
0,0974143
0,4521984
-0,110261
0,2352824
0,1355576
0,06457651
0,5691264
-0,2835061
0,8936448
-0,07300717
0,09670506
0,04471684
-0,08296886
0,3477696
1,627112
-0,6002989
-0,07027441
0,5100964
0,3045227
0,1969341
-0,9991289
0,0791551
0,714016
-0,5032351
-1,956196
-0,3307429
0,6587933
1,243513
0,01719609
-0,2864293
-0,3418109
-0,1479502
-0,1707138
0,8595607
0,3936164
-0,3028728
0,7087333
0,2456153
0,3117118
0,4372379
0,4596333
0,2927904
-0,01093316
-0,4540141
-0,8228821
-0,6586141
0,3900611
0,7352195
-0,5125557
0,1910368
0,3633995
0,3981284
0,05315417
-1,200502
0,6948456
-0,02969205
0,1921664
0,6696568
-0,1448687
0,6783007
0,2717959
-0,6169865
-0,8692485
0,5160775
-0,7665535
-0,7150068
0,5457244
-1,280475
2,147087
-1,13284
0,7179354
0,148471
-0,00373669
-0,1017963
0,4044059
-1,263456
0,6028924
0,1774786
-1,11955
-1,536759
-0,3360223
-0,5823191
-0,03105903
0,01321411
-0,8230767
-0,6228309
-0,7828269
-0,1727669
0,8429165
0,02215272
1,019254
1,203723
-0,01381978
0,1455307
-0,6239706
-0,3148137
0,9014504
0,4766361
0,4185295
-0,4418692
-0,4575217
0,3335986
0,578746
0,1833894
-0,8677593
0,3194865
-0,07016303
-0,2387857
-0,03656167
-0,3371776
0,01274379
0,7678466
-0,2000881
-1,644627
-0,3292412
-1,332926
-1,303706
0,2747943
0,2049525
0,7488778
0,04955018
-0,9069994
-0,4505382
-0,07234222
-0,02967483
0,6214112
-0,208589
0,5735685
0,1059378
-1,108849
-0,6375437
0,9853647
-0,6656315
-0,6397169
1,198321
0,6826564
-1,032864
-0,5601191
0,3418965
0,7788063
-0,9175616
0,4869117
-0,2204725
-0,5729318
0,0562015
0,221309
-0,3577251
0,08808696
1,025572
-0,8791389
0,9357775
-0,2083582
0,3866675
-0,5909057
0,5650978
0,7265149
0,2891722
-0,3845217
-0,6784582
-0,9009473
1,518133
0,5270215
2,141528
-0,8025484
0,1410623
0,8510961
0,8128298
-0,2669508
0,1571634
1,318564
0,5562677
0,7161502
-0,2352183
-0,4137405
0,9424906
-0,9440852
-1,333992
-0,7621359
0,2313669
0,7249684
0,04213451
0,2046466
0,7169443
0,3733628
0,1326714
-0,4226658
0,3117691
0,3627516
-0,002301753
1,041327
0,2140219
-0,1969458
0,3423564
-0,2406202
0,02833241
0,3577698
0,4623765
0,03341427
1,054469
-0,9061139
-0,3507414
0,1219964
0,7359394
-0,02730405
-0,7695226
-0,2576892
2,007809
0,7888786
1,009005
-0,1314757
1,308636
0,5868731
-0,3000945
-0,2658115
-1,079795
0,8624994
-0,360795
-0,3815182
0,3298354
-0,8135775
0,9357535
-0,03890557
-0,7294095
-0,07317752
-0,8982244
-0,2189847
-0,6083733
-0,3550546
-0,1241643
-0,5712973
-0,8194919
0,5674517
0,5868709
0,2820109
-0,1446847
-0,07342066
0,3326579
0,1452342
-1,22622
0,04822105
0,1150992
1,036305
-0,7124844
-0,4084591
0,208186
0,1164134
-0,6406803
-1,020596
0,7924361
-1,253401
-0,2537276
1,682713
0,06014685
0,7288647
-0,2182672
0,3991082
-1,005954
-1,73821
-0,1242775
0,341155
-0,5670584
-0,3205252
0,8043247
0,00147146
-0,3609233
0,3282457
-0,2360008
-0,221029
-0,4347839
0,402537
-0,1593379
0,7079659
0,4811546
-0,4031024
0,1991828
0,1310227
-0,2691588
0,1696186
-0,08055109
-0,4349708
-0,569401
0,4217407
-0,1908772
-0,0348343
-0,1974713
0,3457331
-0,165274
-0,4842084
0,007151127
1,075004
0,7200055
-0,4243731
0,9520814
0,8965648
0,9572601
0,3534093
0,003340468
-0,1875364
0,1273413
-0,1756758
0,605241
-0,2248275
0,3435325
0,4632623
1,014288
-0,2837785
-0,6822146
-0,1752263
0,7610236
-0,08608383
0,6180634
0,4963999
-1,187683
-0,3217807
-0,2806604
-0,4726266
1,010964
0,6229404
0,4339587
0,1895189
0,08504704
0,1631039
-0,3816677
-0,2421997
-0,7387546
-0,6055623
-0,7352855
0,3744017
-0,1452963
-0,4504106
-0,5670828
-0,05918618
1,140058
0,7764632
-0,7121499
0,8283348
1,078752
0,003831618
0,2676581
1,155643
-0,4895453
0,3304566
-0,2246783
-0,4273172
0,9018945
-0,09663135
0,4083824
0,3324303
0,4176714
-0,9158465
-0,1899853
-0,5181499
0,1742854
0,4912713
-0,7258529
0,2944274
0,1441288
-0,7026701
-0,02000493
0,2179943
0,08936858
0,2033898
-0,07707609
0,2917145
-0,707691
0,8785031
-0,5499811
1,265556
-1,038643
-0,6864856
-0,2544405
0,7166637
0,6097175
-0,225727
0,4071926
-0,02355254
-0,1988281
-0,461229
0,898653
-0,2468993
0,0729668
0,05905838
0,286154
-0,07402125
0,122512
-0,8449923
-0,7821757
-0,4952497
-1,866296
1,641387
-0,01183987
-1,527301
-0,157797
-0,06101954
-0,3456774
-0,04731868
0,5714132
-0,7822309
-0,9990403
0,07117502
0,8308601
-0,3053685
0,4057506
0,8119099
0,5314023
0,156289
-0,4600559
0,2772768
0,1610521
0,5266092
-0,5998981
-0,1543963
0,06195407
-0,2478047
0,905591
-0,3494132
-0,6120729
0,6889859
0,006917115
1,020277
0,7506528
-1,004642
-0,02655053
0,7337023
0,102538
-0,1803686
-0,5429531
-1,475867
0,2051845
-0,4119467
0,1619959
-1,306916
0,9995779
0,05386555
0,319472
1,339814
0,6191227
-0,1573671
0,4461883
-0,2902766
-0,2029454
0,4577329
-0,5387811
0,4802191
0,1435399
-0,7747467
-0,4048591
-0,3631062
-0,316212
1,258632
-0,16431
0,8563983
-0,1079525
0,8825268
-0,5706602
-1,329631
-0,3234571
-0,1120421
-0,8754048
-0,6720682
0,3896099
-0,370833
-2,27889
-0,7201829
0,1865625
0,2001297
-0,2806918
0,3454907
0,2528983
-0,02479769
0,9023092
-0,3629472
0,1732915
0,2793526
0,02666865
-0,6771082
-0,07210135
-0,2724138
-1,421667
-0,3414947
0,8249451
-0,9337831
-0,1167845
-0,3120683
0,5005977
-0,5977277
0,5981386
-0,5372689
0,5569969
-0,7488608
-0,2314357
-0,3703212
0,9644972
-0,5839185
-0,6063506
0,4001824
-0,2324411
0,01278286
0,5836473
-0,5617738
0,04473959
0,6772245
0,2621723
0,9096528
0,05099349
-0,4231212
0,1282201
-0,6031473
0,06498852
0,804012
0,2180548
-0,1706456
-0,5250031
-0,8519946
0,7697692
0,2272561
0,3242772
1,023673
0,7073517
-0,1852148
1,202724
0,2946028
-0,121989
-0,3871273
0,3890221
-0,5332971
-0,3623021
-0,505286
0,9983211
0,5206217
-1,355393
-0,5762754
-0,08454221
0,6836879
-0,3850535
-0,2194503
-0,3247871
-0,9431894
-0,1687835
0,1454766
1,099533
-1,412802
0,6937279
-0,2534761
-0,3548028
0,590865
-0,9013852
0,1657085
0,1032332
0,5129967
-0,3622088
-1,029087
0,6833815
-0,785619
-0,446142
0,274356
0,2460137
-1,608446
0,8402224
-0,9009648
0,5957022
0,1843606
0,680603
0,7074579
0,003918409
0,2430024
-0,7873968
-0,1412894
-1,308677
-0,4224657
0,5087649
0,8439901
0,1390901
-0,3294652
-0,2910101
0,8061349
-0,008669317
-1,393438
0,3399435
0,3012501
-0,2721882
1,109407
-0,3076451
-0,2330325
0,3529416
0,006954908
-0,349036
-0,07545546
-0,377996
0,635542
-0,1136533
0,4678517
0,5398073
-0,4349756
-1,295879
0,6349241
-0,350648
0,812242
0,5500216
-0,4476871
0,589926
-1,193995
-0,1249613
-0,4848925
-0,02182055
0,8070538
-0,2408303
-0,3894169
-0,1268478
-0,3680931
1,802049
-1,161556
0,5902734
-0,3232324
-0,3197941
0,0901016
0,5095606
-0,2076258
-1,196906
-0,1963573
1,142377
-0,0861671
-0,3452621
0,2152982
0,7416599
-0,4933994
0,7601019
0,9318444
0,630057
-0,5873184
1,529777
0,04611981
-0,726395
0,2719892
-0,03030342
0,1444389
-0,3261681
0,4666518
-0,03997263
-0,2467451
-1,102043
-0,2670911
1,805886
0,1466397
0,1669983
-0,873633
1,06701
-1,213439
-0,111831
-0,1596636
-0,232807
-0,01121086
0,4450712
-0,1710438
0,3443339
0,4925501
-0,836639
0,2682797
0,00611639
-0,6611553
0,6847827
-0,7448439
0,5596053
-0,4021679
0,1246268
-0,2055337
0,9490168
0,687237
-0,7229003
1,688588
-0,05246945
-0,3473305
-1,354907
-0,2148309
0,6672096
0,1675452
0,6741235
0,8147209
-1,597553
0,404185
0,3686628
-0,821969
0,5686156
0,9304321
-1,297247
0,1574432
0,3688334
0,05555904
-0,03791451
0,3087419
0,2108983
0,1083461
-0,0332337
0,7705938
0,9675667
0,1464346
-1,691587
0,6436469
-0,3948302
-0,6406192
-0,9971734
1,201521
-0,1511715
0,2648133
-0,3028402
-0,625295
0,6729827
0,1318574
-0,4039862
0,2202499
1,371206
0,0038753
0,7950643
0,2840322
0,3213707
0,5629647
-0,6217782
-0,778388
0,02951413
-0,8880792
0,2520291
0,5857791
-0,2122524
-0,5430435
0,1610852
0,4386655
0,1291979
0,3571177
-0,6991082
-0,3975568
0,2245886
0,3000519
1,380596
0,3290632
-0,05614187
-0,2159555
0,8175876
-0,3889614
0,2068188
1,28182
-0,6852156
0,4185332
0,6164938
1,212791
1,342534
-0,8575496
0,3106084
-0,09241283
0,112044
-0,6446751
0,2575189
0,1580244
0,9066065
0,001940787
-0,8162425
0,9579862
0,4042751
0,1271194
-0,3081473
-1,571761
-0,4108826
0,8992424
-0,4070207
1,10304
-0,4409026
0,1179171
-0,82208
1,097866
-0,3516537
0,3404977
-1,505328
-0,8714232
0,439527
0,1646307
-0,227456
-1,678016
-0,01214838
0,05478561
-0,6398814
-1,541127
-0,5674105
-0,2513452
-0,5263823
0,3604409
-0,2785329
1,581919
-1,855972
-1,622047
-0,3069481
0,372973
-0,5090209
-0,8357168
0,5109428
0,07853305
0,02406508
0,04060593
0,8638579
0,865397
0,111147
-0,6376684
0,4317192
-0,3156129
-0,9831886
-0,2410398
-0,3921315
-0,6475668
-0,449092
-0,7211851
-0,1701677
-0,1338941
0,004491806
0,5392935
0,4281172
-0,2824468
-0,479531
1,170076
-0,05390266
-0,7006436
0,9533376
-0,5148917
-0,2360907
-0,7398379
-0,07699871
-0,05186343
-0,6579806
0,3879647
0,2722636
0,9330866
-0,2378388
-0,9577216
0,5329521
0,382432
0,2756575
-0,1061892
-0,5749193
-0,2406062
0,1455657
0,3354829
-0,1245571
1,621752
0,3783912
1,466471
-0,5347202
-0,3173906
-0,1552013
0,006384969
-0,7077801
0,7427669
0,1421441
0,8135379
-0,5090881
0,6677608
0,9283804
-0,2514125
0,7959409
-0,3133275
0,545473
0,1924646
0,7487357
-1,146339
0,01266214
-0,416275
-0,5863741
-0,3144776
-0,6942091
-0,005135953
0,9705558
-0,3657271
0,5888552
-0,2717679
0,4238794
0,1919338
0,3222895
0,2410184
0,7287514
-1,069167
0,07435322
0,3130988
-0,2336327
0,07577032
-0,03555204
-0,4787366
-0,3219818
0,4565489
0,4605377
0,4207227
-0,2230897
0,2945931
-1,033287
0,1334594
-0,1671137
-0,1448308
0,07476455
1,024998
-0,794616
-1,590222
-1,049412
0,9011198
0,3873364
0,8493883
0,4732245
-0,8401138
0,3677773
0,5607842
0,8275417
-0,4032658
-0,5109198
0,6978091
-1,169756
0,3760301
-0,06990588
-0,3352877
0,7838519
0,4899296
-0,502098
2,177836
0,697216
0,8249714
0,5040262
0,1505341
0,0397318
-0,438768
0,1155603
0,8674269
0,9232584
-0,302232
0,8454739
0,4822475
-1,291421
0,1402604
0,2607509
-1,385938
-0,9774982
0,4801208
0,7586156
0,659058
-0,1487221
1,376272
-0,2035846
0,2948735
0,116264
0,6237188
-0,005116463
-0,4124052
-1,216779
-0,4783288
-1,34528
0,009953052
-0,0383227
-0,4859585
-0,6092038
-0,2613517
-0,9145944
-0,3690759
0,3416125
0,5530346
0,4320416
0,08641487
-0,539346
-0,6139712
-0,05796313
0,3265209
0,09594321
0,01190774
-0,141758
-0,03170714
1,106451
0,5896001
-0,04140474
-1,284774
0,641516
-0,0681746
-0,3345463
-0,4681845
-0,1625487
0,8388757
0,5763179
0,1393521
0,03488654
0,0820455
0,09182245
-0,2017532
0,1012713
0,322283
-1,919026
-0,4520184
-0,3452062
-0,391868
-0,563199
0,2202237
0,1035993
-0,3364798
-0,1099059
0,3680737
0,3199138
0,04869734
-0,08626644
-0,859063
0,7750633
0,5273191
0,4676909
-0,9849324
-0,371343
0,201504
0,04350978
0,4105805
-0,280653
0,7127624
0,1577712
-0,2508636
0,8455122
-0,1153344
1,225631
-0,8904849
0,5455118
0,5273823
-0,9526488
-0,7620652
0,2796918
0,5100972
-0,2102624
0,4642407
0,8360516
0,4852463
0,6513993
0,254397
-1,024826
-0,2000363
0,8648486
-0,6142131
-0,563151
-0,5042195
1,237011
-0,4415367
-0,2740427
-0,7897053
0,5707599
0,3196235
-1,02377
1,629174
0,5833207
-0,437485
0,1750184
0,675746
0,2514239
-1,117485
0,06083339
0,3981495
0,5619162
-1,247023
0,2347165
1,489845
0,1477585
0,2431394
-1,444858
-0,01530468
-0,9291216
0,3603527
-0,3512087
0,7446262
-1,578405
-0,3900068
0,4235008
0,1403894
0,936543
0,6719151
0,3611611
-0,4062349
-0,05545354
0,4247438
0,318416
0,6268033
-0,2206624
0,4854388
0,2538247
-1,053799
0,2610413
-0,3024762
-1,785959
-0,4381912
0,1713887
0,3623178
0,008293986
-0,250224
-0,3569124
-0,5019938
0,04940891
-1,134391
0,8435604
-0,840221
-0,1789562
0,0173699
-0,02927268
0,8329476
0,3182188
0,3586943
0,5646318
-0,1890144
0,3351673
0,5224534
0,6280694
0,8187838
-0,2502294
0,32889
0,4131265
-1,108114
-0,05243441
0,7776014
0,4524873
-0,6160473
-0,9267175
0,2535345
0,6297477
0,5837142
0,3709077
-0,09479505
-0,09380937
0,7613276
-0,2314087
0,03120308
-0,02593942
-1,03418
0,5398446
-0,356488
0,03196993
0,9719194
-0,8657652
0,1947054
-0,2860011
-0,4584897
0,5637556
0,6526096
0,09746033
1,420719
-0,2628076
-0,3816788
0,302154
-0,1298803
0,6996855
0,1287094
0,4625244
-0,7267632
-0,8703406
0,9191278
0,2479637
-0,6489581
-0,01052696
0,4274363
0,6422423
0,0401715
-0,7392147
0,2004269
-1,193684
0,2048821
0,7200983
0,4169659
-0,3770746
0,06106369
0,03652942
1,000504
-0,1430984
0,7429168
0,006482899
0,06735778
0,2014088
0,5826689
-0,2301884
0,08426201
-0,7135279
-0,3019248
0,6693739
0,7958376
-0,609165
1,101968
-0,2321297
-0,3529437
0,4113228
-0,1043167
-0,2347983
-0,2373214
-0,6560972
-0,6010873
-0,8308481
1,35245
0,3431236
0,9585838
0,8539579
-0,6355637
0,1506223
0,3430877
-0,2614447
0,2651089
0,4120719
-0,5350441
0,4958341
-1,155695
-0,6047071
0,4554533
1,140519
-0,3529539
-0,4117633
-0,1648773
-1,411561
0,1113288
0,1777845
-0,0455941
-0,03627294
0,2785867
-0,5513953
0,3434221
1,566917
0,08011001
-0,7394082
-0,8575043
1,216431
-0,2813115
-0,2867747
0,1093075
-0,9678361
0,1637761
0,3322002
-0,189556
0,4906703
-0,8149115
0,05369923
-0,3309936
0,1530666
0,8464761
-0,2235425
-0,03715622
0,5094266
-0,2013586
0,7414057
-0,7951247
0,6645531
0,8585629
-0,04147401
-0,04789175
-0,6553311
-0,1161239
-0,4512997
-0,5192132
0,5408309
0,02158008
0,7754471
-1,423244
-0,6312674
-0,1504282
0,7894531
-0,1048749
0,126704
0,2654296
-0,2189517
-1,363107
0,5870697
-1,231789
0,8156202
-0,481364
0,9919392
0,367313
-0,3083487
-0,3539264
0,09314379
-0,1502789
0,4979689
0,3504921
-1,340963
-1,081119
1,696717
0,4923142
-0,1752826
0,6659074
-0,5570208
0,3502889
-0,3711771
-0,1726272
0,826037
-0,368827
-1,175813
0,8896755
0,3753802
-0,2018072
0,9274631
-0,04237002
0,2707099
-0,3446447
-0,5202667
0,2279016
0,2532725
0,920042
-0,2679896
0,5552846
-0,1115207
1,85575
-0,7589437
0,188836
0,4128762
0,8961123
0,1426481
-0,1191184
-0,19392
-0,09010193
0,01405004
-0,5079636
-1,386186
0,07486001
0,3719977
-0,5617664
1,127713
0,9193401
-0,5750318
-0,08983754
-0,3435163
0,2322894
-0,04140061
-0,3537477
-0,1954381
-1,150737
0,8051134
0,5129402
-0,07346447
0,1394771
0,686701
-0,4666827
0,5849439
-0,002940759
0,3109837
0,2871068
-0,407857
0,3687546
1,184569
0,5722515
1,147634
0,8114246
-0,4640291
-0,6351836
-0,7246332
-0,1562678
-0,05771449
-0,1299065
-0,29612
0,121766
1,573646
0,2503333
1,051133
-0,4966323
-0,05829448
-1,253409
-0,3569869
-0,6154125
-0,4446006
-0,2747154
0,4237811
0,5324454
-0,08695433
-0,398613
-0,3050243
-0,1089996
1,134358
0,2628093
0,4784155
-0,7720318
-0,1153218
-0,458508
-0,1006662
-0,7459105
1,177907
0,8521732
-0,007257521
0,5606706
-0,8231037
0,2310758
-0,9260116
-1,199179
0,1262634
-0,2561909
0,1392148
-0,1458352
0,04669516
0,05713873
0,4415911
-0,0818609
-1,061343
0,7488447
0,09565978
0,8959672
0,3945904
0,01434201
-0,2723407
-0,9860603
-0,5665502
0,3955832
0,11702
0,3649456
1,055561
-0,1977931
0,2202281
0,7031328
0,3703353
-0,7374967
0,2048467
0,4736645
0,2647794
0,09444487
-0,6446661
0,8469125
-1,595186
0,491567
0,2892165
-0,2104858
-0,2426873
0,3888897
-1,207376
-1,547788
0,1956401
-0,7402915
0,1549237
0,456648
0,06132732
0,1803589
0,1025992
0,4306579
-0,124119
0,1272839
0,48966
-0,003793567
0,9639894
0,945392
-0,09860481
-0,07478882
0,7342557
0,5621209
0,4033433
0,2983935
0,6270644
0,7032864
0,5613078
-0,53793
0,09146941
0,09431291
0,8055671
-0,008836031
0,3180464
0,4015244
-0,5556332
0,4938083
0,2983589
0,3261335
-0,2471696
-0,1232956
0,8647796
-0,9344214
-0,8472316
-0,4737641
0,1447315
0,453787
-0,1932443
0,0009134337
-0,2317991
-0,09262735
-0,005351499
0,2978503
-0,4222714
0,2796623
1,115679
0,6406377
-0,07954843
-0,04596537
0,3396435
0,1660729
0,5021623
-0,4717772
-0,6028756
0,7105883
-0,4839578
-0,1604098
-0,6798854
1,362221
-0,1387868
-0,07350808
-0,2033357
-0,2972663
-0,9098052
0,553211
0,5767955
-0,06649056
-0,5268749
0,9626587
-1,410935
-0,2172307
-0,1373476
0,06414539
0,1678308
0,0503546
0,9130909
-0,620032
0,8401604
0,01993477
0,05458538
-0,9678823
-1,076684
-0,2375228
-0,06974214
-0,1804967
-0,007770449
-0,1395462
0,6897321
1,156526
0,2415144
-0,1068856
-0,4327716
-0,6412216
-0,7468644
0,9347146
-0,06083831
-0,5634772
-0,692487
-0,2275361
-0,6493852
-0,4578636
0,4352268
0,2628123
-0,06805122
0,1230829
-1,057676
0,04011863
-0,1910248
0,6874979
0,04200166
1,103653
0,4700115
0,6765999
-0,0473316
0,2404548
0,6113542
-0,4280758
0,9850399
-0,4968265
0,4331294
-0,1232616
0,05159467
0,5099247
-0,672006
0,6149731
0,5545126
-0,5733415
1,127847
-0,6839402
0,8539965
-0,5941342
0,7288824
-1,221979
0,438024
-0,4708137
-0,3745533
0,766494
0,4747467
-0,3026563
0,1300633
-0,4910997
-0,2930945
0,3133121
-0,4530629
0,1991575
-0,1844873
0,8773158
-0,354567
-1,178121
0,06797171
-1,154008
-0,9375945
-0,01136869
0,6233027
0,08502454
1,347646
0,723149
1,092095
0,3055114
-0,6332581
0,216271
0,03350532
-0,2981333
-0,4418344
0,7210715
0,1031755
-0,4655147
-0,4146326
0,3822931
-0,3978436
-1,168256
-1,349423
-1,294246
1,119846
-0,5911432
-0,04514179
0,1345353
0,4117168
-0,06355658
0,2441997
0,9516068
-0,1888654
0,5664133
0,4718914
0,5576048
0,2629302
0,4323123
0,7881103
0,8503263
0,0799917
1,256006
-0,137638
0,4149368
0,5998082
0,6458455
-0,3406866
1,071948
0,06778672
0,5309662
-0,6128722
0,4085935
-0,1377909
-0,3662583
-0,5227119
0,07151121
-0,3427569
-0,05147827
1,067596
-0,05240557
-1,225016
0,4970259
1,01361
0,07687163
0,754778
-0,5745652
0,1638505
0,543328
-0,269267
0,4749621
0,7815365
0,3973064
0,8392704
0,1303949
0,1756338
-0,3682334
0,2778382
-0,6771713
0,07200271
0,2990295
0,2258921
-0,6156284
-0,7787185
-1,004691
0,1399533
-0,1487171
-0,8523647
0,9398115
-0,5965452
-1,76648
0,3039051
-0,04576898
-0,3363325
0,5951211
0,6988462
0,2530215
0,3239662
-0,03321287
0,7932943
-0,1265704
-0,711012
-1,418603
-2,690886
-0,8005501
0,5967146
-0,8261186
-0,9572891
0,7091874
-0,3737202
-0,1031274
-0,0005203485
-0,2147086
0,5232121
1,350998
-1,071523
0,7210744
-0,2694937
0,8906947
0,52439
-1,038658
-0,1482402
-0,62935
1,365778
0,7114622
-1,904406
0,3829006
-0,6644157
-0,02169055
0,7373014
0,4850719
0,1003393
-0,3455667
1,14272
-0,6377777
0,2933662
-0,3213946
-0,2862427
0,4941424
1,738685
-0,6689177
-0,1385916
0,1627623
-0,1409746
-0,1754998
0,8445389
-0,3733705
-1,149514
0,3907361
-0,1515096
0,4920558
-0,2267168
0,147137
0,2272449
0,1591636
0,0351641
-0,1594283
-1,39098
-0,495418
-0,8001517
-0,04457855
0,8044201
1,223166
0,9106398
-0,3500221
-0,3803232
0,1873069
0,542381
-0,7861081
-0,9680618
0,2666455
-0,2457327
-0,2526334
-0,4583777
0,4253823
-0,8052648
0,4523391
0,6914507
0,6834783
1,374553
-1,87308
-1,548842
0,2991482
-0,4109247
-0,04623374
-0,3979242
0,1366445
0,1512486
-1,363739
-0,4139103
0,7152194
-0,2575859
-0,4349017
0,7074761
0,9576342
0,9061046
0,3150828
0,1502023
-1,127098
-0,7864802
0,08187316
-1,004207
-0,03864413
0,7201999
-1,022532
-1,331772
-0,8103853
-0,3381877
0,3763311
-0,4491597
-0,3052906
0,01570463
0,4683484
0,07774767
0,05156125
-0,06141219
0,6372811
0,590306
-0,06412621
-0,3645446
-0,7375533
-0,5061938
0,1572649
0,4866319
1,094748
0,1549374
-0,214292
-0,9881392
0,6190416
-0,4314126
2,103449
-0,4536332
1,298656
0,9827595
0,631641
-0,3542042
0,1468651
-0,145163
-0,28161
0,132197
-1,269177
0,07178263
-0,4192034
0,1759928
-0,60313
0,04524958
-0,2203842
-0,2197603
0,4873699
-0,7821149
-0,3922424
0,009893764
1,158935
0,09604612
-0,6895756
0,4029349
-0,7092574
-0,1309673
0,4843532
-1,085847
-0,1073361
0,9058063
0,05613244
0,4807106
0,4960578
-0,02866626
-0,0654709
0,5013749
-1,224268
0,3281983
-0,0823952
0,8898625
0,1144269
0,3293279
1,024321
0,4937132
0,9946238
1,40031
0,476078
-0,1808383
0,2029669
-0,7473781
0,4951326
-0,1581531
1,09714
0,5874922
0,4413832
-0,6660849
-0,632001
-0,188826
0,04117906
0,09667367
0,487061
0,4318732
-0,2754502
0,1949193
0,6652134
0,4192327
0,512601
-0,04605217
-0,5775698
0,6030797
0,4185389
-0,6801835
0,6449684
0,2042273
0,6541192
-1,377542
-0,2864032
0,4489973
-1,089292
0,3337754
1,270412
-0,1855503
0,04306328
-0,2454954
0,7768247
-0,02536249
-0,3296494
-0,1633381
0,6343718
0,7450337
0,6489831
-0,1449365
-0,02317736
-1,165697
0,2702571
0,02487695
-0,08754313
0,2174826
0,3204901
0,3831733
-0,4070227
-0,8021244
-0,4655223
-0,01261634
0,450593
-0,3061572
0,04306027
0,6996386
-0,603128
-0,1850406
-0,06049873
-0,5423971
-0,3877578
-1,716708
0,1156958
-0,3525217
-0,4497198
-1,150497
1,395164
-1,5484
-0,305762
-0,1823382
0,6844037
-0,7381955
0,3621146
0,515397
1,019245
-0,600505
0,2797923
1,216148
-0,9360296
-1,287685
-0,9717409
-1,292545
0,1152886
1,277136
-0,3022066
0,5648592
-0,3403388
0,7099827
-0,4685371
-0,8394711
0,6105212
-0,02905172
0,3360797
-0,848846
0,008053601
-0,9112718
0,4235343
0,4019637
-0,2119879
-0,4341375
0,3397063
-0,007348001
1,190157
0,8107844
0,005233821
0,2186783
0,5572188
0,992632
0,05760722
0,5301248
0,4737107
-0,4083787
0,1069423
0,6709348
0,7189996
-1,337397
-0,0493691
-0,6572482
-0,8633654
0,2997497
0,4944988
-0,2180004
0,5714516
0,9525143
0,09900147
0,003754616
-0,1115444
0,6934689
-0,3669161
0,2625041
0,06789047
-0,05420934
-0,8351637
1,578946
0,1117093
-0,02254778
1,044098
-0,8556733
0,1607386
-1,055224
-0,09317745
0,1355962
0,2529059
0,04467046
-0,8889087
-1,145521
0,8521366
-0,7911937
-0,602295
-0,8601908
0,6574655
0,8702375
-0,187058
0,6223298
0,6011305
0,5095927
0,6313779
-0,1109117
0,1703871
0,4198888
0,1035408
-0,142275
-0,4339204
0,503726
0,2126319
0,06374888
0,2009834
-0,01777327
0,7352518
0,09619388
-1,044491
0,06538317
0,1637014
0,5175812
0,8244578
-0,2940121
-1,217002
-0,9106759
-0,2057262
0,04541069
0,221117
0,2355894
-0,2868242
1,069344
-0,2318925
-1,960196
-0,1904886
-0,1469679
0,6221523
-0,4693092
0,3972251
0,2588439
1,136489
-0,8887825
-0,3131123
0,1011919
0,8320018
-0,5086741
0,5673419
0,9243022
0,1937735
0,3755674
-0,4957996
-0,3232608
-0,9416515
0,07607073
0,06573647
0,378326
0,4239159
1,049338
0,1583555
-0,5397292
-0,0006345958
0,4001651
-0,2091741
-0,1832785
0,8644314
-0,01932138
0,03478688
0,1002759
0,9485584
-0,2556424
1,222921
-0,5285742
0,7755857
0,1396419
0,2934319
1,318311
0,4068656
-0,02143443
-0,270521
-0,06989115
1,091677
-0,4294198
1,556
1,332196
0,4854012
0,315257
0,6817518
0,2006537
0,5287728
0,962992
0,5694253
-0,2971976
-0,8612703
-2,030406
0,8874097
0,1210387
0,4614403
0,3426366
0,1931234
-0,1551988
-0,9343734
0,7784454
0,4456515
-0,07146879
-0,1831048
1,013071
0,1623452
-0,07025182
0,4223166
0,715516
0,6530597
0,774522
0,3361551
0,1434312
-1,451713
0,6417041
0,4296897
-1,062976
0,7070134
-0,003461391
0,8382315
-0,2633651
-0,7314245
0,5649348
-0,0674016
-0,1126177
-0,04605952
-0,4036459
-1,094611
0,3182442
-0,1527437
0,1900749
0,1280786
-0,6491596
-0,3164381
-0,3305072
0,3604279
0,4870604
-0,1829161
-0,3689952
-0,7191527
0,256538
-0,2453701
-0,1591361
1,400662
1,304983
-1,949894
1,013299
0,2499232
-0,6619824
-0,03405339
0,1902004
0,2935475
-0,2208279
0,008222461
0,1649643
0,1508906
-0,6879371
0,3736325
0,457034
0,9014575
0,8855481
0,8623688
-0,3056868
1,828893
-0,4583898
0,078448
0,781119
0,1856991
0,7171261
1,258637
-0,6577832
0,8223749
0,03931737
0,3153451
-0,5592038
-0,5174439
-1,181411
0,06798565
-0,4784353
-0,5298505
-0,5888323
-0,5294861
0,3962286
-0,7759875
1,687074
-0,1087063
-0,7957931
-0,1315805
0,3266814
0,09993944
-0,5940562
0,9101404
-1,223176
0,6883352
0,7263854
0,2319321
0,882709
0,09615974
0,8164606
-0,1395392
-1,506427
0,6995326
-0,0284335
-0,6239412
0,4476339
0,4772335
0,5105385
-0,07302518
0,3361835
0,02638623
-0,6713555
-0,5231451
-0,5728883
-0,1425207
-1,152866
0,2359514
-0,07153814
-0,1559103
-1,279622
-0,02757525
-0,4198838
0,221074
-0,2571717
-1,153356
0,007254124
-0,2346876
-0,4251613
-0,1540208
-0,9316346
0,7281741
0,03756225
-0,2377718
-0,5786858
0,4954718
-0,5881976
-0,8064719
-0,7812721
0,3547999
1,32948
-0,0821389
0,5080503
0,3838699
0,3946604
-0,8995836
0,1220952
1,18187
0,9733973
-0,9648924
-0,3545772
-0,0419066
0,5042102
-0,05098325
0,5551385
0,4716813
0,3210106
0,7259382
0,9252955
0,747051
1,240536
0,1654724
-0,7902884
-0,2287186
0,2651913
-0,2960207
-0,4557494
-0,3236756
0,6063671
-0,1366486
-0,2152774
-0,4131277
0,3725988
-0,6230216
-0,647905
0,2205431
0,2879742
-0,4479364
-0,05282009
-0,1761208
0,01898937
-0,6375111
0,8526491
-0,5954452
-1,246159
-0,6511961
-0,208248
0,2782338
-0,9225006
0,225727
0,3987389
-1,769312
0,865353
-0,2336483
-0,1740406
0,5293326
-0,07576758
-0,1431852
-1,024513
0,1519889
-0,3576276
-0,3447265
0,2173502
0,4734844
0,04390258
0,5356399
0,1767662
-0,8780726
1,502454
0,6418523
0,8365796
-0,0668644
-0,2843798
-0,1059424
-0,3049026
0,4069799
-0,7281849
0,9933103
0,680476
0,8515465
-0,7827711
0,8609383
-0,2034524
-0,2014429
-0,2930323
0,3668271
0,5633473
1,123579
-0,02726209
0,3993225
-0,3019677
-0,1674165
-0,1101804
0,9159137
0,05400229
-0,4338989
0,7276153
-1,547991
0,4694157
0,009166121
1,068974
0,03698888
-0,7403424
0,07272814
0,4915593
0,3599919
0,8122036
-0,6948109
-0,4315908
0,1433074
-0,3377218
-0,1795114
0,8190308
0,6116685
0,4267086
-0,6059786
-0,3412014
-0,5075589
-1,03911
-1,229922
-0,3772902
0,6117116
-0,9103123
0,3185066
-0,0559857
0,117818
-0,6748548
0,04384118
0,6846521
0,7488903
-0,2031194
-0,4565978
-0,2989066
0,7169346
-0,1880339
-0,01592584
-0,7240798
0,936107
0,3085334
0,4020413
-0,1613851
-0,5926133
1,217435
-0,03906575
-0,008564323
-0,6288645
-0,07138574
0,5943905
-0,07004303
0,9453632
-0,6306949
0,3315343
-1,557029
-0,459522
-0,6702979
0,1415014
1,46702
-0,5091428
1,229304
-0,0268624
-0,6401858
0,7075567
0,5153527
-0,03617126
-0,360156
-0,08146903
-0,01504385
0,5475965
0,2027924
0,7885982
0,9249142
1,259533
-0,8325425
-0,8545171
0,4886751
0,5254167
-1,199477
-0,1546671
-0,4503663
-0,01240241
-1,297664
0,1010138
-0,5730305
-0,615571
1,449917
0,07925236
-0,3214383
-1,165009
0,1893477
0,9260589
0,05985218
0,827682
-0,1869211
-1,523228
-0,07788354
1,592884
-0,1856322
-1,060545
-0,7617773
0,3182557
-0,4208284
-0,1759445
-1,065901
-1,427199
0,8594334
0,5043911
0,334199
-0,5029116
0,2263991
0,326826
0,8463226
-0,7614676
0,6777341
-0,5840325
0,8267089
-0,2430288
-1,790308
0,09155966
0,2255632
0,3745428
0,6627499
-0,5936523
0,424262
-0,8183398
-0,7306761
-0,3299183
0,7361608
1,056043
-0,7869635
0,4067383
-0,08958504
-1,293107
-1,148723
-0,3825858
0,4524626
0,8523622
0,5115301
-1,276162
0,005214736
0,8785917
-0,8131682
0,3072675
-0,05995794
0,2013867
0,2962185
-0,476662
0,1701576
-0,3547489
1,082109
0,7492469
0,7638717
-0,5837777
0,6452368
-0,08911249
0,3727732
-1,286173
-0,3093452
0,2778949
-1,485419
-0,2573572
-0,1568547
0,8265263
0,1497494
0,5307093
-0,3578467
1,114915
0,6258888
-0,08821535
0,4248928
0,5569075
0,04605234
-0,07495077
0,1021569
0,8746522
0,5767153
0,3992184
0,9879364
0,1880524
0,6061342
-0,622009
0,9339327
-0,5814822
-0,8510715
0,07138091
-0,2182416
0,1767226
0,1180705
-0,1953109
-0,05216292
-1,27451
0,5370159
-0,4685927
0,2395029
-0,9703705
0,5492824
-1,307041
-0,5094152
0,8877532
0,0958491
-0,3978013
0,029093
-1,261602
-0,08587523
0,7652094
-1,442349
-0,297002
0,1103259
0,7560992
0,1772614
-0,1670681
-0,1097501
-0,08230937
-0,5344198
-0,2863783
0,8812453
-0,1031001
-0,05598217
-0,4257655
0,5441132
0,2548165
0,7902721
0,7358298
0,254562
-1,131593
1,02473
0,4894588
0,1771126
-0,1673116
0,6459023
0,2514974
-0,0174765
0,491111
-0,128216
-0,4343495
-0,4977619
0,1761182
0,1313388
-1,616979
-0,842159
-0,04433346
-0,4462625
-0,1053053
0,5478203
-0,4636249
0,07706022
1,210218
0,302757
0,8186598
-1,160714
0,2246605
0,6042322
0,6188518
-0,3341935
0,5494397
0,1991999
-0,2844289
-0,5796888
0,715973
-0,8999593
-0,376803
-0,4695007
0,1822899
0,5083965
-0,2566342
1,200986
0,1941442
0,3489253
0,06688336
-0,02833068
-0,3153749
-0,4669133
-0,584169
-1,149843
-0,4053444
-0,2789021
0,003149271
-0,6450672
0,7636234
0,6483158
-0,08391082
0,4054266
-1,045048
1,00021
0,5808362
-1,547839
1,029732
0,2805262
0,0550499
0,01692367
0,4271792
0,4488413
-0,295943
-0,494418
-1,15722
0,3351687
0,209363
-0,5790579
0,9870492
-0,2711257
0,03829592
-0,3498911
-1,688618
0,110253
0,9259575
-0,2423129
-0,2708532
0,2952241
-1,511701
0,290536
-0,3011082
0,9715078
-1,001883
0,5152904
0,2330179
0,316375
-0,03397724
-0,9863854
-0,4564088
-0,4168724
0,2356972
-0,0822435
-0,8620303
-0,3427577
1,392665
0,1143212
-0,03969836
0,06477293
0,4172959
1,10296
-0,9044584
0,2206756
-0,2078428
0,2253953
-0,4069792
0,4968034
1,12735
0,7898372
0,3888196
-0,5151969
0,6657509
0,5822673
-1,215186
0,2872079
-0,3965995
-0,7914181
-1,008606
0,1355976
0,4512424
-0,08916664
-0,02809525
0,3474923
0,6269625
-0,03280002
-0,4916518
-0,7298142
0,08553088
0,03503114
-0,5812967
0,4941822
-1,054041
0,1872702
0,8040148
-0,07371723
0,2419091
-0,6743776
-0,8812191
0,6775758
0,4360186
0,2006732
-0,3681399
-0,03755265
-0,09022467
0,2579728
-0,6449289
-0,4173557
-0,419252
0,2737825
0,2143191
0,4075631
0,4258442
0,1116962
-0,08137184
1,330863
1,191127
-0,8489891
-0,4281874
2,006549
0,295101
0,908828
0,1872936
-0,7620685
-0,000944674
0,2257143
0,03136426
1,043605
0,8442209
-0,9539891
-0,5101292
-0,0549995
0,4052662
1,285507
-0,7892723
1,026743
0,07153553
0,02704637
-0,178614
-0,02674794
1,439393
1,313496
0,14927
-0,4305078
0,4161099
-0,02543217
0,4372879
-0,7189772
-0,531714
-0,1070494
0,3370674
-0,0236851
0,9509344
0,3086615
0,4013443
-0,5801907
0,5816048
-1,551376
0,4209833
-0,3223246
1,409836
-0,2937909
-0,2134371
1,203378
0,6532108
0,2544742
-0,3217144
0,009821206
0,4829616
-0,2039967
-0,2580665
-0,4609598
0,3836515
-0,1835721
-0,8563678
0,9811202
-0,06893343
-0,1010158
-0,4169704
-1,467369
-0,6242949
1,256895
0,5176104
-0,7289222
-1,45116
1,119737
-0,1448754
-0,7184794
-0,1688582
-0,1719586
0,7442854
1,092711
-0,351529
-0,3489379
-0,06246014
-0,5133906
0,03991964
0,05179803
0,2405671
2,324705
0,6367751
-0,249529
-0,8227533
-0,04510476
1,458192
-1,271927
-0,2988587
-0,362349
0,4914916
1,134787
-0,0828318
0,4288032
-1,284685
-0,01620519
-0,01449496
-0,3778058
0,1275938
-0,0280087
-0,0240432
-0,273812
-0,1689544
-0,3170468
-0,3408451
1,027176
0,05067846
-0,09981759
-0,6395229
0,4109665
-0,7849656
-0,6215755
-0,607819
-0,4232445
-0,1735861
0,8609963
-0,007974505
0,5004507
0,1486999
0,6642401
1,058911
-0,4017068
-0,8742131
-0,185541
0,2451857
1,042292
0,4864944
0,1242063
-0,4438657
0,6184331
-0,2000627
-0,5641143
0,863448
-0,4942433
0,4363914
0,1445897
0,3778347
-0,03682536
0,1607227
-0,3715559
0,04286484
0,6102141
0,1010246
-0,05308849
0,5241967
-0,9878892
-0,7174557
-0,1790693
1,603684
-0,3932447
-0,4529661
-0,1440431
0,02682653
0,2022384
0,2284899
-1,059197
0,4572214
-0,4903638
-0,06949106
-1,22784
1,547739
-0,05934685
0,2388772
0,008459985
1,426718
-0,9266569
0,2472002
-0,2871463
-0,2671126
-0,4738721
0,8425921
0,1412381
-0,09824014
-0,189803
-0,2984695
0,4941781
0,7506709
-0,1415541
-0,8487307
0,02352932
0,0995553
0,08565269
-0,8845537
0,3401515
0,4934387
1,552624
-0,3267168
-0,7486417
0,003346592
-0,5358241
0,4524392
-0,2083197
0,4781481
-0,2378175
-0,3394538
-0,007613435
0,2023791
0,4305218
-0,7750542
-0,3144674
-0,5619099
0,6506742
0,3461771
0,8680031
0,4044375
-0,7757725
0,3018033
0,8741422
0,07168204
0,4137993
1,175064
-1,119465
-1,289882
-0,1234147
0,4074228
0,1899941
0,168138
1,023254
-0,00637275
1,117166
0,2370382
-0,4740355
0,4277752
0,3218566
0,0586744
0,3095599
0,5257349
0,2227113
-0,5732854
-0,5209249
0,1142463
0,1163174
0,3633451
-0,3079628
0,5481794
1,107768
0,2649864
-1,198946
0,05424032
0,1745276
0,6751882
0,2983253
0,596873
-0,72868
0,6346923
0,7162421
0,5158665
-0,3415901
-1,243944
-0,6091949
1,096486
-0,4206792
0,7630047
-0,5378039
0,7089241
-0,02408469
0,4960277
-0,3932867
0,4133419
-0,4034224
0,2119243
0,02908808
0,3437009
-0,04037341
0,1683582
0,2403235
0,9191613
0,9123024
0,2639402
0,03712788
0,7920165
0,3922181
-0,1660556
-0,8967344
0,07673323
0,1179803
-0,2983456
-0,162617
0,2844659
0,1116835
-0,8860731
-0,4846285
-0,1951304
-0,4591679
-0,9893773
-0,9836029
0,5637003
0,4539772
-0,8081639
0,5541974
