0,2951553
-0,9209443
0,5764936
0,675645
0,02068186
-1,074377
0,5241919
0,1548147
-0,4885594
-0,002754748
-0,4258968
0,3759409
0,2792118
-0,1166469
0,8963969
-0,07698238
0,2810006
1,24988
0,5400235
-0,5824943
-0,4291526
0,2838942
0,8134218
0,7358189
0,6889485
-0,7003679
0,3284757
-0,4011381
-1,705734
-0,0520758
1,015332
-0,1059775
0,8466319
-0,7651676
-0,2076212
-0,7520158
-0,6606075
-0,1267385
-0,1515606
-0,08768678
-0,3034332
-0,317633
-0,7256921
-0,5771342
-0,1782691
0,7779107
0,0535913
-0,3235306
-0,3950434
0,3935595
-0,3083449
-0,3730941
-0,481061
-0,04255354
-0,4961138
0,3263716
0,004326746
0,27268
0,5023755
-0,679464
0,3802418
0,2612457
-0,5760776
-0,7735859
-0,3699006
0,3471165
-0,335055
0,6656067
-0,4882041
0,2324869
0,9609755
-0,473579
2,34831
-1,673949
0,5098146
0,4024501
-0,7027202
0,5052963
-0,3772288
0,1136339
0,3020804
-0,1626121
0,4441919
-0,6682056
-0,5261951
-1,171219
-0,5156046
0,566294
0,6023312
-0,5263521
-0,2270137
-0,46587
-1,071987
1,709039
0,4995108
-0,2461026
-0,04319388
0,7149282
0,7049087
0,1186869
0,1671346
0,4213208
-0,5075653
0,4205868
0,156803
0,05509907
0,1859868
-0,6946421
1,671409
0,4253557
-0,04196829
-0,1541179
-0,05245948
-0,2021181
0,5660893
-0,2640558
0,3305966
0,8728483
0,2730799
-0,4075654
-0,7312471
-0,1509942
0,1124331
-0,46053
-0,5325089
0,09039313
-0,5168121
-0,181637
0,4959697
0,03018934
0,01711547
-0,7201146
-0,444375
1,415693
-0,5703753
0,4461988
-0,5826781
0,7839455
-0,3446568
0,04852545
0,1422733
-0,5044029
0,4474156
0,3098602
-0,5376019
-0,5256785
-0,881794
0,005351901
0,3665267
-0,728352
0,3975557
-0,5228983
-0,7344495
0,9078714
-0,5112731
0,4841662
-0,5618878
-1,214227
0,0866698
-0,2728832
0,3399091
0,5840621
1,235545
-0,2094965
0,5790026
0,1804817
0,6650355
-0,296737
0,1951671
-0,4730726
0,6268109
-0,1942482
0,06845957
0,3876656
0,2200034
-0,5727472
-0,2121692
0,1939892
1,167395
0,2637675
-0,5430385
-0,720493
1,323853
0,6700899
0,8807356
-0,3768558
0,1476367
0,06302208
-0,1460531
-0,02595921
-0,6432306
-0,4013169
-0,6399556
-1,031323
-0,3425136
-0,7343744
-0,2841634
0,6342001
0,1516152
-0,3331196
-0,8396296
-1,087569
-0,2046238
0,01614982
-0,8815703
0,01242757
0,1246455
2,047403
-0,251453
1,178892
0,7568576
-0,1738486
-0,008490935
-0,4158487
-0,4231651
1,360742
0,4195921
-0,2984874
0,3507496
-0,3179706
0,3822747
0,2271649
2,198524
-0,08037867
-0,1821
-0,935622
0,3221129
-0,4158832
0,3035858
0,3722633
0,1779402
-1,377527
-0,1380054
-0,405513
0,9619448
0,1584487
-0,5758947
0,5890436
-0,6110061
-0,3315852
-0,1036409
-0,61255
-0,1149217
0,4429832
0,5285569
0,1328074
0,0346325
-0,3888525
0,3313715
-0,7407035
0,3565772
0,1142406
-0,004313529
-0,1389036
0,2048534
-0,2667781
0,5641198
0,1126678
-0,803345
0,1565797
0,007430553
-0,4663392
-0,4091608
0,2077091
0,06531483
1,342508
0,2301723
1,088767
0,4882167
0,9934189
0,3104103
-0,1646317
-1,040189
0,1321207
-0,2791555
-0,04679835
-0,1193575
0,1149542
0,3717684
-0,05700397
1,029037
0,2146718
-0,3776485
0,2425007
0,2737606
-0,9156501
0,0005238652
-0,2504115
0,02293962
-0,8993786
-0,0877524
-0,4780424
-0,01131946
-0,2116966
0,5256796
0,6401907
-0,08863539
-0,2977164
-0,5664353
0,0459376
-1,306793
-0,3784122
-0,9073285
0,1867948
1,915908
0,2117819
-0,1679527
-0,6468967
-0,4902027
0,7250542
-0,2029444
1,379792
0,2997228
0,429081
-0,4084247
-1,497881
-0,02417758
0,3382334
-0,2313165
0,006196246
-0,04627529
0,3036665
0,1250696
-0,1960705
1,595593
0,1744874
0,70415
-1,066818
-0,04275572
-0,6725754
0,559689
0,3460178
1,181231
-0,114163
0,004043937
0,02012712
0,2299684
1,338277
-0,7003732
-0,01857841
-0,3786772
-0,3894258
1,094192
-0,795102
-0,3407598
-0,958899
0,009125531
-0,7099114
-1,837003
0,4086114
0,7763321
-0,4998379
-0,5477664
0,3862085
0,01501447
-0,06586343
0,1616136
-1,153618
0,3663471
-0,6522718
-0,5907111
-0,5368418
-0,8485909
0,7566741
0,2131507
0,4367695
0,1046167
0,2109443
-0,8363321
-0,7856811
-0,4842118
-0,113404
0,4936059
0,5558884
-1,090916
-0,3074836
0,1559015
0,2284048
0,2177023
-0,3108528
0,06329487
-0,903439
0,2666164
0,6818231
-0,3308833
0,2095124
-0,7425411
-0,2016256
-0,7887104
0,3968742
0,1961935
-0,1888801
0,2313128
-0,4896669
0,1026002
-0,2420707
0,7083623
0,82308
-0,2942904
0,4222066
0,07666448
0,7098193
-0,9273069
-0,4974774
-0,6370893
-0,291944
-0,07994658
0,2185979
-0,613563
-0,6091405
0,1371656
0,3483665
-0,2489094
-0,6007993
-0,004007652
-0,798389
1,092
0,7317299
-0,68922
-0,3454489
0,4738022
0,333425
-0,4982984
-0,6163324
-0,8307824
-0,01836002
-0,4034091
0,466057
-0,8388288
0,3534622
-0,00682731
-0,5651864
0,4195724
0,03848296
1,525901
-0,5490798
0,27019
0,1456485
-0,6830192
-0,1869277
1,46192
0,9731443
0,2715729
0,05754656
0,8661543
-0,4597106
-0,9643927
-0,339252
-0,2445552
-0,7815074
-0,05200136
0,05880731
0,5095326
0,8298635
-0,09963226
0,8565553
0,1174555
-0,3518763
0,5668521
-0,7747045
-0,06970882
-1,075796
-0,8413793
0,1522732
-1,294248
0,1096031
0,8162919
-0,2583901
0,1536938
-0,02965283
-0,03179413
1,087378
-0,151488
0,1203408
-0,641738
0,7991751
0,2918879
-0,08065206
-0,08400691
-1,216755
0,5702301
0,6029285
-0,2238174
-0,3565726
0,9181505
-1,329174
0,4643664
-0,1228446
0,6802556
0,666067
0,6893577
-0,7389804
-0,4525804
0,3265703
-1,492771
-0,03208762
0,3675383
-0,3341079
-0,2561572
0,04411042
-0,3032474
-0,7567455
-0,7249047
-0,5558895
0,2397008
-0,1629143
-0,4162466
0,1954777
-0,1469949
0,6257912
-0,61788
-0,2188918
-0,5477366
-0,9597456
-0,2614171
0,8894069
-0,2330977
0,4371215
-0,2449331
-0,8035986
0,1754159
0,2342387
0,1860812
0,1885183
1,043991
-0,4958505
-0,09462424
-0,1595662
0,851186
-0,262518
-0,09518999
0,4867375
0,3948904
0,05369876
-0,4114997
0,118955
-0,8222892
0,1659054
-0,8607315
0,7183337
0,6672355
-0,5654461
-1,024161
-0,3106284
-0,4336985
0,2297646
-0,4535202
0,9694831
0,1621751
0,0003130287
0,1459632
0,3234648
-0,4465351
0,2392593
-0,8283696
0,6592196
0,1500422
0,3439769
0,6821076
0,1888748
0,2600114
0,3497925
-1,063216
-0,5329341
0,4620422
-0,2774074
0,7498434
0,238552
-0,3000973
-0,6933861
0,139087
0,188999
-1,483605
-0,2596693
-0,8368871
-0,8677499
-1,248509
0,3933499
0,00148946
-0,1222053
0,03380561
-0,2971668
0,2666668
0,4014336
-0,752813
0,8439589
-0,6260458
0,5384152
0,7731577
0,5339168
1,114036
0,2230353
-0,1092517
-0,526078
-1,121927
-0,4974218
0,01081674
-0,1510076
-0,02351409
0,3605696
0,9992988
0,1166902
-0,8713923
-0,9619573
-0,4469866
0,2587646
-0,7444567
0,4813983
0,3015376
-0,129867
0,7276093
-0,3232993
-0,6512177
0,6547572
-1,118072
0,01297617
1,392638
0,8731115
0,2561638
0,1420959
0,7673541
0,5457159
0,3237996
0,901711
0,1089842
0,302973
-0,2813589
-0,06158602
-0,4131966
0,9999083
-0,04105127
0,7908396
-0,7110986
-0,0185011
0,4710051
0,307745
0,2054799
0,2453504
-0,1443948
0,1796689
0,3480763
0,1269216
0,4589683
0,6450341
-0,4670612
1,408125
0,1154422
0,6402538
0,4014095
0,1210613
-0,03575087
-0,8130377
2,003149
-0,5480518
-0,1558535
0,7094698
0,3098363
0,4633407
-1,339504
-0,1338689
0,9789614
0,3243593
-0,7130206
-0,8974746
-0,2147484
1,042889
0,04187542
0,645444
-0,2019576
-0,05159092
-0,3474753
-0,02196282
-0,2007092
-0,5186231
-0,652374
-0,7160547
0,1225546
-0,083331
0,03952432
-1,010429
-0,6814563
-0,2791127
0,7031347
0,8194214
0,4390705
0,1682762
0,2129269
0,2150811
-0,7632535
-0,9168141
-0,3608628
-0,303831
-0,8058664
0,3517697
-0,3018463
-0,5132669
0,6652058
-0,6035786
0,5927138
0,5868431
0,5368358
0,691955
0,2642539
-0,1034779
-0,4524624
-1,04244
-0,111991
-0,7603002
0,1417825
-0,5963518
-0,3530225
0,06998879
0,03270197
-0,02542257
-0,6548801
-0,0003595501
0,386059
-2,148518
-0,01751925
-0,2679797
-0,6414769
0,2297351
1,206533
-0,1537531
0,5861297
0,3124203
-0,539699
-0,3345647
0,3192879
-0,2248502
0,1666667
0,1093214
0,08699286
-0,9926251
-0,9141929
0,6269349
-0,2348222
0,9622481
0,1196131
0,4950647
-0,1557229
0,04640603
0,8051026
-0,3348243
0,3119913
0,1745724
0,4678184
-0,5391858
-0,124222
-0,1637219
-0,8494571
0,1677505
0,4143074
0,5888435
-0,3671662
0,3659486
-0,4658788
0,08011979
0,07939619
0,6051449
-0,745544
-0,1935064
-0,3120814
-0,4159731
1,025006
0,3369272
-0,4763401
0,01774293
0,03399277
-0,3142401
0,6017321
-0,6744925
0,4737873
0,1656587
0,6759205
-0,594456
0,7318749
0,1521223
-0,3946648
-0,1914359
0,2484595
0,6170548
1,077971
-0,07463795
0,3624582
0,137688
0,3584677
1,079872
-0,2618322
0,887117
-0,6361393
0,7461415
1,3038
-0,2539127
-0,7364661
-0,3523088
-0,9481753
-0,4576885
0,3135573
-0,4995978
-0,02844507
-0,1570792
0,02605295
-0,4353768
0,8306854
0,3101208
-0,8979314
-0,2906405
-0,08533984
-0,6170772
0,2229948
-0,4924313
-0,4840104
-0,03431594
0,4905857
-0,3446255
-0,1437957
0,4148586
0,03292906
-0,0199966
-0,1822986
-0,2120582
-0,01749253
0,6149985
0,3083948
-0,1273767
0,6764095
0,494159
0,3320293
-0,6313673
-0,8594487
0,2013537
0,4570043
-0,1680913
-0,3818046
-0,1107169
0,8361726
0,3511564
-0,1531359
0,5040384
-0,4699163
0,4592069
-0,5084973
0,4151289
1,521854
-0,6442654
-0,2377491
0,532691
-0,08100593
0,2237536
0,08245455
-0,9822188
-0,214508
0,363872
1,062397
0,1644106
0,34741
0,1964493
-0,5849749
0,5235129
0,4230593
-0,7172756
-0,6649433
0,4891148
-0,1157191
0,5335567
-1,222471
0,2622287
1,34663
-0,4132143
0,9011961
0,6272787
-0,4375206
0,7010833
0,1282873
0,1676646
-0,1103293
-0,1028752
-0,10902
0,1114914
0,2774044
0,06786238
0,9287078
0,2379104
-0,06269045
-0,620568
-0,09595364
0,1654997
-0,05764329
-0,8504469
-0,4279186
-0,3158142
0,1891991
-0,3213531
0,06743443
0,6808736
-0,2543138
-0,9298723
0,2683015
-0,03665841
0,2929574
0,3167536
-0,589897
-1,286987
0,1277252
0,2183139
-0,9340788
0,2545942
0,7192001
-0,8997145
0,6190382
-0,2504559
-0,146845
-0,6503134
0,6500886
-0,7790846
0,6377964
0,06395978
0,5483254
0,1451265
-0,2465907
-0,2441995
-0,7192664
-0,2259946
-0,8149863
-0,01126981
-0,7676256
-0,008247986
-0,1502607
0,4005715
-0,09979779
0,2136605
1,119766
-1,720093
-0,1266044
-0,2415208
-0,22254
-0,4824397
0,2946395
-0,05403662
-0,879265
-0,8858808
0,1483793
-0,3447269
-0,6765735
0,1749427
0,08423725
-0,1651663
0,7833672
-1,161744
0,6743214
0,9568205
0,6376744
-0,5641558
0,1809013
-0,4422209
0,8488343
0,7026556
0,1689166
0,4207183
0,1132467
0,1500844
-0,5122979
-0,5040755
0,006682634
-0,5485642
-0,3621259
0,2551424
-0,8719885
-0,5155787
-0,9119706
0,1893629
-0,009245396
-0,1429239
0,03530651
-0,3372005
-0,689299
1,134565
-0,7394176
-0,7142851
-0,3284215
0,3835685
-0,4538934
0,1115786
-0,2642429
-0,3999903
-0,7399575
-0,23912
0,5527229
0,5059258
-0,252779
-0,2770001
-0,2345495
1,339844
-0,191596
2,40981
-0,9370582
0,8477048
0,8296443
0,07082264
0,02583277
-0,4525973
-0,3791187
0,6025938
-0,8143653
0,4192452
-0,29916
0,1975626
-0,1122118
-1,046336
1,286187
0,3622997
0,261212
0,1055596
0,1622572
-0,1072864
0,43393
0,03859675
-0,4620879
0,02751386
0,3553299
-0,3146909
0,7375438
0,6514989
-0,8387086
-0,9806335
-0,4611721
0,6514932
-0,03999335
-0,01894712
-0,1335968
0,04146211
-0,3919346
-0,9738788
-0,7578887
0,09431252
0,6428149
-1,591342
-0,4653739
0,1863227
-0,2554088
-0,3609396
1,232536
-0,003827348
-0,1706589
-0,08859807
0,5869615
-0,0329842
-0,6472852
0,576183
-0,3214096
0,1733713
0,7752115
0,1727031
-0,3665613
-0,483233
-0,01347744
0,2468188
-0,442154
-0,01760602
1,347394
0,2506536
-0,4339847
0,1740871
-0,5515968
1,239939
-0,2327243
-0,2705297
0,09452188
-1,231139
0,9065041
-0,6630399
-0,2159627
0,2604095
-0,5644504
-0,8465676
-0,2395688
-1,346862
1,128207
0,5134532
0,1710666
0,2934303
-0,1236467
0,4119549
-0,5000728
-0,0615319
0,7212176
0,306811
-0,7583581
-0,9515082
-0,2859412
-0,4988642
-0,1744254
0,00708437
-0,6565756
0,6660691
-0,4291452
-0,4858755
1,046821
-0,6468036
-0,9484944
0,1504497
-0,1986834
0,2549325
-1,308552
-0,05380219
-0,798797
0,1746925
0,6529337
-0,5219884
0,05118245
0,5922531
-0,1692572
-0,4078721
-0,5191144
-0,6689078
-0,2359275
-0,3377327
0,6174719
0,6988249
0,1773305
0,779383
-0,1349449
1,488871
0,2797245
-1,18684
0,413329
-0,5030317
-0,2054659
-0,228272
0,3795544
0,6448834
0,08883119
0,6734917
-0,3963816
-0,08820903
-1,093734
0,09988385
-1,040137
0,6904653
-0,5204771
0,5755399
-0,399424
0,02372926
0,6118236
-0,4391718
-0,1624903
0,7460888
-0,3302599
-0,2959253
-0,08954388
-0,2041227
-0,2329658
0,08398676
-0,4836665
0,3926764
-0,5205269
1,391267
-0,3844562
0,4953865
-0,1323397
-0,09525514
-0,028404
-0,359045
-0,3166745
-0,784901
0,3907011
0,06955211
-0,5398346
0,7505362
0,3867874
0,4517128
1,650594
-0,1785262
-0,1002383
0,572821
0,1669864
0,08458894
0,4873993
-0,191842
1,313873
-1,785118
0,1148016
-0,1195525
1,248603
-0,3575844
1,284111
-0,3753902
0,5790439
-0,7871971
0,1080381
1,573992
0,1172674
-0,8084062
-0,9381304
0,5778893
0,7351387
-0,2377071
0,287694
0,09562123
-0,7491746
-0,7816063
1,11035
-0,3509181
0,02328394
-0,01686215
0,3556674
0,5265526
-0,1901646
0,3615597
-0,5429259
-0,3593651
1,361951
0,6252798
0,5212508
-0,2763859
-0,6180604
1,152654
-0,2364553
-0,7444568
0,1588609
0,8578639
-0,8320366
0,6190806
0,6139194
0,305047
0,374548
-0,08831817
0,08138376
0,03065455
0,04008383
0,5503699
-0,1981532
0,3910149
-0,3206448
-0,5089729
0,2568541
-0,4605531
-0,8979025
0,3264405
-0,2002022
0,07502311
-0,2814247
-0,1860876
-0,1766627
0,7135854
-0,5066167
0,1370972
0,1415903
-0,1225219
-1,801687
-0,712039
-0,313662
-0,2810135
0,4410061
-0,02385773
1,034461
0,4113257
0,5774541
-0,8700893
0,7211787
-0,5017935
-0,6872743
-0,1341056
-0,1153736
-0,6120257
0,3864704
0,2493783
-0,4530851
-0,4348298
-0,5483308
0,8442098
-0,3011309
2,220399
-0,9683945
0,3665723
-0,08166595
-0,3956692
0,9624216
0,02977878
-0,3005826
-0,6662068
-0,4696155
-0,9737934
-0,007466927
0,8898401
0,3141117
0,5540831
-1,287117
-0,04201402
-0,3277144
-0,3291527
0,5137303
0,1956967
0,1305112
-0,9794121
-0,5041099
-0,4039711
0,007653058
-0,1367496
-1,166616
-0,7072309
0,6098528
-0,5733859
-0,1889263
-0,4324448
-0,05380023
-0,2761093
0,1978118
1,354987
0,6887629
-1,215265
-0,1271572
0,3067229
0,2400219
0,5452616
0,1125492
0,2534299
0,5685149
-0,1315928
0,03832363
-0,2335425
0,8565214
-0,01385844
-0,4610207
0,7728213
-1,05135
0,6109238
0,5949448
0,350733
0,6398526
0,5006096
0,6572949
0,1626628
-0,41322
0,3872125
0,247124
0,2936842
0,6680602
-0,04938555
1,200093
0,2172703
0,284266
1,717209
-0,09370244
0,5790539
0,7151024
1,435666
0,1000294
-0,4702308
0,3537264
-1,480118
1,493869
0,1237151
-0,4047162
-0,7651483
0,4721903
-0,8518821
-0,5619413
0,518798
1,027241
1,587846
-0,8082199
-0,1125932
0,05689573
0,1481959
-0,01994681
-0,6341046
-0,7286028
-0,7162845
-0,02794965
-0,05834833
0,1545377
0,334946
-0,2522674
1,507148
0,7491719
1,005663
0,4341031
0,3908974
-0,9488427
-0,02629101
0,000282824
0,4598607
-0,05774814
0,3584661
-0,6316919
0,4252599
-0,6620777
0,2345036
-0,5493032
0,9727302
0,3034805
-0,1848513
-0,2358763
-0,7378436
0,1994082
0,9505628
-0,00485307
0,2043771
0,1272025
-0,4029019
-0,5402947
1,061912
0,2534035
-1,166425
-0,4797351
-0,3536832
0,482403
0,1186877
-0,1530341
-0,01257026
-0,3319496
0,6041964
0,142036
-0,591898
0,2659873
0,3313274
-0,4395239
-0,6099566
0,2149493
0,4667796
-0,8767809
0,6668859
-0,343814
-0,1988628
-0,2234734
0,05099714
-0,82955
-0,3187333
-0,3669038
1,209881
-0,658389
0,8162292
-0,2044334
0,388196
-0,6335718
0,2537011
0,6344008
0,1523305
-0,1840935
0,5186853
0,8410739
-0,6224366
0,09591228
0,6464215
-0,2765349
0,1993165
0,4244677
-0,1272472
-0,2437302
0,9623957
0,2059544
0,09419513
-0,2040167
0,3146801
-0,7862081
0,6492606
-0,8161756
-0,6781223
0,1082799
0,2327662
0,5711578
0,3263321
0,08903939
1,242183
0,1713388
-0,4876624
-1,639536
0,8811332
-0,213645
0,9061359
-0,2605944
-0,7103444
-0,7232767
-0,5942094
0,5743768
-1,126077
1,336732
0,6960071
-0,4785076
-0,4860367
-0,5107329
1,019715
-1,210977
0,1947484
1,352797
-0,6939715
0,08614784
0,5153928
-1,267234
-0,396661
0,3363791
0,4752334
-0,8123181
-0,8524346
0,9026758
-0,9055565
-0,2712176
-0,04357636
0,7578915
1,282644
0,5566534
0,05051553
-0,6216885
0,5738907
-0,156953
0,2306575
0,0506593
0,3369412
-0,6618997
-0,0234156
-0,1422064
1,069198
-1,090173
-0,6441606
-0,0122084
0,3161365
-0,9167917
0,8006309
0,07136664
0,8026522
-0,008181036
-0,8283457
-0,1061118
-0,2550372
0,9185652
0,4767048
0,2070797
-0,2487963
-0,4073163
-0,3631561
0,8232124
-0,1214222
-0,8030923
0,2982785
-1,25228
-0,175611
-0,2221424
-0,1370773
-0,0579284
-0,4919673
0,5972164
-0,274996
0,11941
0,4519463
0,2868782
-1,34331
0,8524894
-0,3637002
-0,468528
0,4381346
-0,171406
1,089738
-0,3643741
0,1586472
-0,1845642
-0,494414
0,6483318
-0,1330238
0,5772296
-0,4193959
-0,6426756
0,2243901
0,1955886
-1,115083
0,434867
1,414667
-0,6243305
0,1597841
0,1722688
0,1005912
0,7755395
-0,8126906
0,2620065
0,4066141
-0,9175008
1,228011
0,8061289
-0,5631539
0,619934
-0,3179777
0,1046821
0,2145433
-0,8244311
-0,0947687
0,6351935
0,05003107
-0,7142208
-0,1988966
-0,1832192
0,01602924
0,03059977
0,4227346
-0,1858949
0,3768265
0,2982129
0,2578747
0,1893132
-0,6825079
-0,6109225
-0,03553283
0,4722326
-0,4316602
0,7327148
0,4968106
0,051612
0,4059856
-0,3451965
-1,121033
0,09021358
-0,05522543
0,05819738
0,3274249
-0,4741828
-0,1347157
-0,2300001
0,7146553
-0,6921731
-1,738507
0,0005586445
0,5746513
0,6959971
0,04221815
0,6568729
0,4005552
-0,04900569
0,4763343
-0,09779924
0,006196082
-0,7575436
0,5877612
0,4946712
-0,129843
0,5673466
-0,1889561
-0,01071656
0,8707076
-0,09336722
-1,772072
0,06274432
0,636127
-0,1963148
0,3754238
0,4318616
-0,2804089
-0,1242743
-0,09046783
-0,05705807
-0,1461639
-0,0188219
-0,9195288
-0,03322214
-0,1701505
0,3249236
-0,2159646
1,196581
0,7186292
-0,566541
-0,3677298
0,1012535
-0,781203
0,1796204
-0,1499843
-0,6605303
-0,5260652
-0,940459
-0,1985724
1,02453
1,057572
-0,5275977
-1,829439
0,6964049
-0,6684725
-1,161607
0,4259135
-0,3690733
-0,4358631
1,758621
-0,4817237
-0,5387245
-0,01177728
-0,1418264
0,2254733
0,03321856
-0,5546486
-0,2953904
0,03294694
0,001763165
0,1725708
0,8134111
0,6828896
0,6181141
0,03628618
0,296522
-1,139199
0,4050168
-0,3786331
0,5225827
0,3318374
-0,8543325
-0,6509815
-0,8105434
0,395649
-0,7042867
1,096036
-0,4334862
0,3812933
0,2846804
0,562721
0,5675929
0,03197974
-0,1563839
-0,9220877
-0,689463
-0,1727596
-0,01700693
1,034181
0,2709892
-0,4315172
-0,4378247
0,1406342
0,9594189
-0,03146386
-0,1283512
1,219872
0,01922035
0,2275994
-0,2601825
0,2690463
-0,4185137
-0,2732485
0,6513221
0,5428764
-1,01286
-0,5988074
-0,1238721
-1,177653
0,6852279
0,08340383
-0,9067575
0,4832757
0,2106102
-0,2869289
0,04936312
-0,3342966
-0,3025924
-0,9460064
0,004623175
0,1198682
-0,8742049
0,5547874
0,8413698
0,05883139
-0,0001466274
0,2090216
-0,1932975
-0,007704079
0,1685904
-0,21426
0,7695101
-0,05842465
-0,5904225
-0,5090117
0,3065712
0,6762419
-0,7360318
0,2033517
0,07727689
0,06654038
0,7074474
-0,4088253
0,3714071
-0,1279365
0,9456033
0,02913713
0,4781864
-0,4078131
-0,1851561
0,3359441
-0,04831076
-0,1384122
-1,115867
-0,1383254
1,055389
0,7847196
-0,8417695
-0,4442886
0,2426878
0,7365815
0,0325048
-0,1643357
0,626819
-0,7193441
0,2563727
-0,003159881
0,1136448
-0,0811034
-0,2372091
-0,5754821
-0,1220896
-0,09950215
0,0230277
0,5114499
-0,1578228
0,7594789
0,584808
0,09463136
0,04007685
0,08728462
-0,1545239
0,1963342
0,08752793
-0,5292757
0,1839945
-0,4522399
-0,2866772
-0,8053641
0,4441689
0,6377711
-1,239882
0,2660058
0,2302447
-0,3602638
-0,6138089
-0,3971453
0,02173311
-0,5201436
-0,9046323
0,09157664
0,6658611
-0,2294967
-1,181114
0,3478748
0,6115498
0,454593
0,07761896
-0,3717055
-1,06661
0,4818203
0,126632
0,1356783
-1,016617
-0,1907408
-0,5683924
0,8808921
-0,3668281
0,875008
-0,3458207
0,7893997
0,7422894
0,3382937
0,0003933311
-0,6108704
0,895142
0,2491855
-0,7291338
1,477979
-0,5751616
0,2500618
-0,7230672
-0,3098359
-0,6634585
-1,229234
0,8341593
0,6254443
0,6612
-0,7884946
0,8154426
-0,08854413
-0,4376714
-0,6897623
0,2326476
-0,5351735
0,1962769
0,5987681
0,3287252
0,3903953
-0,4034367
-1,143197
0,1565387
1,055356
-1,04476
0,3970135
1,166139
0,06443638
-0,1278286
-0,7113205
0,3507746
0,08328222
-0,5692677
0,1234804
-0,8894993
0,3034155
0,6227573
-0,5149053
0,2437434
0,4838723
0,5713755
-0,02244049
0,1105452
-0,5441978
-0,2894876
-0,1143274
0,3259436
-0,0825007
-0,404792
-0,9350994
-1,292186
-0,2289763
0,2804806
0,7640306
1,511788
-0,1152107
-0,08420336
-0,3848255
-0,3036954
0,1061396
0,7832922
0,4202085
-0,1295544
-0,3268445
0,7283149
-0,4826064
0,2335969
-0,07588464
0,05854303
-0,4030464
0,4479191
-0,5584255
0,00231874
-0,5030351
-0,427578
-0,6119652
-0,5482213
1,494165
0,210568
-0,1511919
-0,4328567
1,139304
0,1301836
0,424066
-0,4403331
-0,4752855
1,268585
0,4200162
0,2429787
-0,5667462
-0,2697302
0,2370366
0,7687816
-0,4229192
0,2002241
-0,6487914
-0,8675628
0,6010157
-1,506427
-0,6061143
0,6685931
0,4608792
0,04297155
0,6286948
-0,5862398
-0,1452723
0,5117816
-0,855227
-0,293611
0,6743137
0,2239614
0,4750711
-0,7570333
-1,300744
0,0737471
-0,5582997
0,04764867
-0,1365584
0,6068414
-0,1700469
-0,1115979
0,3720355
0,1104494
0,03462838
-0,4734442
-0,502178
-0,1288725
-0,9143379
0,4416748
0,09869629
-0,2348316
-0,3255
-0,4044178
0,4743853
0,4343598
0,2395252
-1,167086
-0,6065081
0,8129833
-0,6040285
0,2844027
0,5321308
-0,2858806
-0,3230427
-0,2979057
-0,1735829
0,6360734
0,3941758
-0,5840961
-0,2048481
0,8183616
-0,7318251
0,02584177
-0,8255863
-0,5887458
1,281143
-0,1326068
-0,7693927
-0,08606829
0,6010699
0,489257
1,313707
0,03959864
0,5074819
1,358519
0,1039304
0,02279425
0,2314253
-0,6489296
0,002089322
-0,01368767
0,08650082
-0,548802
0,006232381
0,7097227
1,515655
-0,2973303
0,8117146
0,08050394
0,3519301
-0,05124798
-0,2480132
-0,8981571
-1,454282
-0,8947909
-0,3214681
0,6535623
0,9012126
-0,1516843
0,3557614
0,05811924
0,406723
-0,2358616
0,3393438
-0,220111
-1,064265
-0,2230401
-1,498665
0,1963589
-0,6245421
-1,323799
1,111301
0,9569559
0,1569376
-0,2195455
-1,036001
2,236134
0,1766964
-0,1486604
-0,4336063
-1,382452
0,5780178
-0,06253523
0,2909932
0,2565194
0,1437554
0,1249522
-0,3324618
-0,2238892
0,5083079
0,8414271
0,6794779
0,4521308
1,467588
-0,9111159
-0,2751624
-0,1744283
-0,7570451
-0,1419078
0,7489231
-0,0690397
0,2859115
-0,8048038
-0,5594499
0,5299556
-0,2905145
0,07025653
0,5318323
0,2432272
-0,07036954
0,3276886
0,2859431
1,085956
-0,1010104
0,4756071
1,478858
-0,3624154
0,3720427
-0,457193
0,2356031
0,0244547
0,9929848
0,463943
1,058832
-0,04974583
-0,5607606
-0,2364445
0,7869717
0,6671898
0,0974143
0,08203232
-0,110261
-0,2975217
0,1355576
0,5056695
0,5691264
-0,2835061
0,82875
0,2050206
0,09670506
-0,2062974
0,07721856
0,3477696
0,9509723
-0,5944836
-0,07027441
0,5100964
0,2576877
0,01120774
-1,125928
-0,1092162
0,2808306
-0,1097609
-1,677084
-0,3307429
0,6587933
0,8687965
0,3003575
0,05319732
-0,06948924
-0,169833
0,1809691
0,4377607
0,3936164
-0,3028728
0,7087333
0,01276743
0,3117118
0,371762
0,1822091
0,6028174
-0,01093316
-0,4540141
-0,6160331
-0,3505382
0,5216563
0,2767642
-0,5125557
0,1910368
0,3633995
0,3981284
-0,2651388
-1,268157
0,2740964
0,3841381
0,1921664
0,8863091
-0,1448687
0,1100194
0,2717959
-0,6169865
-0,1701109
0,5160775
-0,7665535
-0,7150068
0,85231
-0,6438404
2,147087
-1,13284
0,8530146
-0,06291409
-0,00373669
-0,7107837
0,408005
-0,9244614
0,6028924
0,1774786
-0,8303626
-1,536759
-0,3714206
-0,5823191
-0,03105903
0,2565027
-0,8230767
-0,6228309
-0,7828269
-0,1727669
0,8429165
0,02215272
0,7489683
1,203723
0,4409589
-0,1761643
-0,1760386
-0,3148137
0,9014504
0,5369577
0,221553
-0,4418692
-0,4575217
0,6949819
0,4397495
0,1833894
-0,8677593
0,4225879
-0,07016303
-0,2714388
-0,03656167
-0,3371776
-0,1327348
0,7678466
-0,2000881
-1,644627
-0,3292412
-1,332926
-1,07795
0,1003458
-0,0149036
0,7488778
0,04955018
-0,5957845
-0,4505382
-0,07234222
-0,02967483
0,3825597
-0,208589
0,8173624
1,109781
-1,163332
-0,6375437
0,9853647
-0,6656315
-0,6397169
1,198321
0,6826564
-0,8857245
-0,5601191
0,3156587
0,7788063
-0,9175616
0,4413284
-0,2204725
-0,4047052
0,0562015
0,221309
-0,1290792
0,08808696
1,025572
-0,3816773
0,9357775
-0,203806
0,3866675
-0,5909057
0,5650978
0,7265149
0,610352
-0,1237783
-0,6784582
-0,9009473
1,518133
0,5961256
1,970772
-0,8025484
0,3487675
0,5808403
0,8128298
-0,2669508
0,08160037
1,318564
-0,1887879
0,7161502
-0,08544421
-0,4137405
0,9424906
-0,2974125
-0,853581
-0,6291234
0,2313669
0,2368857
0,01881175
0,6351973
0,622278
0,3733628
0,1326714
-0,4665467
0,3117691
-0,03371383
-0,002301753
1,041327
0,4534767
0,08735991
0,1982102
0,2273853
0,07879907
0,7308829
0,1331745
0,01154886
0,997489
-0,9061139
-0,3507414
-0,2446628
0,7359394
-0,02730405
-0,8825003
-0,1931389
1,982239
0,7888786
0,8923706
-0,1314757
0,3074884
0,5868731
-0,4232382
-0,2658115
-1,079795
0,8624994
-0,360795
-0,1327593
0,3298354
-0,8135775
0,9357535
0,06399643
-0,7294095
-0,4323048
-0,8982244
-0,2189847
-0,4000629
-0,56476
-0,4252697
-0,5712973
-0,5299817
0,5674517
0,5868709
0,2368496
-0,1446847
-0,07342066
0,003150821
0,1841698
-1,257099
0,0673089
0,1150992
1,219443
-0,7124844
-0,4084591
0,4614761
0,1164134
-0,3950481
-0,5633978
0,7924361
-1,253401
-0,2537276
1,510014
0,06014685
0,5201627
-0,2182672
0,2104543
-1,005954
-1,766425
0,06036156
0,341155
-0,9541506
-0,3205252
0,8043247
-0,2282025
-0,3609233
0,3282457
-0,2360008
-0,221029
-0,4347839
-0,569983
-0,553264
0,273371
0,4811546
-0,4031024
0,1385398
0,1310227
-0,2691588
-0,2192255
-0,08055109
0,06642818
-0,569401
0,2519797
-0,118972
0,2679089
-0,1974713
0,3457331
-0,2814858
-0,4842084
0,007151127
1,075004
0,8249052
-0,4243731
0,9520814
0,9723432
0,4489945
0,3534093
0,1429544
-0,1875364
0,1273413
-0,1756758
0,1448441
-0,2248275
0,3435325
0,4632623
0,5530884
0,1223583
-0,8934842
-0,1752263
0,7610236
-0,08608383
0,6180634
0,4963999
-1,187683
-0,3217807
-0,7338064
-0,4726266
0,7279561
0,6229404
0,09219462
0,1895189
-0,2711098
0,1631039
-0,3816677
-0,2421997
-0,7387546
-0,6055623
-0,7352855
0,3479022
-0,1452963
-0,3091561
-0,5670828
-0,05918618
0,8243135
0,7764632
-0,7121499
0,5138508
1,078752
0,1175869
0,2676581
0,68855
-0,4895453
0,2320812
0,1385572
-0,4273172
0,9018945
-0,09663135
0,4172666
0,1924989
0,4176714
-0,7381713
-0,1899853
-0,7124855
0,1742854
0,4912713
-0,7258529
0,721522
0,1441288
-0,2347822
-0,02000493
0,1094722
0,08936858
0,2946488
-0,07707609
0,145171
-0,5302969
0,8785031
-0,7547931
0,5070482
-1,038643
-0,7138298
-0,3803351
0,4694973
0,6097175
-0,225727
0,2850631
-0,02355254
-0,1988281
-0,2405183
0,898653
-0,2468993
0,0729668
-0,1617792
0,286154
-0,07402125
0,122512
-0,400063
-0,3385844
-0,4236338
-1,5521
1,641387
0,2451536
-1,527301
-0,157797
0,06340289
0,1125582
0,1726007
0,5714132
-0,7822309
-0,9990403
0,07117502
0,8308601
-0,4880979
0,4057506
0,8119099
0,5314023
0,03152061
-0,4600559
0,5353456
-0,53214
0,4100476
-0,4553639
0,169246
0,06195407
-0,2630531
1,015863
-0,3494132
-0,3257387
0,6889859
0,02131718
0,7303905
0,400597
-1,004642
0,05448586
0,7337023
0,102538
-0,1803686
-0,3376641
-0,9946229
0,3555712
-0,3185884
0,07434016
-0,6244176
1,055917
0,05386555
-0,164375
1,248628
1,005345
-0,5563269
0,5806581
0,1871534
-0,5632688
0,4577329
-0,5387811
0,4802191
0,3435283
-0,2835708
-0,7784571
0,08755057
-0,316212
0,8950741
-0,8944451
0,8563983
-0,1079525
0,367662
-0,5706602
-1,329631
-0,3234571
-0,1120421
-0,5310517
0,1881913
0,08010077
-0,370833
-2,121402
-0,3832872
-0,1827318
0,2001297
0,1157462
0,3454907
0,2528983
0,07551555
0,9023092
-0,3629472
-0,1913576
0,2793526
0,02666865
-0,329303
-0,07210135
-0,2013543
-1,054546
-0,3414947
0,6992856
-0,9337831
-0,1167845
-0,3120683
0,5494912
-0,594331
0,5874621
-0,3090058
0,5569969
-0,3339304
-0,4005163
-0,3703212
1,174722
-0,5736222
-0,6063506
0,009906873
-0,2324411
0,01278286
0,5836473
-1,036575
0,04473959
0,2939767
0,06849103
0,9096528
-0,07540482
-0,4231212
-0,05516356
-0,425335
0,03037962
0,5993229
0,2180548
-0,1706456
-0,5250031
-0,3630638
1,176234
0,2272561
0,3242772
0,7975854
0,7073517
-0,4989294
1,202724
0,2946028
-0,121989
-0,3321406
0,3890221
-0,5332971
-0,05457558
-0,505286
0,9983211
0,5206217
-1,355393
-0,6637844
-0,08454221
0,6836879
-0,3850535
0,3089851
-0,5074038
-1,387582
-0,1687835
0,1454766
1,099533
-1,412285
0,6895707
-0,2534761
-0,1409714
0,6734018
-0,9013852
0,5467197
0,1032332
0,2276177
0,07529819
-0,1736991
0,6833815
-1,140054
-0,446142
0,4658818
0,3818744
-1,608446
0,8618803
-0,9009648
0,6229059
0,1843606
0,680603
0,7074579
0,003918409
0,2430024
-0,7873968
-0,1412894
-1,308677
-0,4224657
0,5087649
0,8439901
0,1390901
-0,5669749
-0,2910101
-0,01743932
-0,3653118
-0,9773946
0,3399435
0,3012501
-0,383099
0,6799986
0,2790098
-0,2330325
0,3529416
-0,3728521
-0,2121317
-0,07545546
-0,3157533
0,635542
0,07648689
0,2733404
0,5398073
-0,8584976
-1,05125
0,6349241
-0,350648
0,4848861
0,3341677
-0,4476871
0,589926
-1,193995
-0,3120432
-0,5951726
-0,02182055
1,378146
-0,2408303
-0,3894169
0,1098604
-0,3680931
1,802049
-0,9251863
0,5902734
-0,3232324
-0,1382675
0,0901016
0,5095606
-0,2076258
-1,196906
-0,3963635
1,142377
-0,0861671
-0,3452621
-0,2400814
0,7759069
-0,4933994
0,8332387
0,5149814
0,630057
0,1715221
1,529777
0,04611981
-0,726395
0,2719892
-0,03030342
0,1444389
-0,3261681
0,4666518
-0,4703674
-0,2467451
-0,9190794
-0,2670911
1,552602
0,1466397
0,1669983
-0,8487901
1,06701
-1,270633
-0,3721691
-0,002215087
-0,08114028
-0,01121086
0,7261096
-0,3215821
0,4438213
0,3607856
-0,6485401
0,2161568
0,00611639
-0,6956682
0,5263465
-0,7448439
0,725068
-0,3592316
0,1246268
-0,146358
0,4935862
0,3574
-0,7229003
1,688588
-0,1997003
-0,3473305
-0,6649531
0,07887912
0,2010898
0,0430041
0,6741235
0,8147209
-0,8779012
0,404185
0,3686628
-0,616825
0,1763822
0,795015
-0,7840889
0,1574432
0,7697662
0,05555904
0,2321132
0,4871544
0,0771839
0,1083461
-0,0332337
0,7705938
0,9675667
-0,04126686
-1,747356
0,2238558
-0,3948302
-0,2212616
-0,715031
0,9970451
-0,1511715
0,6778773
-0,3028402
-0,3613409
0,3126285
0,1318574
-0,4039862
-0,1103129
0,6044812
0,104946
0,4522276
0,4212093
0,3213707
0,5629647
-0,762367
-0,778388
0,3332005
-0,280406
0,2520291
0,1501473
-0,2122524
-0,5430435
0,1610852
0,4386655
0,2849499
-0,007891119
-0,2221798
-0,3975568
-0,1871169
0,3000519
1,380596
0,1976741
0,09055595
0,2467651
0,8628473
-0,3889614
0,5104871
1,305609
-0,768408
0,9667042
0,2108799
0,8146734
0,973574
-0,5102474
0,403885
-0,09241283
-0,04972839
-0,6446751
0,344206
0,6531109
0,9066065
0,001940787
-0,8162425
0,7416509
0,4042751
0,2214239
-0,3081473
-1,187758
-0,08139646
0,8992424
-0,808381
1,10304
-0,4409026
0,1179171
-0,5198013
0,6586797
0,02307761
0,3404977
-1,487315
-0,7083703
0,439527
0,0965783
-0,07284915
-1,678016
-0,01214838
0,06971806
-0,6398814
-1,541127
-0,2110166
0,01361059
-0,3733146
0,3604409
-0,2785329
1,329795
-1,597956
-1,50964
-0,3069481
0,5298095
-0,5090209
-0,8357168
0,4885395
0,05094355
-0,1663733
-0,3128424
0,8638579
0,865397
-0,08196524
-0,6376684
0,4317192
-0,3473465
-0,9831886
-0,2410398
-0,3921315
-0,6475668
-0,449092
-0,7211851
-0,1701677
-0,1338941
0,004491806
0,5392935
0,00403069
-0,385684
-0,479531
1,170076
-0,3590695
-0,9283862
0,6256664
-0,1734538
0,5596715
-0,7398379
-0,07699871
-0,05186343
-0,9607358
0,1791861
0,2722636
0,9330866
-0,4074227
-0,9577216
0,5329521
-0,07835361
0,2756575
0,1883004
-0,2490683
-0,2406062
0,1035009
0,3354829
-0,568222
1,621752
-0,1042618
1,466471
-0,4142467
-0,3173906
-0,1552013
0,3082475
-0,7526543
0,7427669
0,487206
0,8135379
-0,5090881
0,6677608
0,4675338
0,3521417
0,9367146
-0,8087571
0,545473
0,1924646
0,7577552
-1,146339
-0,4407656
-0,416275
-0,232897
-0,1874338
-0,6942091
-0,1815408
1,182772
-0,3657271
0,5888552
-0,4678944
0,4238794
0,1919338
0,5994597
0,174423
0,7287514
-1,069167
0,07435322
-0,1311023
0,06187862
0,07577032
-0,03555204
-0,04218984
-0,3219818
0,6227446
0,4605377
0,4207227
0,07077277
0,3106499
-1,237694
0,09834337
-0,1671137
0,02429622
0,07476455
0,4265484
-0,5304652
-1,590222
-0,5735614
0,8622249
-0,06705244
0,8493883
0,4018317
-0,8401138
0,3677773
0,6653255
0,6621028
-0,4032658
-0,03441751
0,230566
-0,3764601
0,3760301
-0,06990588
-0,3352877
1,100809
0,4899296
-0,3079934
1,20911
0,697216
0,6867997
0,3089399
0,01092426
0,0397318
-0,438768
-0,2061756
0,8674269
0,8277509
-0,302232
0,8454739
0,18353
-1,291421
-0,3055798
0,2607509
-1,385938
-0,9774982
0,2281031
0,8740477
0,659058
-0,1487221
1,376272
-0,2035846
0,4128383
0,116264
0,6237188
-0,005116463
-0,9006131
-0,7966858
-0,7134326
-1,112753
0,3335692
-0,0383227
-0,6921437
-0,6092038
-0,2613517
-0,8144478
-0,5574869
0,3416125
0,3133238
0,4320416
0,08641487
-0,539346
-0,9485629
0,4382677
0,3265209
-0,1809268
0,01190774
-0,141758
-0,4869369
1,106451
0,5896001
-0,04140474
-1,51135
0,641516
-0,0681746
-0,3345463
-0,0513705
0,3293628
0,8388757
0,5008022
0,1393521
0,03488654
0,0820455
0,09182245
0,2764181
0,1012713
-0,05449153
-1,419741
-0,4520184
-0,3937985
0,03705215
-0,563199
0,2202237
0,1035993
-0,3364798
-0,1099059
0,6846108
0,2958033
0,04869734
-0,3032631
-0,859063
0,7750633
0,6626393
0,7386531
-0,5313506
-0,02486062
0,201504
0,04350978
0,2837961
-0,280653
-0,07427579
0,1714289
-0,3825372
0,8455122
-0,2873793
0,9222006
-0,8904849
0,5455118
0,5273823
-0,4550942
-0,7620652
0,2796918
0,3512816
-0,2769759
0,4642407
0,7820224
0,4852463
0,6070494
0,254397
-1,024826
0,1990648
0,3977791
-0,6142131
-0,5282971
-0,5042195
1,156888
-0,03480417
-0,2740427
-0,3504675
1,312658
0,3196235
-0,6111383
0,6090836
0,7049215
-0,437485
0,1750184
0,9434683
0,2095624
-1,316421
0,06083339
0,06889075
0,1356492
-0,9234895
0,1912215
1,152669
0,5669327
0,2431394
-1,173059
-0,01530468
-0,5741468
0,3603527
-0,3097795
0,4213545
-1,578405
-0,6457059
0,4235008
0,1403894
0,936543
0,5926538
0,3133767
-0,4062349
-0,05545354
0,4247438
0,318416
0,3743068
-0,4475645
0,4854388
0,2538247
-1,01925
0,5637107
-0,7753526
-1,785959
-0,007476926
0,2985915
0,2594672
0,008293986
-0,7926559
-0,3569124
-0,5019938
0,04940891
-1,137558
0,8435604
-0,840221
-0,3426308
-0,2943966
-0,02927268
0,8329476
0,3182188
0,3586943
0,5646318
-0,1890144
-0,05368853
0,08677983
0,1958083
0,8410565
0,5209677
0,32889
0,4131265
-0,748016
-0,4713914
0,7776014
0,4524873
-0,6160473
-0,9267175
0,1894435
0,8910868
0,5837142
0,3709077
-0,09479505
-0,07797867
0,7613276
-0,2314087
0,03120308
0,2156279
-1,03418
0,5826352
-0,066208
-0,04806653
0,717863
-0,6155565
-0,2363163
-0,1433401
-0,3483097
0,5637556
0,6526096
0,09746033
0,9893166
-0,2628076
-0,3816788
-0,05327183
-0,1298803
0,5414208
0,1287094
0,4625244
-0,8231975
-0,4069118
0,6287274
0,2479637
-0,6489581
0,3400182
0,4274363
0,6422423
0,0401715
-0,7392147
0,2004269
-0,6351089
0,2048821
0,7200983
0,4169659
-0,3770746
0,06106369
0,03652942
1,000504
-0,1430984
0,6535128
0,07161236
0,01148707
0,2014088
0,5826689
-0,2301884
0,3281824
-0,7135279
-0,3019248
0,542692
0,8247085
-0,609165
1,101968
-0,2321297
-0,3529437
0,4113228
-0,1043167
-0,2347983
-0,20219
-0,4475539
-0,6010873
-0,8308481
1,497406
0,3431236
0,6695468
0,8539579
-0,6355637
0,2717195
0,6320168
-0,2614447
0,1033123
0,4120719
-0,4272593
0,4958341
-1,155695
-0,6047071
0,8419414
0,6754905
0,1022842
-0,4117633
0,2192855
-1,058181
0,2182696
0,4816617
0,3949679
-0,3085301
0,6976137
-0,7479272
0,3434221
1,566917
0,05341399
-0,9537721
-0,8575043
1,219176
-0,03792065
-0,2867747
-0,2661741
-0,9678361
0,1097928
0,3322002
-0,36216
0,4906703
-0,1769653
0,4504697
-0,3309936
0,1530666
0,8464761
-0,2696489
-0,03715622
0,5094266
-0,2145791
0,4029976
-0,7951247
0,6273813
0,4052798
0,4012111
-0,2795496
-0,4287781
0,09277807
-0,8349667
-0,5192132
0,4939454
-0,02745791
0,682398
-0,6989973
-0,6312674
-0,1504282
0,08021626
-0,1048749
0,126704
0,2654296
0,1914737
-1,004878
0,5466985
-0,4781705
0,7072937
-0,7832449
0,6559385
0,8402513
-0,09858054
-0,3539264
-0,2339752
-0,1502789
0,6278075
-0,008023381
-0,6150263
-0,9777164
1,273643
0,2627079
-0,1752826
0,994869
-0,5570208
0,3502889
-0,3711771
-0,3293283
0,826037
-0,368827
-1,584229
0,8896755
0,1643242
-0,2018072
0,6448498
0,2026552
0,2707099
-0,1814663
-0,2404394
0,2279016
-0,2201586
0,6927611
-0,2679896
0,366184
-0,1115207
1,399059
-0,7589437
0,2002635
0,4128762
0,8961123
0,1426481
0,3763903
-0,19392
0,2816359
-0,3957183
-0,06919235
-1,265634
-0,2984272
0,4714801
-0,5617664
1,127713
0,9193401
-0,3559719
-0,3089368
-0,3435163
0,2322894
-0,04140061
0,4490306
0,07656229
-1,150737
0,3598785
0,5129402
-0,07346447
0,1743275
0,686701
-0,4666827
0,5849439
0,2453347
0,2432547
0,2871068
-0,5879492
0,3687546
1,184569
0,5722515
0,8017471
0,8114246
-0,4640291
-0,9155489
-0,3466874
-0,4105256
-0,439891
-0,1299065
-0,1706544
-0,330419
1,3412
0,2323366
0,7355772
-0,1611643
-0,05829448
0,000418365
-0,3569869
-0,6154125
-0,7502451
-0,2747154
0,4237811
0,6121011
0,4150673
-0,398613
-0,3050243
-0,1089996
1,010683
-0,02270699
0,4784155
-0,7720318
-0,1153218
0,1408809
0,06365776
-0,7459105
1,177907
0,9566404
-0,007257521
0,1053979
-0,5182421
0,2310758
-0,9260116
-0,5355192
0,3893339
-0,2561909
-0,3429863
-0,1458352
0,04669516
0,05713873
0,324863
-0,0818609
-1,061343
0,4494987
0,09565978
1,127823
0,7278752
0,01434201
-0,2723407
-0,4607574
-0,6924896
0,3955832
0,11702
0,3547148
0,8830571
0,1076792
0,6721929
0,172923
0,1938308
-0,2485622
0,4411399
0,4736645
0,2647794
0,09444487
-0,6446661
0,8469125
-1,239055
0,2591167
0,2892165
-0,09091038
-0,2426873
0,3888897
-1,207376
-1,547788
0,6394437
-0,7402915
0,5803391
0,7138597
0,06132732
0,1803589
0,4941476
0,1779354
-0,1988169
0,1272839
0,07286642
-0,3473334
0,9639894
0,7350643
-0,3315122
-0,395715
0,1894221
0,6552347
0,01110148
0,2983935
0,2762179
1,01667
0,5613078
-0,4984681
0,09146941
0,09431291
0,3193222
-0,008836031
0,3180464
0,4015244
-0,7574666
0,4938083
0,341774
0,1257256
-0,5827686
-0,1232956
0,4578158
-0,4792159
-0,6094511
-0,4737641
0,562565
0,453787
-0,1932443
-0,07120895
0,07005292
-0,09262735
-0,2412678
0,2978503
-0,5881247
0,2796623
0,7348279
0,8916574
-0,07954843
-0,04596537
-0,09451419
0,1660729
0,1273156
-0,4677033
-0,3429987
1,206841
-0,4839578
-0,1100857
-0,3765326
1,362221
-0,4741375
-0,3677501
0,2435072
-0,2972663
-0,7544666
0,553211
0,7189896
0,3991153
-0,6705993
0,9626587
-1,36887
0,007222801
-0,1373476
-0,006246328
0,1678308
0,4028002
0,9621248
-0,620032
0,8401604
-0,3548574
-0,2059222
-0,8965452
-1,192573
0,09300165
-0,6424641
-0,1804967
-0,007770449
-0,1395462
0,4171074
0,8495657
0,2415144
-0,3987315
-0,4327716
-0,6412216
-0,4709506
0,9939473
0,01047686
-0,5634772
-0,692487
-0,1608396
-0,6493852
-0,4578636
0,4352268
0,3153322
-0,06805122
0,1739556
-1,057676
0,04011863
-0,1910248
0,5780058
0,04200166
0,4869658
0,4700115
0,6765999
-0,008350939
0,359316
0,6113542
-0,4280758
1,45649
-0,4968265
0,4331294
-0,1232616
0,09479254
0,5099247
-0,5658732
0,6149731
0,5545126
-0,5733415
1,127847
-0,6839402
0,9395937
-0,5941342
0,350939
-0,8567131
0,7173137
-0,4708137
-0,4936408
1,116033
0,3743469
-0,3026563
0,1300633
-0,4910997
-0,2930945
-0,1152804
-0,1338407
0,1991575
-0,1844873
0,413273
-0,354567
-1,178121
0,537253
-1,154008
-0,9659608
-0,01136869
0,6233027
0,3677805
1,347646
0,6250373
1,092095
-0,3042041
-0,6332581
0,216271
0,03350532
-0,2981333
-0,4418344
0,5639467
0,2292933
-0,4655147
-0,4146326
0,4130501
-0,05970132
-1,41687
-1,349423
-1,021306
0,6055523
-0,5911432
0,2778248
0,5813874
0,8197063
0,393456
0,2441997
0,5242502
-0,2527204
0,3149867
0,4785762
0,1335866
0,2629302
0,4323123
0,7881103
0,3909413
0,0799917
1,256006
-0,1939234
-0,06808925
0,5998082
0,1714889
-0,3406866
1,103495
0,3427128
0,4639837
-0,4692432
0,8102876
0,3068174
-0,1111507
-0,1744756
-0,009355187
-0,3427569
-0,05147827
1,067596
0,266938
-1,225016
0,1958885
1,01361
0,07687163
0,754778
-0,5745652
0,1638505
-0,332384
-0,269267
0,4749621
0,7815365
0,3973064
0,1939382
0,1303949
0,1756338
-0,3682334
0,2778382
-0,6771713
0,07200271
0,5103167
-0,03421998
-1,081893
-0,214154
-1,004691
0,1399533
0,09096836
-0,8157843
1,429505
-0,5965452
-1,278524
0,3039051
0,2226057
-0,5762008
0,5951211
0,8149543
0,2530215
0,1163535
-0,03321287
0,7932943
-0,1265704
-0,711012
-1,418603
-2,690886
-0,4455086
0,5967146
-0,8261186
-0,5639819
0,7091874
-0,3737202
-0,1031274
0,6656082
-0,2147086
0,5232121
1,350998
-0,5441861
0,3280972
-0,2694937
0,8906947
0,1287312
-0,8737905
-0,1482402
-0,62935
1,365778
0,7114622
-2,082216
0,1347878
-0,3316159
-0,08513874
0,4974349
0,4850719
0,2819665
-0,5990824
1,122441
-0,6377777
0,2933662
-0,3213946
-0,4941791
0,4941424
1,738685
-1,03143
-0,05347288
-0,2440915
-0,2226471
-0,1754998
0,5018573
-0,3733705
-0,7347862
0,3907361
-0,1515096
0,4920558
-0,2267168
0,2711315
-0,09342408
0,1591636
0,0351641
-0,1594283
-1,39098
-0,495418
-0,8001517
-0,04457855
0,5112377
0,888088
0,9106398
-0,3500221
-0,3803232
0,1873069
0,542381
-0,7148402
-0,4436856
0,3056951
-0,1901998
-0,5677159
-0,4583777
0,4253823
-0,8941267
0,4523391
0,6130334
0,6287346
1,374553
-1,266849
-1,548842
-0,162928
-0,2223925
0,361383
-0,3979242
0,1366445
0,3984265
-1,448175
-0,4139103
0,620778
-0,2575859
-0,4349017
0,7074761
0,9576342
0,7746621
0,3150828
0,1502023
-1,127098
-0,4347773
0,08187316
-0,8043731
-0,03864413
0,7201999
-1,022532
-0,8537138
-0,8103853
-0,4601315
0,3763311
-0,4491597
-0,3052906
0,01570463
0,4683484
0,3728858
-0,201367
0,2999436
0,6372811
0,462027
-0,06412621
-0,3645446
-0,7375533
-0,1451945
0,489467
0,4866319
1,094748
0,1549374
-0,214292
-0,9881392
0,4638515
-0,4314126
1,657956
-0,4536332
1,298656
0,9827595
0,7906314
-0,4920259
0,1935835
-0,09008682
-0,4817361
0,132197
-0,9823566
0,07178263
-0,4284409
0,1759928
-0,60313
0,04524958
-0,2203842
-0,3738126
0,4873699
-0,7821149
-0,2355968
-0,03819592
1,158935
0,09604612
-0,4016657
0,5261511
-0,7092574
0,3593065
0,4843532
-0,9022947
-0,1073361
0,9058063
0,05613244
0,4807106
0,2903485
-0,02866626
0,2917408
0,1798294
-1,224268
-0,1102376
-0,0823952
0,4746827
0,1144269
0,3293279
0,8759381
0,4937132
1,287828
1,810764
0,476078
-0,1924759
-0,2262539
-0,3637186
0,3507755
-0,1581531
0,3933746
0,5874922
0,2064382
-0,6331866
-0,632001
-0,285045
0,3683958
0,09667367
0,292379
0,7490072
-0,2754502
0,1949193
0,6652134
0,0353114
0,512601
-0,04605217
-0,5775698
0,6030797
0,07098991
-0,4970129
0,6449684
0,2042273
0,6541192
-1,377542
-0,2864032
0,4016952
-0,4278942
0,3337754
1,471375
-0,1855503
0,04306328
0,0873279
0,3451355
0,208682
-0,2013357
-0,410709
0,2894402
0,7450337
0,6489831
0,02220452
0,1778048
-1,614943
0,2702571
0,02487695
-0,08754313
0,3273866
-0,1785364
0,3831733
-0,4070227
-0,8021244
-0,4655223
0,03770888
0,450593
-0,3061572
0,04306027
0,6996386
-0,603128
-0,1850406
-0,06049873
-0,5423971
0,22704
-1,716708
0,1156958
-0,3525217
-0,4497198
-1,150497
1,395164
-1,5484
0,09546225
-0,1823382
0,6844037
-0,7381955
0,1350741
0,515397
0,54616
-0,600505
0,2797923
1,216148
-0,9360296
-0,923938
-1,29795
-1,292545
0,3228898
1,277136
-0,3022066
0,5648592
-0,3403388
0,410178
-0,1020986
-0,8394711
0,3739972
-0,02905172
-0,1987266
-0,848846
0,2474618
-0,9112718
0,7305552
0,4019637
0,096838
-0,8259637
0,3397063
-0,007348001
1,190157
0,6843644
-0,0472945
-0,05018765
0,5572188
0,992632
0,2280256
0,4987633
0,4737107
-0,4083787
0,1069423
0,6709348
0,7189996
-1,077143
-0,0493691
-0,7648748
-1,019052
0,2997497
0,08984195
-0,2180004
0,5714516
0,9525143
0,09900147
0,003754616
0,4671296
0,3952423
-0,3669161
0,2625041
0,2779164
-0,2584655
-0,7755125
1,080373
0,1177219
-0,02254778
1,044098
-0,8556733
0,5476796
-0,8563651
0,09030311
0,1355962
0,2529059
0,04467046
-0,6431366
-0,7085451
0,9082097
-0,7911937
-0,602295
-0,6054769
0,3743731
0,8702375
-0,6184026
0,7409675
0,6011305
0,4152613
0,6733328
-0,07235682
0,1792343
0,4198888
0,1055593
-0,142275
-0,4104044
0,503726
0,07455653
0,06374888
0,3653005
0,4020443
0,7352518
-0,3198749
-1,044491
0,06538317
0,1637014
0,5175812
0,7023659
-0,2940121
-0,9836513
-1,105507
0,1332038
0,04541069
0,221117
0,346267
-0,5958645
0,7182851
-0,2318925
-1,764456
-0,001122952
-0,1469679
0,6221523
0,1370204
0,3972251
0,1186527
1,136489
-0,8887825
-0,3131123
0,1011919
0,8320018
-0,5086741
0,5673419
0,9243022
0,5448866
0,3755674
-0,01049323
0,08459608
-0,8816764
0,07607073
0,09379542
0,4378121
0,4239159
0,7029607
0,1583555
-0,5397292
0,1981187
-0,07595128
-0,2091741
-0,4158073
0,8644314
-0,01932138
0,03478688
0,1002759
0,9485584
0,2152563
1,222921
-0,138208
0,9119405
0,006161034
0,4915126
1,318311
0,4068656
-0,1498826
-0,270521
0,08837652
1,024083
-0,7869649
1,203183
1,195132
0,4854012
0,315257
0,3089853
0,01965106
0,5287728
0,6761327
0,5694253
-0,2971976
-0,6908902
-1,619875
0,8874097
0,1210387
0,4614403
0,3070588
-0,185193
0,3049011
-0,6094372
0,7784454
0,3054697
-0,07146879
-0,1831048
1,206747
-0,1292529
-0,07025182
0,4223166
0,6244476
0,6530597
0,774522
0,3361551
0,1434312
-1,026994
0,6417041
0,3519599
-0,5846593
0,9591013
0,3813196
0,8382315
-0,4628061
-0,6098552
0,5649348
-0,0674016
0,2567172
-0,1046823
-0,4036459
-0,3724881
0,3273597
-0,3810509
0,3711708
-0,3249302
-0,5385816
-0,3164381
-0,3305072
0,3010254
0,474077
-0,1829161
-0,2245891
-0,7191527
0,256538
-0,2228689
-0,1591361
1,00628
0,9643182
-1,376538
0,7563573
0,1376052
-0,6619824
-0,03405339
0,009688318
0,2935475
-0,2208279
0,008222461
-0,2641522
0,1508906
-0,6879371
0,3736325
0,7871646
0,7538632
0,4597372
0,0090767
-0,017259
1,462294
-0,1389191
0,05192703
0,6262396
0,1856991
0,7171261
0,7669442
-0,6577832
0,8223749
-0,2854632
0,3021088
-0,5592038
-0,5174439
-1,181411
0,06798565
-0,3121056
-0,5298505
-0,5888323
-0,5294861
0,3962286
-0,7759875
1,687074
-0,1955825
-0,7957931
-0,1315805
0,2678819
0,09993944
-0,5940562
0,9101404
-0,9183239
0,6883352
0,2309763
0,1459935
0,8283631
0,09615974
0,3956515
-0,1395392
-1,506427
0,3645679
-0,0284335
-0,6239412
0,4476339
0,4772335
0,5943122
-0,07302518
0,3361835
-0,2732276
-0,07701899
-0,5231451
-0,3496283
0,1281306
-1,152866
0,2359514
-0,2815694
-0,1559103
-1,354893
0,03748149
-0,4198838
0,2666799
-0,09765333
-0,8973486
0,007254124
-0,436371
-0,3744636
-0,1540208
-0,9316346
0,5701639
0,03756225
-0,2377718
-0,2885603
-0,1506488
-0,3417017
-0,5106598
-0,6117076
0,1721875
0,5180503
-0,0821389
0,004573762
0,3838699
0,02228993
-0,8995836
0,1220952
0,685169
0,9733973
-1,357101
-0,1215999
-0,4426701
0,8297039
-0,4419456
0,5551385
0,7454123
0,1969528
0,7259382
0,4104047
0,747051
1,240536
0,1654724
-0,7902884
-0,2287186
0,2651913
0,05370259
-0,1552167
-0,3236756
0,5015976
-0,1366486
-0,2152774
-0,2118484
0,3725988
-0,3592162
-0,647905
0,3936513
0,2879742
-0,1599427
-0,05282009
0,106502
0,01898937
-0,6375111
0,8434945
-0,3248212
-0,8970402
-0,6511961
-0,208248
0,2782338
-0,9038587
0,5737961
0,2782726
-0,6571658
0,4346729
-0,2336483
-0,6154201
0,2662592
-0,07576758
-0,2433041
-1,024513
0,1519889
-0,1054212
-0,3447265
0,1869833
0,3185952
0,04390258
0,5356399
0,1767662
-0,8780726
1,251915
0,1642383
0,8365796
-0,4220325
-0,3257831
-0,1059424
-0,2047247
0,4069799
-1,02687
0,9206012
0,1833012
1,259448
-0,9187858
0,8609383
-0,2034524
-0,2014429
-0,2930323
0,09870005
0,5633473
1,123579
-0,02726209
0,3993225
0,09261619
-0,4046759
-0,1101804
0,3319408
0,05400229
-0,4338989
0,7276153
-1,049705
0,477699
-0,0221169
0,5250683
-0,2755889
-0,2713283
0,07272814
0,4915593
0,5416464
0,6382819
-0,3707371
-0,4315908
0,1433074
-0,3377218
-0,1795114
0,8190308
0,6116685
0,4267086
-0,4780499
-0,2489296
-0,3327564
-1,03911
-1,229922
-0,3772902
0,1771289
-0,8422808
0,3185066
-0,0559857
0,117818
-0,6748548
0,04384118
0,6846521
0,7488903
-0,2031194
-0,4565978
-0,5896888
1,204027
-0,1880339
-0,01592584
-0,5304042
0,936107
0,2421866
0,3242055
0,06608057
-0,1680599
1,217435
0,3014699
-0,1931841
-0,6288645
0,1178689
0,5943905
-0,07004303
0,9453632
-0,6306949
-0,1663726
-1,100862
-0,2978203
-0,3125743
0,1415014
1,067787
-0,4890496
1,125522
-0,0268624
-0,6401858
0,6329959
0,5153527
-0,03617126
0,08602959
-0,4081994
-0,01504385
0,5475965
0,2027924
1,070699
0,9249142
0,853411
-0,8325425
-0,7002558
0,4886751
0,3570062
-1,199477
-0,1546671
-0,4503663
0,1212774
-1,297664
0,1097815
-0,1734068
-0,6560438
1,250558
0,07925236
-0,3214383
-1,082703
0,1893477
0,9260589
0,05985218
0,827682
-0,4476856
-1,244113
-0,5076892
1,137348
-0,1856322
-0,6405967
-0,7617773
-0,5770656
-0,6203532
-0,1759445
-1,065901
-1,427199
0,6335293
0,8157457
0,334199
-0,5029116
0,2263991
0,326826
1,18867
-0,7614676
0,6777341
-0,5840325
0,5149906
-0,2430288
-1,468725
0,1309615
0,2255632
0,3745428
0,6627499
-0,5936523
0,7463135
-0,8183398
-0,7306761
-0,3299183
0,7361608
1,056043
-0,4133289
0,4067383
0,366403
-1,30515
-0,7093191
-0,6394932
0,4524626
0,8523622
0,04080623
-1,583031
0,005214736
0,9477484
-0,9292388
0,2814238
-0,08832891
0,2013867
0,2962185
-0,476662
0,157609
-0,3547489
0,6754016
0,665457
0,8842747
-0,4904729
0,7210246
0,1229526
0,3727732
-0,9714581
-0,117357
0,2778949
-1,053689
-0,2573572
-0,1568547
0,88504
0,01962507
0,7770566
-0,4710582
0,6182587
0,6258888
-0,08821535
-0,2045017
0,5569075
0,04605234
-0,07495077
-0,2892717
0,5143669
0,5767153
0,1830984
-0,2978194
0,1880524
0,5624542
-0,622009
0,9339327
-0,5814822
-0,4120648
0,07138091
-0,2182416
0,9184718
0,1180705
-0,0103524
0,2861378
-1,27451
0,5370159
-0,5803231
0,001989841
-0,6144968
0,5492824
-0,8548065
-0,01447493
-0,02677704
0,0958491
-0,3978013
0,3855019
-1,261602
-0,08587523
0,6715665
-1,274754
-0,297002
0,1103259
0,7560992
0,1772614
0,08264327
-0,1097501
-0,08230937
-0,5344198
-0,2863783
0,8812453
-0,1031001
-0,05598217
-0,4257655
0,5345538
0,2548165
0,7902721
0,6197638
0,254562
-1,0578
1,02473
0,58263
0,1771126
-0,1673116
0,6459023
0,2189863
-0,0174765
0,491111
-0,5020545
-0,4343495
-0,4977619
0,4657392
-0,1665536
-1,433749
-0,842159
-0,04433346
-0,4462625
-0,1053053
0,4786865
-0,4783403
0,07706022
0,7857173
-0,09481543
0,3419061
-1,011529
0,4397328
0,5219644
0,428612
-0,105863
0,2331079
0,5533359
-0,4382574
-0,5796888
0,3436931
-0,4229361
-0,376803
-0,4695007
0,1822899
0,5083965
-0,2566342
1,200986
0,2178703
0,4059007
0,3591216
0,2195347
-0,1790169
-0,7066951
-0,9797229
-0,7543047
-0,515834
-0,2789021
0,003149271
-0,165204
0,7636234
0,6483158
-0,08391082
0,1389869
-1,045048
0,5827154
0,5808362
-1,182004
1,029732
0,2805262
0,1762765
-0,04310566
0,4271792
0,3292432
0,1372716
-1,03049
-0,5226647
0,3351687
0,1170948
-0,09864038
0,9870492
-0,2711257
0,03829592
-0,3498911
-1,353503
0,110253
0,9259575
-0,2423129
-0,2708532
0,2952241
-1,09784
0,290536
-0,4350292
1,025769
-1,12772
-0,1898473
0,2330179
0,316375
-0,4941654
-0,6610735
-0,2139816
-0,4836338
-0,31995
-0,0822435
-0,3665504
-0,3427577
0,6229522
0,1143212
-0,03969836
0,3862045
0,6222142
-0,05582201
-0,9044584
0,2206756
-0,2078428
0,2253953
-0,5617963
0,4968034
1,12735
0,7898372
-0,04908454
-0,5151969
0,7394084
0,5372823
-1,215186
0,2872079
-0,07714006
-0,7914181
-1,008606
0,1311587
0,5235639
-0,08916664
-0,02809525
0,2586217
0,1575524
-0,03280002
-0,6981106
-0,5531502
0,08553088
0,03503114
-0,5812967
-0,6422572
-0,7802296
0,03547034
0,8502307
0,09459955
0,2419091
-0,6743776
-0,5003739
0,3533578
0,1528312
0,2006732
-0,3681399
-0,05969977
0,1921397
0,2579728
-0,7170027
-0,7364414
-0,419252
0,2737825
0,2143191
0,2535249
0,1376228
0,08179867
-0,08137184
1,199439
1,191127
-0,8489891
-0,4281874
1,215337
-0,03775467
0,6175989
-0,497981
-0,4756604
0,3562382
0,2257143
0,2888071
1,043605
0,7343867
-0,9539891
-0,5101292
-0,4424558
0,3379938
1,011447
-0,7892723
0,9512426
0,07153553
0,02704637
-0,2069037
-0,02674794
0,641639
0,9290702
-0,07145798
-0,4305078
0,4161099
0,377389
0,4372879
-0,7189772
-0,531714
-0,1070494
0,3370674
-0,0236851
0,6838026
0,3086615
0,1757135
-0,2712368
0,5816048
-1,252108
0,005647838
-0,2046545
1,307652
-0,1305141
-0,2134371
1,203378
0,1585799
0,1993383
-0,3217144
0,2653223
0,4829616
-0,2039967
-0,8837758
-0,5658514
-0,1066617
-0,1835721
-0,8563678
0,9811202
-0,06893343
-0,1010158
-0,4169704
-1,143396
-0,4175051
1,256895
0,5839348
-0,7289222
-1,071443
1,119737
0,04468408
-0,7184794
-0,1688582
0,09785372
0,7442854
1,092711
-0,351529
-0,3489379
-0,06246014
-0,8447365
-0,2952238
0,05179803
0,01469749
1,84484
0,4392902
-0,249529
-0,8227533
-0,05691214
1,179229
-1,271927
-0,2988587
-0,3032327
0,4914916
1,059314
0,006535172
0,4288032
-1,284685
0,5495475
-0,01449496
-0,7384237
0,1275938
-0,0280087
-0,0240432
-0,273812
-0,1689544
-0,3170468
-0,4216495
1,027176
0,05067846
-0,09981759
-0,492433
0,6999295
-0,5515788
-0,6215755
-0,607819
-0,2403374
-0,1735861
0,8609963
-0,007974505
0,1919491
0,06787634
0,5031492
1,058911
-0,2458332
-0,4658818
-0,185541
0,2451857
1,042292
0,4864944
0,1242063
-0,4438657
0,6184331
-0,6078245
-0,1024543
0,863448
-0,5319062
0,4363914
0,1445897
0,3778347
-0,03682536
0,1607227
-0,3715559
0,1043009
0,6102141
0,2326461
-0,05308849
0,5241967
-0,9619057
-0,9687281
-0,1790693
1,603684
-0,3932447
-0,7077975
-0,1440431
0,3891845
0,4585342
0,2284899
-0,8236915
0,4572214
-0,4903638
-0,3850862
-1,234059
1,547739
-0,05934685
0,2388772
0,07183306
1,093209
-0,9266569
-0,1322613
0,0942567
-0,319729
-0,4738721
0,8425921
0,1412381
-0,09824014
-0,189803
-0,2984695
0,04214381
0,382096
0,5585098
-0,8487307
-0,3779635
0,0995553
0,08565269
-1,272993
0,3401515
0,4934387
1,323807
0,1263378
-0,2174307
-0,1471649
0,06785229
0,1993243
-0,2083197
0,8371928
-0,4806671
-0,5229665
-0,007613435
0,2023791
0,5259314
-0,4008952
-0,543325
-0,2834544
0,6506742
0,4254128
0,6610126
0,08691703
-0,7757725
-0,4450428
0,5525697
0,07168204
-0,04706568
1,175064
-1,119465
-1,289882
-0,1234147
0,1749092
0,1899941
0,168138
1,023254
-0,00637275
0,9127246
0,2106102
-0,550469
0,4277752
0,3218566
0,0586744
0,3095599
0,179714
0,2078157
-0,5732854
-0,4583753
-0,2907007
0,1163174
0,3554347
-0,3079628
0,4123831
1,06311
0,2649864
-1,198946
0,05424032
0,1327707
0,3543445
0,07269755
0,8792754
-0,72868
0,6346923
1,160798
0,7911423
-0,3169799
-1,243944
-0,6550447
1,203716
-0,1905724
0,3097079
-0,06961882
0,7089241
-0,02408469
-0,03764856
-0,6624553
-0,04981589
-0,2147692
0,2119243
0,02908808
0,3437009
-0,04037341
0,1683582
0,2403235
0,9191613
0,4233381
-0,2341948
0,03712788
0,7920165
0,08649331
-0,08005619
-0,98999
0,5424398
0,1179803
-0,4153651
-0,162617
0,2844659
0,1116835
-0,2650101
-0,4846285
-0,1951304
0,02210359
-0,9893773
-0,9836029
0,9173939
0,4539772
-0,8081639
0,5541974
