-0,2316082
-0,2071018
1,028913
0,01586501
-0,4282677
0,1648957
0,1033062
-0,2931241
-0,2627739
0,2051505
-0,1330501
-0,0613305
0,4528309
-0,1279509
-0,3144623
-0,1865456
0,008753419
0,470403
0,8255829
0,1083012
0,1048775
0,3000224
0,3935474
0,313332
-0,4434032
-0,3329689
0,3418967
-0,4975298
-0,7026619
0,07087028
0,350019
0,411391
-0,142679
-0,5510479
-0,1933892
-0,3725208
-0,2286861
0,2548114
-0,09106994
-0,6088519
-0,7733352
-0,5470307
-0,6821999
-0,2095081
0,4183372
0,4095984
-0,06134599
-0,2543046
-0,5050278
0,2149902
-0,2514727
-0,4395334
0,1582829
0,07081646
-0,602092
-0,4573957
-0,9209018
0,07344478
-0,1635072
-0,3229328
-0,008749902
0,3292568
-0,07762849
-0,06188631
0,1649335
-0,1134416
-0,5939201
0,5540866
-0,2247449
0,348799
-0,1235534
-0,4382389
0,01246881
-0,5007818
-0,4096536
-0,04562205
-0,1220331
-0,2497337
-0,08910054
0,1380429
-0,5452192
-0,1626121
-0,5396146
0,4771242
-0,5261951
-0,3075641
0,1964779
0,2531298
0,3103547
-0,5654653
0,2703632
0,1806979
0,03584127
0,4279149
0,4292893
0,1829056
0,2170528
0,8374941
0,4130974
0,4874727
0,2758626
0,3025758
-0,7061387
0,01999295
1,094552
-0,1994107
0,3712938
-0,7828937
-0,1741073
0,4253557
0,5238574
-1,007584
0,4118276
0,009193778
-0,2895033
0,1959218
-0,2972522
0,4739404
0,003011286
-0,173384
0,01232821
0,02503306
0,192007
0,1198062
-0,3659649
0,01955509
0,3623593
0,07165366
0,07080442
-0,03594269
-0,1045354
-0,09754187
-0,685289
0,1175542
-0,03464991
0,2751929
-0,08686239
0,3370168
0,09898299
-0,6893084
-0,04355764
-0,2826815
0,2979205
0,2684354
-0,6913468
-0,3883473
0,2765409
0,5786306
-0,05205309
-0,5645348
0,1542383
-0,4319705
-0,3350502
0,4923308
-0,4511673
-0,2911935
0,1466349
0,2930354
-0,2523788
-0,7013785
0,8447921
-0,3803606
-0,6975183
-0,02991688
0,1134672
-0,4099692
0,396949
-0,003206089
-0,5761857
-0,4730726
-0,6615642
0,3640661
0,4466279
0,3636145
0,01167113
-0,6201477
-0,008839488
-0,05983037
0,1492791
0,3535418
-0,06226116
-0,2257612
0,626563
-0,02702236
0,8159453
0,5635842
-0,06298828
0,06302208
0,4298782
0,1667575
-0,3335898
-0,4571741
-0,678332
-0,3819156
0,156801
-0,1944979
0,1665022
0,1332535
-0,4500883
0,1064545
-0,1457481
-0,6485412
-0,3305659
0,3178933
-0,4447608
0,04018009
0,117538
1,299856
-0,3344463
0,3464929
0,1423623
-0,347845
-0,04223692
-0,3539988
-0,5861958
-0,6090472
-0,3688744
0,5258524
0,1579447
-0,008632019
-0,5093867
0,07035285
0,5009249
-0,2593788
-0,1839435
-0,233866
0,2587647
-0,3029948
0,3255011
0,3691444
-0,8312843
-0,9352904
-0,5125563
-0,09981209
1,229337
-0,6703117
0,2740464
0,6576914
-0,4281505
-0,4891528
0,1448554
-0,2812368
0,0878033
0,3616209
0,8910697
-0,1913196
-0,4604685
-0,7147366
0,1087267
-0,3381192
0,2048419
-0,1266361
0,1231925
0,1248476
0,02286309
0,1136588
-0,1244756
0,5273129
-0,4955541
0,3278953
0,2841101
0,1446196
-0,3769817
0,5534577
0,03607261
0,4355673
0,9456317
0,3721619
-0,101059
0,4288241
-0,002521098
0,09046398
0,07082987
-0,100086
0,1481616
-0,004468977
0,5756684
-0,06021667
-0,1087319
-0,0158183
1,539124
1,08233
0,4117039
0,01112688
0,1195341
-0,2240679
0,267257
0,5788605
0,1078503
-0,7372656
0,04323167
-0,4780424
-0,4409523
-0,04324394
0,7704352
-0,00275749
0,499056
-0,4178678
-0,484405
-0,4861059
-0,6458173
-0,2119344
0,02390796
0,6231592
-0,06777966
0,1627151
0,04880148
-0,3526642
-1,107975
0,8001292
0,1581021
0,1444124
-0,2362872
0,4477015
0,3041452
-0,4252865
-0,2314017
0,05905527
-0,6454363
-0,1152446
-0,01018715
0,09937948
0,4642314
0,2659002
0,7475869
0,440429
0,2422734
-0,3817414
-0,7105521
-0,3031737
0,3891861
0,4395612
0,5009381
-0,5719361
-0,4424963
0,8448281
0,2785107
0,35602
-0,4047583
0,285935
-0,4988392
-0,04990298
0,4503859
-0,4618949
0,1668017
-0,8711234
0,2686258
-0,1192684
-0,8857684
0,2616585
0,1756648
-0,01409978
-0,2622924
0,243755
0,8090031
0,06174497
-0,6016906
-0,1325282
0,2887635
-0,5588402
-0,09092915
-0,4334757
-0,2004247
0,3408738
0,05990444
0,1541758
0,2346831
0,2457085
-0,6925824
-0,2853391
-0,1842721
-0,1916808
0,5694738
-0,2179447
-0,2512014
-0,3640038
-0,4044519
-0,2909566
-0,7052307
-0,5413842
-0,5804899
-0,5045974
-0,009656027
0,6192943
0,01168674
0,6688446
0,3703289
0,419922
-0,4937991
-0,2435778
0,6594122
-0,3428088
0,06205535
-0,2050595
-0,4366299
0,1167847
0,04617149
0,4750847
0,1467612
-0,7777736
0,4577677
0,4783198
-0,8233658
-0,4272928
0,3181115
-0,4676498
-0,2532138
0,6912094
-1,048387
-0,06507349
0,3906088
0,4061889
0,3343097
-0,4859844
0,1488256
-0,05786496
0,2099946
0,520237
-0,3288257
-0,5879534
0,6120101
-0,1878939
0,7867011
-0,6766908
-0,9599689
-0,1498615
0,3616765
0,3740978
-0,1191842
0,229183
-0,4735752
-0,4060769
0,3668736
-0,08559246
0,4315923
-0,2941234
0,08893465
0,43853
-0,1009268
-0,3840466
-0,641307
0,2953519
0,3488145
0,3931422
0,2359459
-0,07131495
-0,3162784
-0,5618072
0,4106621
0,2080468
-0,7520724
-0,6758468
0,007399261
0,2627122
0,1752958
0,7337295
0,584989
-0,6644392
-0,0326218
-0,787833
-0,09249794
-0,2481229
-0,2835556
0,01934654
-0,5932292
-0,3890258
0,3278981
-0,2454939
0,02083008
0,07862072
0,7584534
0,443152
0,348044
0,1080747
-0,2960012
-0,006730974
0,5965576
-0,2478161
0,4211551
-0,4850519
0,3448252
-0,6814411
-0,105979
0,2678176
0,3521432
0,4146498
0,1777236
0,1642416
-0,1453216
0,328224
-0,04536076
-0,7500853
-0,6894296
-0,006662548
-0,2158896
-0,3957921
0,3145921
-0,2965796
0,2035713
0,2845607
-0,2029665
-0,2880113
0,4199407
0,06837189
-0,1873599
0,4517647
-0,04405361
0,289623
-0,3522217
0,085495
-0,7352421
-0,190438
-0,2004574
-0,3556083
0,6028738
-0,01654953
-0,111352
0,884117
0,3837356
-0,6577114
-0,5168892
-0,3793722
-0,5280307
-0,1844084
0,2926818
0,1519828
-0,35917
0,1414555
0,3525472
-0,2230327
-0,05093634
0,4467003
0,3330185
0,3144826
-0,5025763
0,1371976
-0,2998022
-0,2108307
-0,4309967
0,1673035
0,2117849
-0,00558877
-0,4372402
0,5751179
-0,3080683
0,4156293
-0,2855229
0,3584757
-0,4385476
0,2622363
-0,420808
0,624486
-0,2747196
0,2907323
0,4702432
-0,3304994
0,3949332
-0,2102663
0,4697696
-0,07857859
0,2368535
0,1668566
-0,13741
-0,07000929
0,4254977
-0,08815402
0,5479748
0,1732091
-0,5366284
-0,5539882
-0,04518741
0,2223031
-0,5536926
0,1917784
-0,2738487
-0,5527246
-0,2901709
-0,09849274
-0,3192351
0,1414818
0,3024712
0,1791186
0,5803407
-0,6580867
-1,081867
0,1057392
0,0330606
-0,2191796
-0,2683523
0,4320997
1,259696
-0,3327636
0,06711352
-0,4888746
-0,4222391
-0,06757289
0,3249246
0,1026524
0,4776569
0,303233
0,1727215
-0,3132859
-0,8339667
-0,06164467
0,242775
0,1089746
0,1400891
0,2274366
0,59045
0,1110733
1,434749
0,05214709
-0,340219
0,496255
-0,09391338
0,8156369
0,5095668
0,7108232
0,4180757
-0,4079588
0,2928109
0,144921
-0,1563333
0,7632118
-0,4952645
-0,3286476
0,09191847
-0,2433708
-0,1250005
-0,3230449
0,1720328
0,6667569
-0,7594774
0,2619084
0,63933
-0,1185111
-0,3760751
0,4106087
-0,05858052
0,5679434
0,4899734
-0,2026154
0,5889794
0,06260842
-0,811175
-0,06274213
-0,3238175
0,1634803
-0,5532001
0,5831888
-0,1414587
-0,2804238
0,3311067
0,343454
-0,7248763
0,1189444
0,2777088
0,3578085
-0,3162468
0,3754342
0,3114021
0,4677211
-0,1014929
-0,6734416
0,2101565
0,3313316
0,16566
0,3645393
0,167337
-0,06119472
-0,4433964
0,3461736
0,4191831
0,09964347
-0,463977
0,01635611
-0,34639
0,1719029
-0,5198842
-0,586077
-0,3507535
-0,5747808
0,2036465
0,3065194
0,082807
0,2840269
0,3475345
0,8522514
-0,7981159
-0,6927388
-0,6674556
0,118858
-0,5287445
-0,4046198
-0,1068624
0,104434
-0,2285988
-0,8006297
0,4636785
-0,1029905
-0,1239422
0,218323
0,2473823
-0,8810947
0,01089816
-0,8470761
-0,3923134
0,2532331
0,3391547
0,0454188
0,2495894
0,2413877
0,7488149
-0,4130483
0,2110906
0,1718556
0,132321
-0,1391269
0,3918986
-0,1596569
-0,6414769
-0,1046143
0,2006733
0,6516956
-0,1958195
0,6176644
-0,3884429
0,09953719
-0,2978255
-0,4660338
0,472925
0,3483934
-0,1576163
-0,4135053
-0,6474842
0,2760262
0,07337207
0,1174072
-0,2039627
0,1863168
-0,2039164
-0,2008068
0,3118571
-0,1432329
-1,339842
0,9782367
0,195364
0,02761686
-0,4818319
0,05104923
-0,392615
0,3619023
-0,1454638
0,5056189
0,3983104
-0,06256604
-0,2198648
-0,3522069
0,2933562
0,3210726
0,3558632
-0,4751761
0,1503014
0,1067325
-0,2349405
0,4898219
-0,09600605
-0,7514544
-0,132247
-0,3142401
1,061927
-0,3573415
0,005458534
0,05485815
0,1351964
-0,1359225
0,3758758
-0,3745838
-0,5584658
-0,1540501
-0,7423009
0,9628212
0,7498013
-0,5548193
-0,1593972
0,09690265
-0,1482623
0,7157676
-0,03040421
0,2386355
-0,6432754
0,6472588
0,5954566
0,1763567
-0,4539531
0,3481919
0,220019
-0,2405849
0,2115818
-0,8925592
-0,3766328
0,4775664
-0,4099483
-0,1282011
0,8851887
-0,3664865
-0,5936952
-0,2906405
-0,5593459
-0,587014
0,03412652
-0,4759829
-0,8549188
0,006518424
0,2908731
-0,3695462
-0,08687365
0,6525759
-0,8388834
-0,450078
0,4402359
-0,5660988
-0,1847361
0,07392639
-0,006189167
0,4623626
-0,01063688
-0,04828805
0,3685915
0,1124524
0,1276449
0,007072747
-0,03679413
0,3906865
-0,4336336
0,2998552
-0,08786798
0,5704895
-0,4577376
0,245083
0,03622231
0,00817281
-0,131686
-0,1620657
0,06391078
-0,3019065
-0,05567473
0,5418593
-0,408051
0,3438291
0,2061516
-0,4127268
-0,2073707
0,721027
0,4457924
-0,4417483
0,212163
0,2610649
-0,1475947
0,2209744
-0,3255849
0,3520835
-0,5651239
0,1573318
-0,00601846
0,5232513
-0,2716259
-0,2917872
-0,8645641
-0,3466063
0,4083675
0,2607876
0,2769237
0,3544154
0,1282873
0,3126733
0,5001246
-0,01626068
-0,2264243
0,1114914
0,1409698
0,4672843
0,7749524
0,6549044
0,1115168
0,2412812
-0,3262825
0,3366562
-0,2693115
0,4452416
0,1346904
-0,3402334
0,1662818
-0,6790156
-0,6672134
-0,1935589
-0,2680128
-0,152615
0,02110255
0,2932629
0,1673788
0,8673917
0,5778201
-0,4697989
-0,3647412
-0,008142903
0,1768062
-0,2895944
0,8765121
-0,4997249
-0,3574613
-0,5679077
-0,125414
0,1754818
-0,4167356
-0,09329805
0,6377964
-0,4049101
-0,4016821
0,6685346
0,5945784
-0,1219978
-0,8742356
0,4239198
-0,5941035
-0,2378408
-0,1616748
-0,3866997
0,3768556
-0,1687149
0,3951769
-0,6214319
0,7822296
-0,7913851
-0,006068289
-0,2880069
-0,7251326
0,03073025
0,3638192
-0,284341
-1,143697
-0,04655361
0,00344485
-0,4994698
-0,2757685
-0,1945857
-0,411939
-0,09403831
0,1127464
-0,1414145
-0,3123388
0,01383859
-0,2095148
-0,0667413
-0,395255
0,2145363
-0,002109885
-0,01435792
-0,1249979
0,008283317
0,5114545
-0,300881
0,4155046
0,1741613
0,2064781
-0,4854398
-0,3245016
-0,177714
-0,2541811
0,04547518
0,1488829
-0,07230753
1,151972
0,2822987
0,9303232
-0,3874418
-0,7040291
0,3694066
-0,1775821
0,1236589
-0,5301502
-0,1942953
-0,07491243
-0,1643055
-0,4886345
-0,3095335
-0,8253427
-0,4430155
0,1285455
0,1148712
-0,1913686
-0,06415857
-0,07241662
0,2401283
0,3093929
0,5868627
-0,2830743
0,421743
0,4747471
-0,392441
0,09251517
0,09253578
-0,7252025
0,2252622
-0,4415802
-0,00381203
0,04288346
0,07989043
-0,2782984
-0,1758801
0,4144569
0,8207518
0,2671523
0,258144
-0,4911932
0,07889396
0,4103963
0,3952838
-0,7071285
0,3734171
0,30582
-0,5306778
0,2909161
0,05178601
-0,5476503
-0,07450052
0,01055126
1,248209
-0,2674199
-0,8131863
-0,05256373
0,4580817
0,199908
0,1941258
-0,1165682
0,369175
-0,2884988
-0,7175782
0,1765018
0,2363047
-0,7833924
-0,5312974
0,2538639
0,5501724
0,1284057
-0,4843171
0,8206618
0,03993142
-0,5721137
0,0908801
0,1336757
0,3320076
0,5764279
-0,1956447
-0,2866095
-0,3875204
0,256505
0,2423918
-0,001385689
0,07026148
-0,01595742
-0,4812931
-0,3484406
0,516206
-0,5528436
0,3720548
-0,370599
0,01418811
0,1139262
-0,4860045
0,2115815
-0,3855743
-0,676391
0,07033533
-0,2097961
0,3177097
-0,6205056
-1,396722
0,4722799
-0,2178748
-0,3079042
-0,02338547
0,1085268
0,2369524
0,1457251
0,4855702
0,7524262
-0,1700882
-0,2458525
-0,7114595
-0,1470689
-0,5507893
0,2567121
0,02507609
-0,4246298
0,163296
0,1176327
0,007796764
0,1330423
-0,06536551
0,1913189
0,3036551
-0,3748838
-0,2258927
-0,2180662
-0,84234
-0,2802762
0,1181793
-0,5048745
0,1309742
0,1906961
0,6069857
0,06374133
-0,3934045
-0,224637
-0,2116464
-0,1437094
-0,6099266
0,4595546
0,32338
-0,05887312
-0,1792062
0,1982549
0,3994244
0,006885171
-0,3242406
-0,517778
-0,02456027
0,4218045
0,3162739
-0,53485
0,4712641
0,4985217
-0,4249476
-0,5782453
-0,1295505
-1,291935
0,2950906
-0,585628
-0,1976999
-0,5746489
0,63542
-0,7497261
-0,2372236
0,6977013
-0,5358052
0,1115583
0,06342411
1,031796
-0,1346168
0,2533158
-0,4472299
0,1549673
0,3138665
-0,0581928
0,1879829
-0,1960033
0,1048622
-0,3603312
0,06104702
-0,336643
0,06575625
-0,2318352
0,07872325
-0,487192
-0,6437861
-0,003920212
0,2087278
0,4145389
0,2913202
0,149102
-0,3632959
0,443648
0,8966901
-0,1469892
-0,07800418
0,2860914
-0,9393175
-0,172778
0,1784153
-0,3760675
-0,9333538
0,5799272
-0,05496211
0,6935232
-0,4062629
0,9053054
-0,3753902
0,3102107
-0,5301796
0,1002405
0,7581679
0,2283099
0,739585
-0,4930501
0,2418037
0,09555537
0,4437094
-0,5135439
-0,1470366
-0,4067571
0,1819404
0,3563441
0,2964028
-0,637046
0,2468261
0,3838689
0,0396331
0,08594716
-0,324844
-0,9336643
-0,4125645
-0,02719945
0,255649
0,5212508
-0,428355
-0,125449
0,1438061
-0,5405118
-0,1143089
0,1588609
0,2656079
-0,3969599
0,3616548
0,6127945
0,1080989
0,08350611
0,3800171
0,4926639
-0,4146894
0,04008383
0,4817065
-0,284925
-0,5518221
-0,2381379
-0,03142267
-0,001571834
0,1066241
-0,8558546
-0,426962
0,8148553
-0,2740359
0,2938046
-0,8017449
-0,2351863
0,4125744
0,1211783
0,2201196
0,4158058
-0,491179
-0,6862926
0,1291721
0,2786031
-0,2435563
0,02216524
-0,6870043
0,7782701
-0,04781134
0,7225026
-0,5540252
0,5857823
-0,3089257
-0,6872743
-0,3285509
0,08431678
-0,6120257
0,3532041
-0,3144277
0,5206942
0,09261629
-0,2985522
0,295754
-0,2396117
0,9413389
-0,4893272
0,3753383
0,3447397
0,1955331
-0,4362361
0,05169618
-0,04396939
-0,246426
-0,2417881
-0,03753795
-0,06411797
0,4196997
0,3141117
-0,4081997
-0,7804454
-0,2035026
-0,1596602
0,243232
-0,02321589
0,2962568
0,4654327
-0,4155318
-0,08634132
-0,1812521
0,4426773
-0,01531464
0,1677892
-0,3603181
0,4476578
-0,3781028
-0,05084693
-0,06251891
-0,05380023
-0,4180486
0,0653075
0,001324773
-0,07616305
-0,7933078
0,2747995
-0,5250697
0,3582532
0,8765294
-0,4378061
-0,2877885
-0,04785568
0,1836277
0,1748368
-0,2669754
0,5455642
0,2463798
-0,7963858
-0,3436398
-0,3444976
0,5594736
-0,4808096
-0,1353751
0,4649394
-0,1643551
-0,1871966
-0,3536962
-0,4669507
0,4121794
0,647475
-0,2927232
-0,06462628
0,190633
0,6686556
-0,6656566
0,19074
0,4020954
0,2328623
1,121232
0,5967636
0,2383457
-0,3392065
-0,2296094
0,2881176
0,1383533
0,4028224
0,3018281
-0,1165224
0,318625
0,4525322
-0,3858166
-0,4566473
0,3157278
-0,08538306
0,03399956
0,1098343
0,3058138
-0,3944023
0,4400284
0,2912488
-0,7395129
-0,08875102
-0,4004377
0,07502246
0,1642599
0,4742702
0,3024088
-0,2905992
0,5243971
-0,5080375
0,1588708
-0,5646541
0,1365386
-0,6075675
0,3974147
-0,3019733
0,4453997
-0,4419898
0,2526722
-0,4430909
-0,8191798
-0,6902006
0,2268256
-0,3399174
0,2994742
-0,1221487
0,3017647
-0,5595406
-0,09344482
0,2474245
0,2791643
-1,182043
-0,1099464
0,04564768
-0,06883675
-0,9571123
0,3964446
-0,7421241
-0,3543172
-0,4059501
-0,4123052
-0,2760053
0,1108541
-0,1447178
0,2592282
-0,81379
0,6499189
-0,7070943
-0,07140356
0,3228476
-0,0463587
0,1624902
-0,4616635
0,00742358
-0,4496233
-0,4405268
0,2403843
-0,4734403
-0,2830348
-0,09093738
-0,9077991
-0,4189698
-0,7386048
0,07236385
-0,08407217
0,4095007
0,3436868
-0,7442374
0,1264861
-0,3540816
0,7467571
0,4878882
0,6731076
-0,2174199
0,3856646
-0,1234502
-0,261169
0,03564954
0,07019109
0,1808716
0,05885129
-0,05302709
0,3106129
-0,4699157
0,02559471
-0,2288105
0,3416002
-0,09945649
0,7293122
-0,3377805
0,1852859
-0,3966034
-0,7350589
0,8228223
0,1971005
-0,007974029
0,0144655
-0,1150123
0,1697575
0,5114341
-0,2420636
0,1229088
0,4026293
-0,2430345
0,938497
0,02379626
-0,8326116
0,2149746
0,09465659
0,5754859
-0,1813902
0,1572022
0,6631228
0,02948622
-0,3406131
-1,034436
0,2154541
0,0643155
-0,1533833
-0,166111
-0,01930964
-0,3847147
0,3856611
-0,2270735
-0,598231
-0,01793499
0,002066135
-0,2369402
0,4268434
0,4666058
-0,6959351
0,07638644
-0,5013499
-0,8189898
0,7042518
0,9600019
-0,3598887
0,08140171
-0,06730773
-0,3711704
0,4659531
-0,1482725
-0,3257052
-0,585456
-0,3075942
0,5636483
0,7015112
-0,0107913
-0,7048828
0,1694426
-0,03415763
-0,2530003
-0,2902891
-0,4089518
0,2388356
0,1036242
-0,6101705
-0,7026267
0,766214
0,354102
0,5798355
-0,07393116
-0,7710205
-0,8038815
-0,1274804
0,8237569
0,3124222
-0,5287568
-0,08492374
-0,3502099
-0,7560673
-0,2931992
0,2935008
0,01144207
-0,3507221
0,5972164
0,4890425
0,6003138
0,3732128
-0,04757404
-0,6583197
0,3446028
0,09599374
-0,3544071
-0,1257156
-0,3046747
0,3199524
0,1464008
0,4902963
0,1296518
-0,3767685
0,7092521
-0,5390012
0,4396937
0,3570975
-0,1936799
-0,6899179
0,135333
-0,9421052
0,7962793
0,1422158
-0,0777154
0,02187198
-0,2273338
-0,02463323
0,2885735
-0,09333545
0,1760733
0,5669748
0,1777243
0,4038525
0,8718687
0,09728485
0,183664
0,333305
0,3299955
0,1160251
-0,2023444
0,4629257
0,3260829
0,149531
-0,5634385
-0,1903806
-0,8708942
-0,3515491
0,2601797
-0,2502285
0,1468671
0,2109488
-0,04872549
-0,2300569
0,4345612
-0,4630581
-0,6357809
0,2537139
0,1021053
-0,04625183
-0,5264667
-0,1760234
0,2289462
0,4914477
-0,01878639
-0,39003
1,159807
-0,1349385
0,5347623
0,114414
-0,1190984
0,124661
0,1718512
0,4091827
0,07769912
-0,9199152
-0,2357128
0,2987542
0,4946604
-0,03318834
-0,0005057454
-0,4153029
0,3339765
0,4719408
-0,1575563
0,5589821
-0,3900558
0,4387342
-0,265016
0,157034
0,5426481
0,2113115
-0,128018
0,04088044
-0,6235631
-0,7959958
0,4087766
0,07894439
-0,301127
0,1577926
0,139246
-0,180355
-0,1312562
-0,403744
0,5177398
0,8003652
-0,3293135
0,2727559
-0,1781889
0,844648
-0,2809642
0,03610164
0,8927915
0,5563604
-0,6443481
-0,1472912
0,1303534
-0,05251092
0,5491557
0,8610815
-0,2094804
-0,2495367
-0,6482226
-0,6250013
-0,5843958
0,7330864
-0,5892563
-1,181403
-0,5892533
0,5938693
0,05243915
0,4311301
-0,3601202
-0,30694
-0,2325885
-0,3108079
-0,3001142
-0,4141258
0,8067441
0,3511029
0,04399198
0,108684
-0,05225468
0,3873864
0,2879211
-0,08095163
-0,3846951
0,3058723
0,1282722
0,007246792
-0,03826243
-1,020843
-0,7550722
-0,5962111
0,6420761
-0,3054806
0,02475011
-0,4574738
-0,3677253
0,1163669
0,07176718
0,3994202
0,1706052
0,2818676
-0,2760543
-0,008019924
0,243646
-0,2797966
-0,4110289
-0,2484772
-0,3254409
-0,2985704
0,1457043
0,004947603
-0,7399935
0,1116677
-0,4381464
-0,4593214
0,2739431
-0,4664775
-0,7837575
1,382466
0,01922035
-0,4980137
-0,2382716
0,1287793
-0,2532642
-0,6398333
0,3896227
0,3988347
-0,7733114
-0,5191828
-0,07984835
-1,104402
-0,04932827
-0,4637305
-0,6690919
-0,1066668
-0,276037
-0,1112889
0,7137496
0,5007512
-0,5000388
-0,1187764
0,257297
0,6640607
-0,7875904
-0,004856944
0,4034095
0,2778836
-0,4230037
0,2056587
0,124468
-0,6510925
-0,5082961
0,1892105
-0,04173036
0,4895697
-0,0850472
-0,3367561
0,3876203
0,1835799
-0,1936279
0,2142392
0,167699
0,08602373
-0,2240263
0,01036686
0,1368008
-0,3634256
-0,002262354
-0,3629115
-0,01916981
-0,005276754
-0,2244263
-0,2224449
0,4490056
-0,1675441
-0,1869191
0,4520528
-0,1962846
-0,7255951
-0,5123916
-0,4479759
-0,3727543
0,1739473
0,4847191
-0,2166107
0,1848184
-0,4706386
0,853025
-0,3150816
0,3820007
0,02587883
0,06165504
0,06484668
-0,4719619
0,04021995
0,3590463
0,821223
0,4260899
-0,02530187
0,1112685
-0,2119176
0,2778957
0,08728462
0,1941637
0,2188812
0,16107
0,4480703
-0,46577
-0,4522399
0,423568
0,4842261
0,3031879
0,9017996
-0,4707628
-0,6413212
-0,08188772
-0,1307656
-0,1456209
-0,03779465
0,3270656
-0,4538251
0,6476796
0,09210974
0,4041203
-0,2897738
-0,4110614
-0,2071993
0,2211686
0,31314
-0,3371081
0,4652072
-0,6228608
-1,005179
0,5131416
0,1975796
-0,8248678
0,3031082
0,1404896
-0,01514168
0,4862126
0,0233013
-0,6306421
-0,06335723
0,3415097
-0,01581903
0,2032171
-0,0483454
0,2200854
-0,01680022
-0,03081137
-0,2181091
-0,5965392
0,1578525
-0,3527188
0,1231523
0,1165268
-0,3730476
0,261416
-0,3062963
0,3917394
-0,4258403
0,5956628
-0,04625219
-0,6855263
-0,9138035
-0,4673384
-0,7144493
-0,711858
0,2622506
0,3960385
0,5288017
-0,8899448
-0,3583999
-0,3258575
0,6386793
-0,4710687
-0,001459777
0,436501
-0,06626064
0,3415161
-0,4352741
-0,4235296
-0,0119279
0,1437751
0,7951603
1,127554
-0,3673875
0,1016023
-0,3576146
0,3047338
-0,02554131
-0,03946447
-0,1052424
-0,1529287
0,07773417
-0,2894876
0,2791107
0,08873987
0,4476246
0,4308939
-0,2612007
-0,6496193
-0,2252291
0,9384701
0,002473772
0,5313384
-0,1235672
-0,3651956
-0,1563933
0,474498
-0,0005003214
0,6207334
-0,3856663
0,006627366
-0,2496128
0,4349752
-0,5283331
0,7038862
0,0361014
0,2482712
-0,4220462
0,2753343
-0,01129532
-0,4375259
-0,09765662
-1,152112
-0,9076816
-0,375855
0,4133195
0,629473
-0,3832408
-0,4155224
0,2556824
0,4707465
0,1197038
-0,3673341
-1,120173
0,07477295
-0,3187499
0,1627782
0,1405401
-0,1362489
0,0523967
-0,2013308
-0,8721284
0,2831749
-0,4389532
-0,6683958
-0,009881854
-0,7007669
-0,1868747
0,6459668
0,2368062
0,4223045
-0,0681631
-0,7332783
-0,6916708
-0,1613747
-0,2000518
-0,4649146
0,8946396
-0,1257815
-0,3971772
-0,07553077
0,1374218
0,2268636
0,5365912
0,1471934
0,5276161
0,403898
0,2461408
-0,2687533
0,0156049
-0,3571845
-0,3309485
-0,3013698
0,03315884
-0,2423292
-1,166161
-0,1936384
0,5111416
-0,6010813
0,9086757
-0,7808291
-0,4464533
0,03180498
0,2395252
-0,1523732
0,1489733
0,96735
0,3627926
0,3495997
0,1824322
0,1245733
0,1030404
-0,2041587
0,4338722
0,280633
0,2408708
-0,7790323
-0,007820725
0,1223374
-0,0955126
-0,2036476
-0,1032006
-0,0237096
0,3845701
0,4850408
0,4266388
-0,06540036
0,7257153
-0,5452783
0,4528201
0,155659
0,8329767
1,410446
-0,2847359
-0,275718
0,2314253
-0,3638486
-0,1450298
-0,1004511
-0,06789048
-0,5119393
-0,4310045
0,4769102
0,1112891
-0,2714348
0,8279517
0,1115445
0,2509109
-0,6807733
0,2659467
-0,7874092
-0,2879992
-0,4216204
-0,6183397
0,03070849
-0,09711236
-0,7468445
-0,03352755
0,2137854
0,8358732
0,2627537
0,2896209
-0,2649486
0,1957553
-0,07754153
-0,4120711
0,01824605
-0,4078389
-0,2359205
0,6141977
0,9194452
0,3957568
-0,4226488
-0,7651644
0,4208494
0,1334655
-0,1685935
-0,7349269
-0,7697078
0,07911855
0,1915318
-0,1408936
0,3910884
-0,3499413
0,3129196
0,01958245
-0,102559
0,4683789
0,3952829
0,2384842
0,4815119
0,4681373
-0,8646259
-0,09626561
-0,4755197
-0,4124296
-0,01152343
0,2921985
-0,4005278
0,1406652
0,02293789
-0,4834199
0,1738596
1,097148
-0,3644834
0,1525491
-0,3636428
0,1048151
0,5307817
-0,9361236
0,4192425
-0,3853351
-0,1360384
0,7151954
0,003214478
0,3945404
-0,1627648
-0,4029802
0,05090159
0,1608738
0,1268314
-1,180871
-0,6440258
0,4471409
-0,1220151
0,4312787
0,8146583
-0,5931452
0,292874
0,06650358
-0,038378
0,4603422
0,9392991
0,03826278
-0,0274765
0,7357773
0,1248367
0,3750136
0,2185676
-0,03141528
0,3691568
-0,3137818
-0,1213349
-0,2982638
0,1788133
0,3100362
0,4892999
-0,5368947
0,3728443
-0,0217976
0,761213
-0,1259401
-0,8920873
-0,2141621
-0,1092226
-0,01427418
0,3217955
0,297111
-0,1973825
0,5750484
-0,9129383
0,09370863
-0,04981387
0,009337708
0,7202978
0,3813745
0,1894292
-0,1242909
0,8262082
0,3067743
0,4455295
-0,2348114
-0,5724231
0,0387271
0,6212029
0,6716698
-0,03113902
-0,05271891
0,4256172
-0,5403957
-0,7342936
0,01069307
0,944957
0,678237
0,4170659
0,2844812
0,2912642
1,064846
0,2393598
-0,1040346
0,6791527
-0,8077015
-0,2748017
0,3867563
-0,2512051
0,4536015
-0,9531948
0,7202567
0,1252888
-0,6061882
-0,7819256
0,1627772
-0,529766
0,2338782
-0,2784836
-0,29142
-0,3829083
-0,1534721
-0,4617639
0,6279185
1,050496
-0,3959525
0,2795151
-0,1754573
0,04165928
0,629222
0,02215272
1,103702
0,4244353
-0,04521354
-0,11809
-0,2928889
-0,7604494
0,1067483
0,4936497
0,4043334
0,1294696
-0,4336439
0,2923959
0,3492175
0,5331009
-0,8285486
-0,3567243
0,3613988
0,1068622
0,5619541
0,1066188
0,1387616
0,4794872
0,01637344
-0,3683026
0,3275611
0,1806153
-0,6722474
0,8861356
-0,0646832
-0,2925011
-0,1719769
-0,2560759
0,07033829
0,1856726
0,2011569
-0,005648255
0,292919
0,4775392
0,3305589
-0,8277016
-0,0980431
0,171782
-0,6606847
0,2601762
0,3850889
0,282067
-0,2783355
-0,1956503
-0,7353415
0,8701138
-0,3346191
0,08810972
-0,9318643
-0,09603131
0,6057981
0,3791645
0,09322119
1,335654
0,2981718
-0,04808557
-0,1342428
0,2273161
0,03240865
-0,5925364
0,1466778
0,1700905
0,2032806
0,5749241
-0,2663775
-0,3872898
0,1524304
0,1947054
1,001896
-0,4389967
0,02106863
0,4154141
0,2621296
-0,2886291
-0,1009389
-0,3035784
0,6169167
0,2171721
0,1714961
0,07781023
0,9391845
0,2425297
0,002519175
-0,2421556
0,6186807
-0,1808755
-0,8917648
-0,3330606
0,08885913
0,4621221
0,6942838
-0,09449077
-0,1377792
0,7498093
0,8220765
1,362651
-0,3392275
0,5651373
0,3955586
-0,26538
0,4715204
0,2059793
0,05708361
0,1357177
1,362584
-0,5721026
-0,155743
0,2249817
-0,0811938
0,6403702
-0,4773502
-0,2660748
0,7605042
0,3469602
0,02812171
-0,1128931
0,4880813
0,5835792
0,01954108
0,844385
-0,00813663
0,4688175
-0,331125
-0,06007081
0,476126
-0,1432789
0,106687
-0,2176456
-0,1773702
0,3626534
-0,2129008
-0,468307
-0,1835473
-0,424799
0,1026323
0,05499834
-0,354884
-0,3348584
0,1863569
-0,1740868
0,1156917
-0,3749514
0,4344475
0,1841698
-0,5708554
-0,3372397
-0,05478543
-1,01306
-0,8403715
-0,4933159
0,02112478
-0,03752178
-0,3918213
-0,1874048
0,31639
-0,3555717
0,0829566
0,6895069
-0,2639484
-0,1992186
0,5754523
0,1327092
-0,961974
0,2841055
0,1080678
0,3988408
-0,1741395
0,01287746
-0,2001054
-0,898731
-0,02739209
0,2206625
-0,09887916
-0,221029
-0,1030629
-0,18581
-0,3820019
-0,1248618
-0,1331358
-0,9280515
-0,2404446
0,1491743
0,2058297
0,3401552
-1,075014
0,1780962
-1,162439
-0,394702
-0,04858154
0,1316351
-0,1497124
0,3457331
-0,2798975
-0,3590931
-0,06963003
0,8033138
-0,2991298
0,03448039
0,2808231
0,2056168
0,1463342
-0,3294783
0,1523347
0,02165395
0,2654574
-0,165751
-0,167995
-0,2248275
0,01121837
-0,3414763
-0,5025569
-0,09246518
-0,04308015
-0,008786559
0,1463382
-0,1361471
0,4949096
0,02867496
0,1355944
-0,08238961
-0,2555693
-0,2362395
0,3990958
0,2104074
-0,1331054
-0,4452671
0,08182019
-0,2090157
-0,646894
-0,7052559
-0,3462884
-0,07095832
-0,4803786
-0,6434722
0,398147
-0,2017813
-0,2741074
-0,01940942
0,4228676
-0,04762733
-0,1195353
-0,2482714
0,3776296
0,1149924
-0,2554706
-0,02560741
-0,8413244
-0,1522756
-0,1639726
0,05871499
-0,2293463
-0,09663135
0,3178939
0,307651
0,6773164
-0,09922796
-0,3118014
-0,4282288
-0,1358859
0,4372258
-0,2318686
0,1649525
0,2230645
-0,001241684
0,06900585
0,3830114
0,7201145
0,3241552
-0,03354777
-0,5642638
-0,3682909
0,4181934
0,0943144
0,1602386
-0,7064246
-0,3053849
-0,5205408
0,2190948
-0,1562561
0,2829508
-0,03066081
0,1106177
-0,2826359
-0,4043315
0,9157916
0,206934
0,1656927
-0,2019264
0,01047117
-0,2173836
0,3868063
-0,7196056
-0,7496103
-0,4700856
0,08117706
0,4769822
0,4431435
-0,5237606
0,4755767
-0,05710787
0,6318676
-0,143213
0,04739408
-0,5119073
-0,2796462
-0,1617791
0,2074783
0,1797647
-0,5419757
0,07841712
-0,09922135
0,4528474
-0,03473252
0,5321116
-0,2387585
0,165941
-0,09839715
-0,2386639
0,04882859
-0,4287914
0,4901183
-0,25296
-0,4670181
0,3461217
-0,6180294
-0,2285419
0,01691002
0,01619291
0,2725825
0,1752655
0,3803618
-0,43306
0,4792827
-0,4077201
-0,2136405
-0,5496598
0,1754715
-0,2547151
0,3330656
0,7018443
-0,1908784
0,2150043
-0,3429611
0,1074353
0,44245
0,2387027
-0,08961518
1,002154
-0,6561317
-0,09481734
0,3642114
0,01726002
-0,104276
-0,3898378
0,9194822
0,2314491
-0,3586574
-0,09565037
0,2055403
-0,439087
-0,4601272
-0,5033389
-0,09095579
0,3328354
0,8781013
0,2169129
-0,2104121
0,5683292
-0,9414902
-0,3431637
-0,4197014
-0,2589736
0,03000653
0,8511974
0,6652787
-0,1435779
-0,00872457
0,008981347
-0,1308155
0,2778252
-0,06997472
0,23524
-0,3249456
-0,738363
0,04256007
-0,05667937
-0,5066506
-0,5304567
0,3417604
0,1863919
0,110961
-0,1345075
1,303636
-0,2999963
0,260905
0,4278036
-0,3343666
-0,1168368
0,5830048
-0,3402403
-0,6493381
-0,172057
0,04621351
-0,1648722
-0,4416726
-0,2499097
-0,09541762
0,4249924
-0,2806677
0,5919348
0,01322418
0,1384474
-0,2296084
0,4223951
0,2063402
0,1692149
-0,7263778
0,01391363
0,5989001
-0,3176493
0,2739431
-0,4529026
-0,4966666
0,0870055
0,3593636
-0,01749402
0,7921658
-0,3893169
0,2816765
-0,7991063
-0,1529624
0,2589326
0,249457
0,2416456
-0,2330685
0,2504318
0,2613455
-0,02778947
0,1624029
0,517454
-0,02364738
-0,2237164
0,1728973
-0,4993461
0,2145407
-0,3018422
-0,220022
-0,3975523
0,5606683
-0,1701162
0,06654358
-0,6217301
-0,8207472
0,2791961
-0,0850395
0,448744
-0,100516
-0,01026779
-0,2926593
-0,3020141
0,1908899
-0,3177017
-0,03437287
-0,7803647
-0,07643884
0,1280913
0,8502003
0,4373689
1,043368
-0,5728313
-0,1186842
0,611757
-0,3687079
-0,3900788
-0,8967662
0,03905945
-0,3056848
-0,1028295
-0,2969736
0,8247155
-0,01678844
-0,08676107
0,3670586
-0,7293605
-0,02313459
-0,169938
-0,181603
-0,04881525
0,1087114
-0,04453969
0,3366443
-0,9392805
0,005434155
0,2127783
0,1484855
0,1814929
-0,4001238
-0,3346407
-0,1335436
0,1641958
-0,4922706
0,2689947
0,2583739
-0,3086855
0,3933182
0,3584369
0,5220368
0,1766474
-0,4944748
0,6492805
0,2782009
0,4901781
-0,8955019
-0,06956071
-0,09269017
-0,1690739
0,2645599
-0,5249378
-0,1405166
-0,003918946
-0,2523288
0,7141404
0,02624176
0,1506372
-0,4544162
-0,2784882
0,4402033
0,3878628
0,2322278
-0,5932611
0,351859
-0,2500022
-0,1270326
0,6466908
0,07558215
-0,2530004
0,3110747
0,3806473
-0,459793
-0,2511081
0,2450616
-0,02063006
-0,02797341
0,7241234
-0,02122432
-0,839269
-0,1017983
0,3664854
0,3846716
0,399397
0,05009162
-0,01918501
0,2366159
-0,3503876
-0,2870582
0,02584857
0,4295399
-0,06973648
-0,079161
-0,3002911
0,2383889
0,158643
0,9260279
0,01423937
-0,8938378
-0,01892143
-0,4704959
-0,4827284
0,4053023
-0,3014458
0,336775
-0,54918
0,4336109
-0,1715716
0,2699731
0,1198062
-0,04176772
-0,4484524
-0,2158485
0,246168
-0,2649403
0,1635191
0,1979995
0,3226219
-0,9812908
0,3505399
-1,006401
0,8476075
0,3043742
0,6115489
0,02202249
-0,391741
-0,2294411
0,3387747
0,4191138
0,09240133
-0,3260095
0,1577784
0,557656
0,1491442
0,1896663
0,4242821
-0,4400028
-0,1995354
0,4048538
-0,04634495
-0,2247098
0,4277879
-0,3063297
-0,1126149
-0,09513789
-0,6873306
0,2313523
-0,2740633
-0,5409771
0,09282923
0,3088316
-0,5580524
0,1474244
-0,04076654
0,128216
-0,07840019
-0,5739879
-0,2531295
0,06103408
-0,4745406
-0,5262725
-0,2064037
0,2404953
0,2692847
0,4704443
0,722036
0,2849499
-0,6709994
-0,8536892
-0,006558776
-0,8863587
0,5133986
0,6117649
-0,298658
0,5759345
0,3764988
-0,04787409
0,6024415
0,3911968
1,035471
-0,8183348
-0,2962092
0,04998863
0,4389601
0,3449379
-0,1432027
-0,4904326
0,7483076
-0,5392312
0,06109768
0,344206
0,4936141
0,7776539
-0,09545743
0,05930084
0,06475502
-0,2449589
-0,2707826
-0,3411026
-0,4257898
-0,006250218
-0,183896
-0,2873669
1,820942
-0,2305235
0,4501647
-0,2377279
0,5392619
0,4740021
0,06185633
0,01124847
0,1748987
0,3826842
-0,2329164
-0,7962804
-0,1009698
-0,6708183
-0,2003788
-0,1511183
-0,8138775
0,3611695
-0,3807966
-0,2648988
0,07176153
0,01332319
0,05377857
-0,896484
-0,6472194
-0,415637
0,936169
-0,4456658
-0,3710658
0,2518901
-0,5718569
0,2458012
-0,1871782
1,647133
0,409463
-0,2488645
0,05525005
0,02727145
-0,1092088
-0,2649317
0,1740643
0,1562934
-1,180901
-0,08866608
-0,4893129
-0,1344658
-0,2498364
0,4603888
0,07993549
-0,3740509
0,03374666
-0,6410984
0,4191837
-1,04378
-0,5973314
-0,01833206
-0,3316279
0,2002711
-0,266704
0,3639084
-0,249996
-0,5637935
0,1424794
0,6055409
0,1124254
-0,3731712
-0,7038866
0,5406924
0,3893537
-0,004068613
0,04775935
-0,3385088
-0,1463628
0,3948711
-0,3400528
-0,04530461
0,08191651
0,5732661
0,4705859
-0,1774724
0,3882038
0,072869
0,3338718
-0,7526543
0,2349087
0,8080115
-0,2328027
0,3038452
0,2843674
0,1071751
0,4922402
0,2714034
-0,5891019
-0,01481247
0,9975948
-0,007095993
-0,1116994
-0,3339956
-0,3949261
0,01627409
-0,003125012
-0,1934514
-0,7149612
0,7917398
0,2179905
-0,4123935
-0,1008592
-0,2311796
0,1383874
0,4106167
-0,3210212
0,7114354
0,01358669
-0,3260922
0,09545535
0,06958568
-0,1674402
-0,3998837
0,02711457
0,4363801
-0,1754989
-0,1905652
1,180095
-0,5828701
0,07184403
-0,7290018
0,2919922
-0,2902653
0,256627
-0,1798385
0,3532494
-0,4332764
-0,1880333
0,7109597
0,2520301
-0,8688132
-0,6281002
-0,1232159
-0,6299879
0,5147888
0,2408696
0,6675102
-0,3800913
0,00245589
0,6461459
-0,48667
0,4071609
0,09965503
0,1027511
0,2544082
-0,1786628
0,4216099
0,3584619
0,3632884
0,1853139
-0,2080746
0,4824588
0,4179844
0,2019293
-0,154102
0,4867522
0,4513221
-0,3533399
0,8620985
0,5840764
-0,4760326
0,4666204
0,08626646
-0,9771665
-0,8160958
0,2325474
0,3775705
0,5904161
0,3204591
0,230915
-0,5538675
0,4190363
-0,2746729
0,3789763
-0,271584
-1,354539
-0,2384557
-1,113124
-0,05908477
0,4189298
0,1434422
-0,2733475
-0,5451362
0,7738348
-0,5234593
0,2134447
0,4357578
-0,234296
-0,2636857
0,05465351
-0,5174027
-0,4525847
0,1773205
-0,08833414
0,3916973
0,1800114
-0,4486594
-0,8141231
-0,2550713
0,8894127
0,0500664
-0,5017817
0,9837728
-0,1884251
0,7091308
-0,7691293
0,2870702
0,5465172
0,3403268
0,2451436
0,07207668
-0,8548316
-0,01790655
0,2764181
-0,3425443
-0,3263335
-0,393921
-0,4707957
-0,4094306
0,2268599
0,3157929
-0,004554629
0,02384405
-0,3148922
-0,4725851
0,1743024
0,161744
-0,1773315
-0,0007450581
-0,7841171
0,009491324
0,4824675
0,24007
0,03015415
0,4379407
-0,2962753
0,5242859
0,3347301
-0,234203
0,2703353
0,1581305
-0,1141469
0,3283879
-0,4565096
0,3818333
-0,06489187
0,02917254
0,1824697
-0,1194174
-0,4668144
0,1378797
0,6682473
-0,446849
-0,1487125
0,2062843
-0,651902
0,3850141
0,2469582
-0,08769709
-0,2810618
0,06909344
-0,02205761
-0,2226726
0,2883454
-0,4000649
-0,3480747
-0,3571836
-0,3270209
0,3841254
-0,469366
-0,6536694
0,1092405
0,4109229
0,4647406
-0,7215763
0,2778441
0,05164427
0,1174006
0,207326
-0,1349158
0,1157971
0,4680663
0,4855361
-0,7167644
0,7028558
-0,2287727
-0,03135878
-0,2060558
0,2509313
-0,01251972
0,408157
-0,09993279
-0,2509592
-0,2572858
0,6072021
0,7819024
0,376209
-0,05809076
-0,09941775
-0,2044571
-0,1533625
-0,5118623
0,6427644
-0,2187803
-0,7508147
0,4801497
0,4652022
-0,4757059
-0,1473983
-0,2831639
0,0650706
-0,5967251
0,4273606
0,1390405
1,19433
-0,7588735
0,1046041
0,1714531
0,4494461
-0,03211522
-0,01298708
-0,6496177
0,09343325
-0,5604305
0,2917768
-0,1279243
0,716698
0,3248824
0,498332
0,09504533
0,08227605
0,7660934
0,3816189
0,3515812
-0,008260921
0,6904001
0,6185147
-0,5254634
0,3879772
0,6091099
-0,2556766
-0,3027463
0,2072474
-0,3681679
-0,01554866
-0,2455247
0,03589743
0,6515884
-0,001459539
-0,06792223
0,2672854
0,1562983
-0,02360886
0,04862005
0,2310066
-0,07120985
0,4474078
0,3254688
-0,2749126
-0,9631459
0,05773979
-0,4060338
0,4331504
0,9898818
-0,5502877
0,7774915
0,2889585
0,274666
0,5444756
0,1007807
0,3957211
0,02808875
0,4625244
-0,1349885
-0,3617271
-0,08378118
0,6631417
-0,5078912
-0,04314506
0,4913228
0,1960101
0,7631785
-0,787166
0,2457412
-0,03861696
-0,1775376
0,2832106
-0,04550435
-0,03364778
-0,1748945
-0,1112536
0,4150984
-0,1982594
-0,2469417
-0,09340405
0,3112989
-0,3643199
0,4622894
0,3652673
0,5041644
-0,7960334
0,4458013
0,5417596
-0,3785689
-0,3834499
0,04183565
0,4095388
-0,3349988
0,4120598
-0,03610124
-0,2347983
-0,3062847
0,1483249
0,03375161
-0,8308481
0,3504858
-0,07534456
-0,4378459
0,3284833
-0,3658394
-0,6936975
-0,3251399
-0,2361231
0,8302273
0,7287645
0,1373652
0,247262
-0,0635286
-0,4563491
0,173115
0,4644063
-0,3177125
-0,1342579
-0,07973816
-0,9107267
0,2984533
0,09640974
0,01455569
-0,05272193
0,2126607
0,1044724
-0,1391426
0,8624492
-0,2683241
-0,3338914
0,006977499
-0,5291206
-0,5251856
-0,02158952
-0,2878857
-0,2946641
0,09829259
-0,5503929
-0,7457061
0,3185702
-0,4236977
0,9318848
-0,2486535
1,29936
1,047596
0,1803371
-0,03715622
-0,1322352
0,1648397
-0,4740594
-0,2674206
-0,2115293
-0,778495
0,182573
-0,5433952
0,1597126
0,4338008
-0,2157288
-0,604287
-0,05551636
-0,05158561
0,3309214
-0,4913813
-0,1278231
-0,8504729
0,0916481
0,1098358
0,3681377
1,10946
-0,3689239
-0,3529968
0,1957654
0,2169121
0,2158896
-0,7028847
-0,28216
0,1889133
0,1589728
0,09629165
-0,6823192
1,052412
0,07310253
0,3401579
-0,1631846
-0,540484
0,2173117
0,07178509
-0,003418952
0,8118647
0,1500026
0,3409526
0,1948155
-0,4381177
0,4099664
-0,368827
0,2013489
0,1106307
-0,1132081
-0,1589924
0,2259296
0,4582072
0,2707099
0,5187833
0,222488
0,4934627
-0,397409
0,09843785
0,2290195
-0,01727124
0,1709357
0,9331454
0,002408743
-0,07001883
0,6441469
0,6082538
0,3895771
-0,002641156
0,4213911
-0,1652121
-0,07583405
-0,117897
-0,2726389
-0,7482731
0,4197827
-0,1481488
0,4172103
0,1822945
-0,665383
-0,08420616
-0,2462804
-0,4434441
0,2132751
0,6624186
-0,2392935
-0,174949
-0,04551125
0,03848708
-0,4294792
0,1743275
-0,09708108
0,3102495
-0,129875
0,3284848
0,5934524
0,2022284
-0,1764705
-0,1406226
0,7660285
0,2309329
0,01085144
0,1712322
0,2705134
0,2096328
-0,486627
0,3135796
-0,2231903
-0,2688737
0,3220406
0,1048686
0,6282715
-0,4435394
-0,1522911
0,222137
0,3066406
-0,07342535
-0,552039
0,5391306
-0,3366627
0,2101697
-0,2739788
1,185532
0,2225153
-0,03306073
0,4643826
-0,08567464
0,2417195
-0,2619698
0,3428586
-0,4353048
0,2586834
0,837043
0,1165022
-0,3550973
0,3407269
-0,1803903
-0,06362379
-0,237122
-0,3098407
0,8509896
-0,3666804
-0,4919893
0,7831888
-0,3267985
0,9342079
-0,2949467
1,163599
-0,1859007
0,416777
-0,02820295
-0,1310519
0,2827713
-0,1453931
0,01763678
0,9176282
0,08750665
0,1431664
-0,02202177
-0,2361314
0,127271
-0,7502639
-0,2011043
-0,0557512
0,04180092
0,3477983
0,8512216
0,04811907
-0,3889201
0,6139628
0,4736645
0,5607073
-0,3336554
-0,3502967
0,8469125
-1,052698
0,2022032
0,007839262
-0,4155468
-0,4589966
0,02422714
-0,3012651
-0,1012313
-0,1341287
-0,4809514
-0,004536569
0,3330156
-0,3072498
0,2183964
0,2961351
0,4518749
0,01781254
-0,0998897
-0,056952
-0,5134597
0,4585637
0,4917226
-0,5630684
0,3181268
0,5926601
0,3754817
-0,3344713
-0,3982727
0,3716764
0,4968578
-0,0005576015
-0,06438935
0,01483935
0,0698036
0,1925086
0,7803771
-0,2553777
0,1063251
-0,5429844
0,1525642
0,341774
-0,8488112
-0,8498899
0,003843352
0,2943729
-0,4812587
-0,4601617
-0,5228329
0,05929905
0,1627633
-0,2031658
0,1698151
0,03313021
0,1167344
-0,4729459
0,4762504
-0,4645442
0,07078516
0,7348279
-0,1547198
0,5215096
0,09777296
-0,5500789
-0,5452352
-0,1041504
-0,05536109
-0,8640611
0,239869
-0,4731376
0,2351393
0,108286
0,7860577
0,1694598
-0,3653886
0,2435072
-0,2899568
-0,1257722
-0,02597433
0,4588589
0,3991153
-0,4668083
0,4358508
0,1769015
-0,4422699
0,3654871
-0,2554959
0,6897612
0,3714066
0,3171912
0,3588537
-0,07947242
-0,3276268
-0,2691662
0,3536031
-0,7549415
0,2679155
0,2299433
-0,08684188
-0,4596314
0,1454464
0,4085054
0,1765814
-0,6123411
-0,05420858
-0,2248708
0,02902031
0,05460292
1,342139
0,2162585
-0,45324
-0,4000211
-0,1343603
-0,2544473
-0,6753029
-0,07504404
-0,1837738
-0,5489473
0,3368997
0,06821889
0,3494869
-0,689694
-0,7021801
-0,3696477
0,01509774
0,4458798
0,05298287
-0,1911888
-0,6251038
0,5695857
-0,05908024
-0,3823907
-0,4127765
-0,536133
-0,4883201
-0,4876612
0,1872143
-0,1352815
-0,1335625
-0,1458733
-0,2137602
0,501788
-0,8039728
0,1643612
0,2482184
-0,07474893
-0,02982789
-0,09243113
0,2778218
-0,7035077
0,4018541
0,344159
0,03111678
0,1965104
-0,4959918
0,05136186
0,03153878
-0,6227316
-0,6957461
0,01957475
0,4988497
-0,1566182
-0,3045919
-0,142219
-0,3233924
-0,7144965
0,4311045
0,1217402
0,3584913
1,055999
0,323993
-0,1057271
-0,3352162
-0,7039528
0,2474062
0,1954254
-0,450645
-0,02168977
0,8513115
0,7240863
-0,6427047
-0,1787399
0,2404168
0,4707388
-0,3258884
-0,4840019
0,003328905
0,2128599
-0,2277298
-0,1739765
0,1049019
0,1159675
0,03672582
-0,6859232
0,7943
-0,471602
0,09571373
-0,08979912
0,1309262
-0,5175589
0,1696344
-0,2749783
-0,16052
-0,1098224
0,1246678
0,1565637
-0,4894621
0,461691
0,3614651
0,040565
0,4659001
0,405375
-0,5812894
-0,1713708
0,7824223
0,08362436
0,6223164
0,6464295
0,5715914
0,3576253
-0,1359523
-0,1380634
-0,1064032
-0,5464111
0,7767609
0,6163938
0,04267228
0,3553097
0,2672932
0,01882106
-0,277181
-0,3595592
-0,182483
1,173332
-0,02484614
0,4773958
-0,05653049
0,4924274
-0,4066402
0,619059
-0,2451356
-0,9479082
0,7265601
0,3067283
-0,3597898
-0,7691561
-0,3054497
0,000988543
-0,2218728
0,1110338
0,4854923
0,1303325
-0,8417323
-0,0432179
-0,1329706
0,3302208
-0,05278242
0,6104659
0,1632823
-0,2978163
-0,8395851
0,5560704
-0,01796424
-0,3162112
-0,8117396
-0,2730995
-0,436681
0,197934
-0,804253
-0,806634
0,09420854
-0,7436348
0,04696172
0,388481
0,2190897
1,047409
-0,5863364
-0,4136745
0,01419222
-0,8862051
0,4450321
-1,302416
-0,3743513
0,122914
-0,02774298
0,09505385
-0,4421297
-1,185941
0,4429524
0,1751032
-0,2888348
-0,1388256
0,5449026
-0,4114172
-0,05008025
0,1624651
-0,05225509
0,8348963
0,6308118
0,5340587
-0,8131555
0,6617862
0,5663638
-0,08841819
0,4919013
-0,1056592
0,4733266
0,5006155
-0,1512648
0,6472446
0,4009334
-0,7983088
-0,02525741
0,4643485
0,1298963
-0,7623916
-0,1666082
-0,6677348
-0,4019912
-0,4467348
-0,4926674
-0,6617873
0,4896722
-0,01523705
0,3034439
0,434573
-0,7828315
-0,08516651
0,03059226
0,2648584
-0,3663594
0,1625417
0,2539474
-0,4064541
-0,2975387
0,3992544
0,07144791
-0,1822199
-0,5943962
0,3860323
0,5163711
0,1119757
-0,4162432
-0,5159664
-0,1816486
0,1281741
-0,04998761
-0,2504719
0,2789615
0,05195647
-1,105682
-0,01715779
0,2554718
0,4796852
0,8235866
0,04486734
0,4471457
-0,1342294
0,5386832
0,1883097
-0,3636408
-0,5837741
0,5413005
-0,02306426
0,1092438
0,7935853
0,4753693
0,03879595
0,03722519
-0,2259994
-0,6580521
-0,6197401
-0,09362441
0,1253262
-0,2889936
0,3022903
0,4735647
0,1366616
0,4431278
0,1794391
-0,5618707
-0,3877122
-0,6903727
-0,2781898
0,215578
0,1052353
-0,06601602
0,1350017
-0,6293989
-0,2712885
0,5412763
-0,1603165
0,3929185
0,4716362
0,5612987
-0,05314094
1,137584
-0,08797199
-0,4756355
0,09544723
-0,3495009
-0,2095081
0,3392355
-0,1744729
0,1059408
-0,3795053
-0,09498042
-0,01877224
0,4928116
-0,2027182
-0,1569028
-0,6203798
0,07602739
-0,1156765
0,8506916
-0,08384283
-0,8518714
0,350338
-0,5305367
0,4319959
0,3445396
0,2642405
-0,4046047
-0,1798464
-0,01755947
0,3494799
0,1965493
0,2484192
0,4473696
0,3633519
-0,6400135
0,5363286
-0,1869052
0,06667571
0,5115539
-0,05268063
0,1771601
0,4965183
0,3747271
0,6489441
0,03548807
-0,4487361
-0,463791
-0,3075588
-0,3896558
0,1621847
0,07263571
0,3097506
0,4028819
-0,4495813
0,1180784
-0,2746111
0,3683958
0,8782723
0,1939443
0,1345779
0,04630148
-0,2461593
-0,200939
0,1796727
0,1050056
0,02413505
0,4362001
-0,1056024
0,5157874
-0,2828599
0,1473579
-0,1198844
0,01972705
0,1883296
-0,2952716
0,2966905
-0,3654844
-0,03500117
0,6529142
-0,3938087
-0,1945055
0,0873279
0,1200743
-0,2707087
-0,05220389
0,554022
0,5105492
0,1573647
0,2802148
-0,6184636
0,4387037
-0,7273517
0,2702571
-0,1916646
0,5123581
0,2734696
0,2781974
0,8530879
0,05202657
0,4863661
0,7106276
-0,3534791
-0,1940374
0,1104878
-0,352355
-0,1745524
-0,3384552
0,1689963
-0,1259734
0,1601562
0,1692153
0,1887242
-0,1202534
-0,1555974
0,727784
-0,4700687
0,1641188
0,2277291
0,4705331
-0,5555758
-0,4890665
-0,2549281
0,1562174
-0,7006156
-0,7111821
-0,2905319
0,2598264
0,4291319
-0,968765
-0,4203628
0,05850911
-0,6435798
-0,2900871
0,427841
-0,4789984
-2,463162E-05
-0,1348504
0,03796411
-0,2776517
-0,3790063
0,2346794
0,4030263
-0,1253955
-0,4391387
0,1887446
-0,05916667
0,4569989
-0,05016559
0,3896067
-0,01894851
0,1059303
-0,353468
0,4589863
0,3339429
-0,0472945
-0,2221461
0,2879949
0,9331952
-0,06700015
0,4016587
0,1845805
-0,7379314
-0,2975605
0,6795821
-0,03073406
0,03564006
0,5052092
0,06526858
-0,2743265
-0,1182911
-0,2269467
-0,1045624
0,3338598
-0,07201731
0,01022083
0,4796739
0,2071915
0,9023254
0,1094074
-0,1153331
-0,03200901
-0,4837973
-0,3105161
-0,6290137
-0,5170197
0,4111356
0,8135637
0,9257035
0,5958621
0,1310639
-0,4357483
-0,1819208
0,4656091
-0,111841
-0,08437049
-0,4074222
-0,0738129
-1,244028
0,1564492
-0,3378741
0,3722414
0,9359322
0,0127809
-0,1409395
0,7911035
-0,02409132
0,2138324
-0,6492913
-0,1666496
0,4764992
-0,6261752
-0,1395504
-0,416218
0,3107896
0,2865849
-0,09738332
0,2504697
-0,3706533
0,3621376
-0,1040995
-0,659134
0,363405
0,05107433
0,5673266
-0,03114492
-0,140999
-0,06065857
-0,4033165
-0,464609
-0,1559848
0,5283289
1,11207
-0,1610587
0,3102442
0,01300895
-1,26716
0,5915189
-0,5576296
-0,7423571
0,4014854
0,5096157
0,06046444
0,4117604
-0,7798389
0,1054105
-0,3362771
0,3988628
-0,458248
0,1758218
-0,7090585
0,1812956
-0,4844621
0,3321272
0,1843111
-0,3769424
0,03149492
-0,358649
-0,3233687
0,1259916
0,2284611
-0,2299617
-0,3683182
0,3784204
0,5409939
0,2683171
0,3247754
0,4182985
0,07355899
-0,6206654
-0,279019
0,6529049
0,3155826
0,4802685
-0,1870078
-0,3473957
0,7107756
0,1884469
0,4619558
-0,2766675
-0,7455969
0,8902889
0,3093314
0,003962874
-1,277982
0,3225595
0,3951132
-0,7977353
0,6959311
-0,1248285
0,332485
-0,2110288
0,2016992
-0,2327536
0,03688025
-0,352211
-0,801688
0,1773471
0,02019083
0,1735163
-0,1103936
-0,4275626
-0,6485801
-0,4069829
0,2436151
-0,3805824
0,2231617
-0,4205656
0,1449545
-0,8838538
-0,06996912
0,02943806
-0,242881
0,3640408
0,1144451
-0,6416197
-0,3881286
-0,7535542
0,4410482
0,3519599
-0,3720487
0,06185591
-0,3633246
0,4265627
-0,7394868
-0,1341134
0,04440314
0,09478265
0,455585
0,4264897
-0,2727673
-0,3098813
0,3273597
1,078872
-0,1109861
0,1501887
0,2786703
-0,6056911
0,1034905
0,2149448
-0,3879915
0,01428859
0,6820098
-0,4249478
0,3566865
0,5447412
0,2931789
0,5807158
0,2551982
-0,6847216
0,5097933
0,6143062
-0,3357978
0,1449414
-0,5424675
-0,0766439
-0,6601865
0,7525609
-0,3872902
0,2415394
-0,1251506
-0,2749624
0,4205256
0,4745483
0,01132862
-0,1370134
0,09799409
0,4372818
-0,3964508
0,01797569
0,105216
0,4920459
0,06552234
-0,5906787
-0,4635204
0,4992954
-0,2101366
0,843973
0,2114028
-0,01599342
1,796155
-0,1337642
-0,7185089
-0,1157033
0,0349856
0,05601591
0,647651
-0,01192266
0,8842231
0,2929847
0,03989309
-0,02521884
0,02443713
-0,02650124
-0,5940562
-0,1998344
-0,4221783
0,3273579
0,1820115
-0,0474022
0,2543847
0,01019287
0,8183619
0,62129
-0,6349903
0,5686275
0,6012513
-0,2766798
0,8666977
-0,5683166
0,8535806
0,4443518
-0,2830045
-0,4451494
0,3654763
-0,08573794
-0,5106007
-0,1626159
0,06149685
-1,074255
0,6506146
0,2752028
0,5143628
0,184392
-0,2199001
-0,08618319
0,3696735
-0,08976454
0,1638341
-0,8987644
-0,4908788
-0,4296461
-0,2420326
0,05026096
0,08113462
-0,1868625
0,2071743
-0,01342696
-0,02486449
-0,1793248
-0,4092724
0,2150853
-0,3952932
0,4749642
0,08686721
-0,6806437
-0,3725854
-0,3891689
0,709401
0,3917381
-0,7041777
-0,2517392
-0,2958207
0,006454408
0,04921842
-0,4709148
-0,3471367
-0,2937391
-0,5437383
0,1740986
0,2577594
0,3650656
0,2124328
0,5336971
-0,7832013
-0,7041856
-0,4963047
0,02669126
0,09462881
0,4881967
0,05736876
0,1026888
0,5966517
0,1984371
0,3725988
0,1254059
-0,855547
0,4054825
-0,03222638
0,2297245
0,02608585
0,1395686
-0,4022079
-0,1998278
0,4400344
-0,4254369
0,01784037
0,06339008
-0,6398711
0,04405695
-0,133011
0,3211894
0,2677559
-1,065384
0,3988733
0,02199662
0,1283968
0,4271392
-0,6598811
0,4031806
-0,1587851
-0,1075642
0,2180248
0,5233291
0,4690474
-0,1963508
0,01254469
-0,3348545
-0,5950623
-0,03261125
0,2705782
-0,9011539
1,097739
-0,1503672
-0,8212386
-0,001840353
0,2762043
-0,1459226
0,04595411
1,073687
-0,1013059
0,6744412
-0,6765648
-0,2295782
-0,2039893
-0,5316894
-0,2930323
0,4270651
0,6434123
0,04168099
-0,2066076
0,03154516
0,4206054
-0,1305429
-0,11572
-0,2727566
0,5195675
-0,1367129
0,4149846
-0,7177473
0,1980278
0,4065531
0,4866523
0,08850944
0,341385
-0,1520143
-0,2465143
0,5238922
0,6207311
-0,1381366
-0,4315908
0,07063884
0,3264695
0,6346036
0,7712151
-0,2435273
0,3610005
-0,04282105
-0,3298433
0,6139404
-0,2934363
0,08803922
-0,4489539
-0,6855776
-0,2854052
-0,06796481
-0,01725471
-0,4614736
0,4302489
-0,04429376
0,008043706
0,3851769
0,5285758
-0,3408406
-0,5448329
-0,428436
-0,205691
0,1473534
-0,1609318
1,139613
0,2471307
0,2744154
0,2564948
-0,5708613
1,036916
0,2412422
-0,09077036
-0,334905
0,1178689
-0,6257046
0,02895939
-0,2038521
-0,5637863
-0,5061491
-1,424985
-0,2470148
-1,263674
-0,2468265
0,9480302
0,08581889
0,2416002
-0,1156583
0,06521696
0,01142704
0,01401621
0,3209906
0,3403218
-0,410691
0,7570279
0,05551022
-0,3391874
-0,1434334
0,04590684
-0,09548157
-0,930056
-0,299175
-0,7281299
0,2664518
-0,00691247
0,260298
-0,8842079
0,3361306
-0,3529975
0,5611543
-0,4918104
-0,1812086
-0,1522075
0,3784568
-0,09871508
-0,8284492
-0,004641533
-0,158802
-0,0428704
0,8857382
0,2511738
-0,2308635
0,1562001
0,8195785
0,3819751
-0,1815835
-0,3090277
-0,3306174
-0,324289
0,2715829
-1,00032
-0,3820817
0,4926393
0,384373
-0,08365858
-0,5023628
0,8143497
0,7554121
0,7051633
-0,6881248
0,4675615
-0,2513402
0,6278559
-0,202376
-0,3676955
0,2746857
0,2078983
0,1452512
0,3435135
-0,1738342
-0,1047011
-0,2165917
-0,9905741
0,2163154
0,4381129
0,1510894
-0,3077179
-0,146282
0,2046775
-0,3709753
-0,3723218
-0,7976047
0,2540344
-0,1132264
0,3947726
-0,1023811
0,2136286
0,3129752
-0,8052542
0,593653
0,2474991
-0,09677368
0,002321169
-0,004536986
0,08901793
0,400768
0,2366977
-0,5686808
0,9036726
-0,3354669
0,4772042
0,2612021
-0,1336982
-0,4454544
0,1311503
-0,08351445
-0,4795858
-0,896207
-0,3322178
0,3740704
0,2061885
0,4977511
-0,01105827
0,2520911
0,8120169
-0,006703794
-0,367594
0,2940004
-0,08806646
-0,3050805
0,03604619
-0,4959247
0,5539414
0,3802379
0,2404586
0,4431111
0,1665208
-0,5997519
0,4711512
-0,09863819
-0,01346672
0,1071958
-0,2719347
0,4787621
-0,3565635
0,3611225
0,3756554
0,325869
0,02936798
-0,2458772
0,02940828
0,04472411
0,5521972
-0,15412
0,3208005
0,2381345
0,3690761
-0,7928061
-0,3086174
-0,4896165
-0,2433428
0,02082801
-0,1605162
-0,2012444
0,007360995
0,6472822
-0,05588736
-0,2189884
-0,129011
0,3461469
0,02002025
0,1028627
0,5224256
-0,1489747
-0,3274659
-0,4257655
0,3197752
0,2542793
-0,1885743
0,2911546
0,3328184
-0,7708496
-0,6617058
-0,07398224
0,7797089
-0,652633
0,2244276
0,3579884
-0,5849654
0,289003
-0,775292
0,6259533
-0,3646512
0,1714647
-0,1011412
-0,2050099
-0,842159
0,3266246
-0,1221904
-0,1276673
-0,144423
-0,3028289
-0,2968075
0,4226778
0,1841215
0,1838225
-0,2029057
0,1051661
0,02553648
0,2037446
-0,2838933
0,2154652
-0,2733057
-0,4701621
-0,2642289
-0,2743729
-0,5572256
-0,2088134
-0,2632265
-0,4391775
0,5143319
0,05074082
0,861551
-0,4071802
-0,03068548
0,5606112
-0,3006088
-0,4071978
0,09810704
0,278164
-0,3375959
-0,3207034
-0,2468869
1,672749
0,4033704
1,242227
0,02461879
-0,4308423
-0,09669703
0,04631287
0,09715587
0,1045136
-0,5252198
0,4965954
0,02188396
-0,5695363
-0,04310566
-0,3162947
0,5832677
0,0410409
0,1653064
-0,766881
0,8953556
0,1608736
-0,3604474
0,9585041
0,2049708
0,2287379
-0,1216648
-0,1505217
-0,4028639
0,04890317
-0,5058716
-0,4592714
0,2952241
0,08583617
-0,4909526
-0,07499331
-0,1825993
-0,1006013
-0,4354142
0,4993635
-0,4248927
-0,7073324
-0,07335252
0,09686637
-1,301418
-0,1719715
-0,2984936
0,1031208
0,08058792
0,7773098
-0,2299578
-0,4200123
0,4868707
0,3329072
-0,1808183
0,7031708
0,4300094
-0,5567385
-0,05598181
0,4271671
0,3470833
0,06991243
0,2192559
0,3631669
-0,4974453
-0,1280786
0,6795498
0,4417754
-0,0669511
0,1442268
-0,2350033
0,6436442
0,14135
-0,4094226
-0,4653759
0,3857464
0,7162254
0,2922031
-0,3503062
-0,6521129
-0,3504105
-0,3904822
-0,8308759
-0,1623507
-0,5575761
0,1677627
0,4216154
0,4888529
0,1951983
-0,291639
-0,4743414
-0,7154905
0,3931256
0,1006593
0,1922756
-0,07631546
0,3122467
-0,8266775
-0,0023821
-0,3547124
-0,232883
-0,3360392
0,3796048
-0,2557112
-0,03839612
0,2144684
0,1103595
-0,08137184
0,4650896
1,010606
-0,6799424
0,03814131
0,2054014
-0,7582512
0,1951789
-0,3453432
-0,5613579
-0,01065844
-0,7867426
-0,07877165
0,4588065
0,4236269
-0,6099232
-0,4292305
-0,1767368
0,457334
0,5606765
-0,9137498
0,1977062
0,5884917
0,5301639
0,46136
0,4320116
-0,3467201
-0,08930065
0,4912094
-0,2581154
0,457129
-0,006035402
0,4585593
-0,4142792
-0,2331155
0,1219901
0,4673856
-0,4592494
0,2474397
-0,06268543
0,3088156
0,1923104
0,4843519
0,2999627
0,5798458
0,4954786
0,4626293
-0,09741195
-0,409154
0,7393303
-0,3575035
0,134717
0,3309682
0,2114682
0,1637136
0,1014452
-0,4911839
0,1712855
-0,2853092
0,2224396
-0,4278301
0,4944649
-0,3658249
0,1920578
-0,130212
-0,2720895
0,03383613
0,4247353
0,4888626
-0,408292
-0,4411127
0,08517081
0,1495106
-0,4904128
-0,5130283
-0,4553601
0,3366846
0,4111112
0,2581866
-0,1538997
0,1085281
-0,1461459
0,5040532
0,03862417
0,2561705
-0,2254427
0,0187704
-0,2903931
-0,0455721
-0,6852534
-0,7100171
-0,5960265
-0,2091632
-0,3032327
0,135877
0,6889617
0,2183204
-0,08568609
0,01544099
-0,06739129
-0,3091984
-0,340114
0,007325947
-0,3455382
-0,07333541
-0,4785293
0,03174371
-0,3944027
-0,7421615
0,9692397
-0,5845188
0,2844448
-0,4970941
-0,4760377
0,8479332
-0,254723
-0,4035099
0,1179017
0,2921791
0,3304099
0,6029369
0,6923831
0,06787634
0,06126761
0,4093434
-0,4783872
-0,9386477
-0,4085006
0,3414511
0,1285072
0,3785578
-0,5506227
-0,2862341
0,6242039
-0,06750965
-0,404264
0,3069324
-0,9226763
0,1871799
-0,4354367
-0,2821627
-0,2059031
0,02993588
-0,01463157
-0,5372118
-0,1305538
-0,2828508
0,3797156
0,1123919
-0,2643251
-0,3082205
-0,3699564
1,296403
-0,500957
-0,56685
-0,3393209
-0,1153996
0,4259576
0,4156671
-0,2400276
0,4572214
-0,7316188
-1,072021
-1,267971
0,01216441
0,4461452
-0,007081747
-0,4056545
0,1576682
-0,3380117
-0,2107262
0,0942567
-0,6383694
0,01655304
0,1126837
-0,2350655
-0,01545763
0,1016117
0,2475955
0,6546777
0,322401
0,7230411
-0,1168899
0,1683236
0,05970216
-0,4227094
-0,4761072
0,2312083
-0,3320085
0,2744642
-0,1025606
-0,2011256
0,859296
-0,13989
-0,2332879
0,08049123
-0,8173608
-0,1721479
-0,08268875
0,09054916
-0,3654913
-0,4356003
-0,3968753
0,4441698
-0,5076249
-0,3107257
0,2875962
0,3615615
-0,2713258
0,122151
-0,5467718
0,3445352
0,06055391
-0,1413167
0,6918818
-0,5338519
-0,6412126
-0,3272706
-0,359828
0,1205052
0,222912
-0,261353
0,03335997
0,6453931
0,2761465
0,5730488
0,1796515
0,3218566
-0,7183871
0,1773503
0,5537212
0,1301756
-0,2023326
0,193258
0,04929751
0,235443
0,5069997
-0,2190523
0,12939
0,2578743
-0,2229577
0,3474364
0,06358248
-0,2391028
0,5546339
-0,1377429
-0,3029596
-0,8400019
0,2093173
0,02892672
0,07074964
0,7275682
-0,3224976
0,2059218
0,7613493
-0,02386141
0,4183693
-0,2720782
0,2222488
-0,275941
0,5899633
0,1403674
0,1229647
-0,2147692
-0,1196895
0,02207041
-0,180034
-0,08628404
-0,4842806
-0,8512012
0,4233398
0,3111329
-0,4566483
0,2061402
-0,02936798
0,1483847
0,6724663
-0,1905857
0,09677583
0,455228
0,4674201
-0,4993325
0,2000255
0,498901
-0,4178448
-0,1312706
-0,3187476
-0,3676106
-0,6172407
-0,2010818
-0,1282161
0,4793459
-0,3545647
0,2543582
