0.2905619
0.1343354
0.4629482
75158.66
21705.8
148850.1
-22506.65
116885.3
98057.86
-16552.08
-14129.52
59336.5
-100892.9
1925.115
426.5401
-2245.736
-2643.13
-965.1501
-2393.469
-2809.932
586.6292
1339.454
-1798.3
12.8447
63.4486
3.884969
106059.7
225455.1
65643.15
31557.17
110407.9
19399.42
210435.6
433620.7
133968
-33625.17
-63304.35
-19318.65
174942.2
528091
102276.6
144613.7
500568.6
86695.67
-23744.55
-71119.42
-13696.56
-19612.24
-34376.43
-12681.07
88319.73
216305.7
52299.6
-144637.8
-352795.3
-87105.73
227.2234
773.2866
275.7919
1678.208
733.4022
1005.527
1486.615
1794.478
1538.608
1644.354
49.91998
172.3617
58.97787
371.64
161.861
222.1275
327.0684
398.1066
340.923
364.0513
-267.2172
-899.3179
-329.1899
-1956.182
-860.3593
-1174.624
-1738.604
-2091.335
-1792.907
-1917.636
-311.4157
-1060.805
-379.347
-2305.396
-1007.31
-1380.789
-2043.337
-2464.47
-2113.219
-2258.804
-113.0845
-387.5133
-138.3299
-842.9658
-365.0453
-503.6681
-747.8452
-900.0975
-773.1885
-825.636
-297.3018
-962.1981
-363.3263
-2069.843
-937.1112
-1251.701
-1836.333
-2220.425
-1895.344
-2030.661
-339.1888
-1128.504
-413.2828
-2440.844
-1086.028
-1469.322
-2163.972
-2614.071
-2235.896
-2393.235
69.06081
236.5397
82.67186
511.2135
223.2891
306.1423
451.4983
547.3036
468.9297
500.7741
157.9272
539.8823
190.507
1167.734
508.8736
698.4779
1032.244
1248.941
1071.056
1143.808
-215.2275
-719.8953
-264.1633
-1564.42
-692.2922
-941.0581
-1390.14
-1673.883
-1433.359
-1534.137
6.44735
6.920686
5.810456
6.522402
3.330266
9.183864
7.450271
6.922205
4.729469
3.522456
31.87647
35.32772
27.20811
34.02082
16.95292
46.77549
38.33287
33.56106
23.73557
16.30057
3.04171
2.993064
0.3777405
0.666711
0.2985869
0.9914476
0.8236951
3.032113
2.744892
0.172036
