-0.004423082
0.1820739
0.4702119
0.01083118
-0.2256919
0.1177476
0.1988176
-0.3094434
-0.111447
-0.3004164
0.3888425
-0.3285669
-0.1367639
-0.1180045
-0.2061746
-0.01011962
-0.487661
-0.341575
-0.1453535
-0.04445773
-0.3498849
0.2149726
0.1518848
-0.4609332
0.2254447
-0.04261619
0.3200408
0.3937082
0.3798929
-0.3215779
0.05720347
-0.3087397
-0.4358673
-5.551276
0.4614933
0.04840285
0.1898234
-0.4200364
-0.3685497
0.3373969
-0.4145585
-0.4963813
0.1174003
0.3650991
-0.08532661
-0.4113653
0.2265335
-0.1302168
0.02291435
0.4826181
-0.223278
0.3104631
0.01683575
0.4800447
-0.208553
0.2980566
0.1341345
-0.08880442
0.193241
-0.09303743
-0.3851358
-0.4815836
0.3926739
0.2622429
-0.1747249
-0.2657485
-0.01486224
-0.4769849
0.08384842
-0.3956871
-0.3785483
-0.2072628
0.04735011
-0.06824714
-0.1484407
-0.4770492
0.09214348
0.2364172
-0.4477524
0.2834659
0.2690166
-0.1024416
0.03959817
0.2780639
0.1529797
0.05620521
-0.4415655
-0.240861
-0.4742712
0.3218126
0.1046118
0.07959765
0.2343302
-0.06224543
-0.3606104
-0.414205
0.4792582
0.1872394
0.09736043
-0.02979058
-0.3623645
0.008554876
-0.1038514
0.2760459
0.0814411
-0.4960463
-0.1674631
0.3822423
0.08821207
-0.2561004
0.1375781
-0.02978367
-0.3524503
0.199734
-0.2428997
0.1460502
-0.2483829
-0.2412444
0.1720447
0.2101045
0.2371232
-0.1904297
0.3837317
-0.474812
-0.3779908
18.03028
-0.1947014
-0.2294399
0.1172478
0.4382899
-0.3898354
-0.0009000897
-0.01231152
0.02967447
0.47852
-0.181195
0.4685316
-0.4857094
-0.03062016
0.2474983
-1.026259
0.01299483
0.2928472
-0.2227736
-0.487662
-0.3233552
0.0004318357
0.0936572
-0.4873713
0.4858822
0.3461109
-0.1500643
0.07014853
13.61279
0.495315
-0.3785391
0.2475684
0.06351525
0.3696643
-41.25529
0.3218263
0.4373229
0.0004048944
0.4597292
41.05616
-0.2953809
-0.1256645
0.4245671
0.2960229
-0.4071146
-0.2236695
0.3677565
-0.1642665
-0.2580392
-0.1353408
0.1515668
-0.376498
0.2788688
0.3243346
0.2144203
-0.237917
-0.1150619
0.06895453
0.05581814
-0.2028157
-0.4594287
0.4295164
0.07450658
0.1009018
-0.3327168
0.2362029
0.06566554
0.4322803
0.3464689
0.2306564
0.2532041
0.2082296
0.313441
0.05818611
0.2720587
-0.3247505
-0.4483926
-0.3735942
0.08342379
0.3225256
-0.1608136
0.3285841
-0.03832895
-0.3871748
-0.159569
-0.03395516
0.1845816
-0.4465019
0.3147283
-0.3056666
0.1332024
-0.4723634
-0.07814342
-0.2213472
-0.1352604
0.03036183
0.3027143
-0.3219919
-0.3984636
-0.3603772
-0.1006781
0.4764878
0.3411552
0.1006328
-0.4412217
-0.2208495
-0.3654312
0.1143166
-0.2590777
0.2596314
-0.140484
0.221589
0.4749179
0.3134893
-0.2671069
0.08937699
-0.1587701
0.1771756
-0.2270352
0.004179418
-0.09662014
-0.2217361
0.2775197
0.3152834
0.4862781
-0.3151927
-0.03612
-0.2988389
-0.4196984
-0.2972645
-0.1274268
0.1229733
0.3711085
0.152878
-0.3735404
0.1226608
0.1175396
-0.3318268
-0.02561921
-0.2908059
0.2591881
-0.2415819
0.296566
-0.4036551
-0.005276382
0.07546037
-0.311188
-0.1374843
0.1457114
-0.002534091
-0.2550783
-0.1910959
0.2034193
-0.2222974
0.007614911
-0.481456
-0.006297052
0.2673432
0.3738155
-0.07918984
0.4460367
-0.0093804
0.3541005
-0.1904498
-0.209693
-0.262351
-0.1318921
-0.2777346
0.4468428
0.447247
-0.4674325
-0.2304055
-0.2612461
0.07154113
-0.249998
0.08749169
-0.3169483
-0.3325601
0.2362631
-0.4594189
0.4787686
-2.841525
0.01951379
0.2046019
0.2937182
0.4720899
0.4187168
-0.1206329
0.1970899
-0.1570079
0.358543
0.4306597
-0.2482283
-0.0687992
0.3331039
-0.330166
0.2398175
-0.4901557
0.1344581
-0.06497258
0.3151225
-0.190531
-0.2386863
-0.2890728
0.3551432
-0.4467567
-0.03050154
0.3462509
-0.4003994
-0.09652215
0.4335119
0.4160835
0.459363
0.4772183
-0.4902667
-0.3163979
-0.4403665
0.3699397
-0.406424
-0.1055588
0.04599541
0.1612836
0.3499675
-0.1528791
-0.05916542
-0.2405613
-0.4597492
0.4962442
-0.009644687
0.08173114
-0.466917
-0.4147154
0.4394687
-0.3811952
-1.642053
0.01441902
-0.2135451
0.2291943
-0.2606416
-0.1813408
0.3613703
-0.403878
0.488986
0.3208749
-0.2322614
0.04242021
0.01436859
0.4699129
-0.09036273
0.1303794
0.03623551
0.2519348
-0.2542703
0.07493037
-0.02847248
0.1417736
0.07794327
-0.1113169
-0.3705834
-0.03759319
0.2754587
-0.01477939
0.007180154
-0.1308008
-0.3496782
0.2512144
-0.2956315
0.4009731
0.09522575
-0.4329348
-0.4606375
0.1314167
0.09353358
-0.4929672
0.03656262
-0.1152288
0.2147617
0.3467991
-0.1955866
0.2460157
-0.3721136
0.4805104
0.2747622
0.4292257
0.06659812
-0.3926147
0.1335759
0.1773003
0.05187029
0.3702646
0.04924661
0.4491643
-0.4639469
-0.4970552
0.3959579
-0.455039
0.3941244
0.01120478
0.1853229
-0.3871566
0.3883839
0.1606127
0.2244948
0.2427446
-0.38825
0.1137044
0.330912
-0.7304624
-0.2907888
-0.3669767
-0.1652902
-2.91327
-0.2516358
0.08424038
0.2340983
-0.4956243
0.3114699
0.1998393
0.2710208
0.00122422
0.04266173
-0.3639663
-0.4827706
-0.1334003
-0.4940031
0.2319809
-0.4406573
-0.08238906
-0.2525674
0.17248
-0.06922561
0.325192
-0.3661057
0.4187045
0.07362181
-0.2769922
-0.2035851
-0.3336399
-0.1169041
0.1952156
-0.4986286
0.02097291
0.4078711
-0.497455
0.21919
-0.2483317
0.4052089
-0.05262417
0.4757458
0.07047707
-0.2970762
0.06090051
-0.1773145
0.3267376
0.1361422
0.09921807
-0.3499937
0.05496341
1.210835
0.1126782
0.03191608
-0.4162328
0.1033816
0.2735919
-0.3117737
-2.456047
0.2893138
-0.4317919
0.201103
0.1596066
-0.1759945
-0.3962532
-0.4665437
-0.3262182
-0.001014054
0.2360319
0.3627665
0.1678076
-0.3783116
0.4735279
0.1594605
-0.2116681
0.04817063
0.4294676
0.3905556
-0.4669766
-0.007250726
-0.01930445
-0.459892
-0.03752774
0.149976
-0.4972287
-0.2109432
-0.3409691
0.1688492
0.4448797
0.08491868
0.3225741
-0.08312458
-0.4227161
0.472199
0.278138
-0.4492663
-0.1905916
-0.1843877
-0.003377497
-0.2270623
0.07727271
0.1804509
0.450123
-0.3931557
-0.04718763
0.04123169
-0.2758021
0.1185134
0.4045467
0.2882
-0.3983703
-0.268808
0.3315604
0.2900951
0.1205491
-0.1542497
0.3944016
0.1053526
0.4156613
-0.1232224
-0.1389177
-0.1318229
0.03658634
0.4355031
0.1423739
-0.1838703
0.3540704
0.2446476
-0.0967477
-0.4341435
-0.08173102
0.1769752
0.01106089
-0.1962437
-0.3654912
0.3739582
-0.4876575
0.4897624
0.1463476
-0.09675795
0.4327328
-0.1071407
-0.3742517
-0.4458481
0.02070922
0.3063567
0.2066635
0.2396113
-0.09158272
-0.4048541
-0.05032343
0.1437698
-0.4290948
-0.2375646
0.3162278
0.1089485
-0.4675461
-0.02705258
0.01740211
0.1500515
-0.4271976
-0.1831781
0.1634439
-0.3253083
-0.1162185
-0.2608721
-0.2530044
-0.4218054
0.0737887
-0.2457117
0.4869767
-0.04235786
-0.4530246
-0.1537728
-0.1511231
-0.5567597
-0.06915206
0.05074459
0.1378529
0.2576485
-0.4234972
-0.4957622
0.2323376
-0.4975295
-0.204439
-0.30936
0.2361959
-0.2987896
0.2171256
-0.01826304
0.1634046
0.3414164
0.04027683
0.304862
-0.3458097
-0.07117802
-0.455547
0.1632202
-0.2329333
0.1058962
-0.04012972
0.1769152
-0.3812623
0.1347236
-0.4273787
0.4496177
-0.3515941
-0.3945416
-0.1534743
0.4880792
-0.2611312
0.3590964
-0.09286827
0.001957476
-0.1927197
0.1402881
-0.08148187
0.1733532
-0.3254286
0.220672
0.4540689
-0.3654315
0.3963959
-0.0209493
0.1915488
0.08384007
-0.3047974
0.4991382
-0.2467998
-0.2184338
0.157511
0.3352226
0.4320033
0.2906023
-0.3229121
0.1212693
-0.1369305
-0.4714299
0.07514733
0.1671899
-0.1483832
0.1598861
0.2179456
0.4114199
0.3922573
0.08240052
0.2037501
-0.470836
0.4770019
-0.3797318
0.02801317
-0.2017451
-0.02969998
0.2260846
-0.280768
0.442212
-0.3308374
-0.4554621
-0.4313241
0.1539398
-0.4815935
-0.3217558
0.3368348
0.03363055
0.3024691
-0.06839544
-0.3428484
-0.09370941
-0.06522399
-0.4645447
0.1422219
0.08513063
-0.2776424
0.4448888
-0.05290753
-0.2381609
0.3946021
-0.2419253
0.2986661
0.1661807
0.01578087
-0.1631756
-0.4398465
-0.2923014
0.2770208
-0.08390146
-0.02855104
0.1515977
-0.3038845
0.2108452
-0.09778613
-0.1464593
-0.3439795
0.3018447
-0.2611517
-0.1033382
0.1482817
0.2564247
-0.3254107
0.4628146
-0.1058378
-0.3506045
-0.327238
0.1129238
-0.3815213
-0.2335202
0.1287736
0.07745296
0.09224027
-0.2525138
0.1101224
-0.1441931
0.1904814
0.3596309
0.01836187
-0.06256014
0.4270924
0.08743399
0.1112362
0.01922041
0.04485208
-0.1464412
-0.4476964
-0.1118683
-0.3996387
0.3072842
0.3342031
0.4656967
0.2002481
0.4919947
-0.02341431
0.2730718
0.2650217
0.3573626
0.1597043
-0.2919019
-0.290668
-0.05264467
0.4891857
0.1095623
0.1460141
0.07933801
0.1292868
0.02510494
0.1282635
0.3403026
-0.3666821
0.09433156
0.2584045
0.1703714
-0.3333284
-0.008338988
-0.07450432
-0.2791953
-0.4298509
-0.4254456
0.4977853
0.442691
0.2009044
0.3552786
0.4980123
-0.02030939
0.02596277
0.419996
0.1324432
0.322824
-0.05523902
0.038436
-0.1035358
0.01340133
-0.3644596
0.3335233
0.44046
-0.2258468
0.08692175
-0.2828974
0.1743264
-0.06748372
0.3526517
0.4489197
-0.3092765
0.4103867
-0.3356318
-0.2734443
0.2195537
-0.38275
-0.1118147
-0.1734326
-0.1289235
-0.2230006
-0.326216
0.06207126
-0.01031226
-0.4688611
0.4557478
-0.04012269
-0.3850888
0.2477653
0.3613666
-0.02811414
0.3843602
-0.03222519
0.3936294
0.3010702
-0.4468908
0.3658856
0.01727515
0.1455172
0.1761454
0.1524193
-0.3169701
-0.305639
0.4771563
-0.1813158
-0.07374579
-0.3955861
0.1469761
0.2475916
-0.03777725
-0.09076649
0.2549043
0.1780592
-0.3794469
-0.3805466
-0.4119616
0.3631338
-0.05525178
0.4392133
0.3767884
-0.3676287
0.1600243
-0.4271392
-0.3061863
0.4141366
-0.1779249
-0.1818267
0.3765439
-0.1195009
-0.2739345
-0.2483253
0.3182099
-0.2949457
0.3548077
-0.08553487
0.1431188
-0.2655367
-0.3461
-0.1064823
-0.1874053
-0.2992946
0.1544018
0.3628082
-0.1640365
-0.1857612
-0.01384157
-0.2960145
0.06759351
-0.05853218
0.06532508
0.01971871
-0.05879182
0.4077088
-0.3173572
-0.3981774
-0.2111725
-0.07434207
-0.2040841
-0.1975833
0.3695778
-0.474614
0.4492453
-0.2191829
0.08620566
0.3674848
-0.03974396
-0.2259142
0.1760163
0.4730906
0.3849275
0.322862
0.3685646
-0.3662473
0.07994169
-0.4642253
-0.4456193
-0.1764458
0.03388566
0.2397964
-0.4475417
0.4504843
0.06081253
-0.320714
-0.4032354
-0.06314117
-0.4627626
-0.2114038
-0.3541173
0.02341336
0.1213045
-0.06576842
-0.2952704
-0.3843199
0.228781
-0.01352674
-0.2487834
0.3834262
0.2965702
-0.1639195
0.4118247
-0.009493768
0.01318663
0.08820409
0.4152482
-0.1957282
0.4717405
-0.3824844
-0.0546146
0.006994426
0.3352182
-0.4652519
-0.4986004
0.05886084
-0.01418823
-0.3164476
-0.8947274
-0.2111921
-0.326118
0.06003577
-0.07418495
-0.4902126
-0.385643
0.01858109
-0.2729299
0.1858411
0.4350209
-0.3618709
0.4271402
-0.2166149
-0.01057476
-0.4805417
-0.4288774
-0.03821141
0.4648625
0.4577954
-0.45627
0.4426438
-0.376598
0.3690649
0.2970657
-0.3089463
-0.005909622
-0.2116184
-0.4215627
0.4296345
-0.05441266
0.2247906
0.3525474
-0.0665645
-0.4033384
0.06231159
-0.1504366
-0.3761444
0.1969744
0.3389364
0.4773302
-0.469175
0.2075912
-0.3783658
-0.01617533
-0.09100646
-0.01675576
0.3590076
-0.4715991
0.07525665
0.07278448
0.363683
0.3177897
-0.01057023
-0.08038944
0.05167013
-0.2927916
0.4272795
0.1090867
0.01108736
-0.2048656
-0.04902893
-0.301983
0.064542
0.08199066
-0.07667631
-0.2449836
-0.04761368
-0.4117445
-0.3939632
-0.4781587
0.2133967
-0.4777992
-0.02974564
-0.4009453
-0.3775034
0.01097053
-0.1974223
0.3844148
-0.4947051
-0.4414262
0.431443
0.07394558
0.4520411
0.4416662
-0.1187379
-0.01431817
-0.09298962
0.1210667
0.1009821
0.4254405
-0.09768933
-0.2557865
0.102032
-0.2388831
-0.3891182
0.03520817
0.131485
-0.4128244
0.2114727
0.4979159
0.221527
-0.1506749
0.3385483
-0.7163065
-0.176613
-0.3126229
-0.4021122
-0.3597835
0.002958715
-0.01853305
-0.0638817
-0.4310304
-0.134622
0.2456449
-0.1047526
-0.1296175
-0.2783796
-0.4942648
0.0477758
-0.4117706
0.4334176
0.4933271
-0.2314134
0.01426905
-0.363729
-0.4214807
-0.08910376
-0.09205693
0.3297257
-0.2885545
0.1108587
0.05085939
0.4071147
-0.2869456
0.4901518
0.3172077
0.3151647
-0.3118227
-0.3607138
0.4816645
0.27416
-0.05593699
0.05384403
0.07061976
-0.2853106
-0.1166454
0.4232886
0.4053315
0.4618026
-0.1917599
-0.03176302
-0.1375595
-0.06929606
-0.1753618
-0.09751874
-0.1077893
0.09995979
0.4580914
0.4697394
-0.3992749
0.3189914
-0.4743251
0.3551887
-0.4940305
0.1608449
0.2424226
0.2425482
-0.326818
-0.1169463
0.4956634
0.1672909
-0.005297005
0.2918283
-0.3037553
-0.1197637
-0.04464203
-0.185929
-0.3834716
-0.3558189
-0.3990359
-0.1562471
-0.345323
0.2445199
0.4785073
-0.05763811
0.1999781
-0.08102602
-0.4450907
-0.09797376
0.1241899
-0.2447053
-0.2620205
0.1318835
-0.1007754
-0.181657
-0.08673996
0.1539446
-0.06190473
0.1084675
0.365739
-0.3255595
0.3313185
0.02433962
0.1732517
0.4299002
-0.3793708
0.2653581
-0.07547754
0.1648037
0.4280858
-0.1694475
-0.1863007
0.322086
0.2643528
-0.4792184
0.2799234
0.1422872
-0.3007258
-0.03059024
0.3700595
-0.01058024
0.4921505
-0.4533681
0.1094806
0.2650793
-0.1689265
-0.2533587
-0.4231241
-0.1887926
-0.3272247
0.1920336
0.00198859
0.2575053
0.1706726
0.3658251
0.08100814
-0.3232567
-0.02990351
-0.4590181
0.4873054
0.007520378
-0.2406946
0.4300929
-0.1273633
0.05439371
-0.3904144
0.03603262
-0.2956725
-0.009262741
0.2835431
-0.04885155
0.3595389
0.05888969
0.3918059
-0.4004337
0.01528579
-0.1529631
-0.1338034
-0.1623095
-0.0002468228
0.3113749
-0.1119587
0.05476183
0.2766168
0.4535134
0.03861738
-0.07492894
-0.2536916
-0.3673363
0.231063
0.2231643
0.1578939
0.1833188
-0.01644331
-0.08933026
0.007330716
0.4372469
0.264302
-0.02981144
-0.2470292
0.0378024
-0.1748496
-0.4728882
-0.3972644
-0.04895204
0.334372
0.0904327
-0.08757716
-0.1904691
0.1640117
0.1375615
0.3430692
0.03052157
0.3694932
-0.2514335
0.3103226
-0.2477564
0.04720873
-0.429302
-0.08298749
-0.4127195
-0.0478546
0.1807157
-0.4949626
-0.1260787
-0.0747667
-0.03271216
0.1554152
0.4926845
-0.04590791
-0.1102573
0.3713176
0.3466201
-0.1101068
-0.3161474
-0.480587
0.450881
-0.2526808
-0.08884591
-0.3862648
0.1101872
-0.4422071
-0.07253402
0.2654419
-0.2170723
-0.002571951
-0.4047025
0.3283043
-0.4226902
-0.0427081
-0.3712828
-0.1882176
-0.3299757
-0.0939613
-0.2415404
-0.00633508
-0.2874513
0.05402607
-0.2619365
0.4006428
0.1146501
-0.3182327
-0.2928435
0.01031643
-0.04492551
-0.3813225
0.1271576
-0.02626735
-0.292865
-0.3694581
-0.495175
-0.02429193
-0.4972699
-0.02008873
-0.4404454
-0.1553299
-0.2272862
-0.3139377
-0.4352115
-0.2246453
0.2764558
0.04834086
