-0.3004919
-0.007255971
-0.4675223
-9.882632
9.76333
-11.85103
3.964874
1.252047
-30.62353
4.871649
-37.35604
-49.63726
0.3524202
18.90145
3.038782
9.12718
-28.146
-5.764102
-31.13861
19.17501
5.071507
40.31253
9.186595
-1.586953
12.87281
5.635175
13.45433
-1.893143
-4.869463
6.920014
8.000835
14.22997
-8.551725
-1.509752
-6.857045
-3.063337
-3.661441
-2.76055
-0.9299762
-3.857508
-0.1364753
-0.9939319
-1.945217
-0.9766104
-1.10043
-2.40133
-0.3203347
-3.84767
-0.302817
-2.242803
-0.567833
-0.2600002
-0.8662614
-0.1105622
-2.552894
-2.028753
-0.3914863
-3.834507
1.999207
-0.5388756
-0.9586024
-0.6231402
1.363997
-2.942932
-1.014877
-1.217664
-0.6157824
-0.05832374
-0.1203769
0.629565
-14.17579
-54.76501
-7.619706
13.5317
49.59126
8.520036
-16.67771
-111.0735
-10.69749
5.459518
14.1513
2.200202
2.273685
8.421205
2.59948
-44.70592
-238.4868
-23.69907
6.599975
16.23524
2.519906
-54.38547
-335.1581
-31.888
-72.28786
-466.1446
-39.45286
0.9084719
8.283804
3.654974
27.86915
119.8501
16.42399
3.01722
9.16876
2.248779
13.39554
32.54395
7.96308
-40.18299
-219.7596
-21.11855
-8.519951
-23.23268
-4.864108
-45.6063
-283.4785
-27.69757
27.919
172.0216
18.70147
6.896739
21.08478
2.950989
59.94546
382.5352
33.252
13.07151
74.88584
5.860271
-4.288754
-9.899086
-2.492797
18.428
81.94357
10.40259
7.605564
33.28785
5.320426
17.86516
89.26617
9.980106
-2.739115
-5.208336
-0.7046356
-7.768757
-16.48802
-2.991988
8.545255
41.38441
5.30162
10.43744
26.89411
5.756333
19.78102
83.99281
12.0099
-13.95068
-61.47653
-6.188055
-1.736128
-6.201428
0.6753892
-9.796883
-36.18981
-6.579372
-0.8975431
-0.4820121
-2.171703
0.16576
-3.247195
-3.221749
-1.156988
-2.346597
-2.178497
-2.209952
-3.129254
-3.275546
-0.08565994
-0.6189194
-0.1057621
-1.067359
-3.154862
0.1825677
-1.749206
-2.600134
-3.333839
-3.363165
-2.662521
-0.9329742
-0.656903
-3.47546
-0.1149611
-0.01114807
-3.014689
-2.620172
-3.031001
-0.08831286
-0.4477082
-0.7828224
-2.045746
-0.5112699
-3.041888
-2.563083
-0.5752673
-2.015295
-1.90176
-2.429576
-2.732755
-2.899954
-0.4221262
-0.7844943
-0.6100007
-1.176462
-2.344819
0.2315652
-1.343424
-2.682123
-2.607637
-2.567234
-3.262138
-1.074243
0.2713801
-2.545434
-0.3365679
0.588037
-2.604105
-2.465512
-3.007906
0.05236289
-0.09508067
-1.483316
-1.937757
-0.6096013
-2.532533
-2.413709
-0.2595857
-1.796492
-2.606993
-1.804979
-2.731035
-3.017285
-0.4012154
-0.993385
0.1239402
-0.6408317
-2.582684
-0.1692573
-1.251839
-2.398783
-3.517312
-3.041806
-2.567367
-0.8495784
-0.2655628
-2.621513
-0.4099445
-0.8917664
-2.61939
-3.122647
-2.425818
0.08699197
-0.1792296
-0.4980416
-0.5152993
-0.5861843
-0.7489789
-0.6620917
0.2238742
-0.4985231
-0.6368464
-1.35593
-1.3424
-1.436334
-0.1367656
0.161918
-0.5330367
-0.7450118
-1.11265
-0.3043578
-0.4525468
-1.140903
-0.4826329
-1.921008
-0.7523172
0.07070725
0.2658385
-0.7360599
0.1964747
-0.02546469
-0.7355162
-0.5160896
-1.249028
-0.7576673
-0.9101953
-1.348062
-2.71016
0.1299604
-3.217104
-2.202
0.09945834
-2.879714
-2.185615
-2.719013
-3.416816
-3.191652
-0.4753807
-0.4586556
0.09358507
-1.337521
-2.027468
-0.5721585
-1.23913
-2.583324
-3.417713
-3.371419
-2.487921
-0.7880865
-0.5034493
-3.494935
-0.6270281
-0.2902348
-3.779491
-2.635658
-3.270554
-0.387439
0.2090573
-0.06922472
-0.4187149
-0.4319444
-0.2035564
-0.6461211
-0.661536
-0.5969382
-0.8428239
-0.01631702
-0.1897915
-0.5300541
-1.041059
0.01353957
0.3353517
-0.7628469
-0.3913922
0.5057628
-0.4380145
-0.8439735
-0.7740431
-0.6327109
-1.324226
-0.3126127
0.2797045
-0.695416
-0.5961922
0.1477004
-0.9978909
-1.013899
-0.3283814
-0.4686358
-0.7440005
-0.2820189
-0.446746
-0.5597699
-0.6199607
-0.6330844
-0.07913664
-0.3064117
-1.289886
-0.7248459
-0.4962771
-1.034493
0.09728166
0.06567132
-0.03666307
-0.6313511
-0.8098539
-0.06828258
-0.1651245
-1.268605
-0.9810348
-0.4165496
-0.7669197
0.6451789
0.07583683
-0.6346624
-0.06398255
-0.4651533
-0.854188
-0.8763831
-1.094901
-0.1247309
-0.538462
-0.3689721
-1.432595
-0.05669221
-1.71471
-0.9273902
-0.5904552
-1.236295
-0.9530175
-1.439209
-1.082014
-0.5885253
0.3816047
-1.123265
0.2823878
0.1183448
-1.358041
-0.4814047
-1.182288
-0.9660521
-1.595502
-1.158013
-1.755134
-0.6893523
-0.4407312
-1.674246
-0.5755102
-0.5784023
-1.741344
-1.384115
-1.653917
-0.08601521
0.3042279
-0.7104872
-0.5111458
-0.3491027
-0.2043586
-0.1084143
-0.2324059
-0.8324694
-0.4627253
-0.4774529
-0.3583706
-0.6558807
-0.3503729
-0.4454518
0.01194629
-0.05714069
0.003395997
-0.2524697
-0.2450056
-0.332412
-0.7865316
-1.005421
-0.3756786
0.2973458
0.3721047
-0.8988324
-0.07506995
-0.452823
-0.5284371
-0.2293571
-0.4035793
0.06528094
0.8935506
-0.8001144
-0.006619588
-1.238445
-0.7054037
0.551645
-0.5204885
-0.1591907
0.2853143
-1.565401
-0.3142494
-1.060477
-0.08903745
0.139419
-0.2136745
0.4156627
-1.0149
-0.8685662
-1.540104
-1.050252
-0.195015
-1.046735
-1.46742
-0.8946729
0.5836663
-0.258577
-1.236782
-0.6786525
0.1067309
0.2318823
-0.01686431
-0.3879753
-0.4221131
0.05868848
-1.852374
-0.1606544
-1.926168
-1.061978
-0.6624902
-1.879385
-0.841756
-1.951715
-1.391039
-2.523475
-0.2962159
-0.9744847
0.547816
-0.6642058
-0.8670813
-0.6641091
-1.172116
-1.385331
-1.551748
-2.612998
-1.76632
-1.230298
-0.1485357
-2.562696
-0.4028633
-0.5908058
-2.251085
-1.771633
-2.303735
-0.4439577
-0.7855566
-0.280643
-0.2886171
0.06687078
-0.720026
-0.2284389
-0.7017227
-0.3924131
-0.4485113
-0.7938746
-0.8366743
-0.2314442
0.1525133
0.1219881
0.664449
-0.4276321
-0.01603785
0.1817498
-0.2478554
-0.1493285
-0.4482381
-0.33843
-0.3219618
-0.5430125
-0.5279229
-0.745523
0.4936794
0.1709461
-0.5281173
0.2258485
-0.7614602
-0.6145037
0.529187
-4.860916
-0.5260042
-4.03226
-3.757905
0.4234614
-4.449764
-0.151463
0.2585327
-3.725982
-3.685542
-4.014108
-3.790131
0.1041083
0.5968242
0.1752059
-4.140953
-3.900691
-4.017451
-4.552106
-0.05899899
-4.001054
-3.995895
-4.296061
0.4252189
0.2896781
-4.077683
-3.717257
-4.197067
-0.3036336
0.02309817
-0.6103301
-0.5401573
0.3238909
0.1785377
-0.03060073
-0.8867171
-0.4875463
-0.04787631
-0.5962292
0.1761948
-0.8486791
-0.9841697
-0.07229984
-0.7661813
0.4336729
-0.3450747
-0.2342935
-0.4843885
-0.6286071
-0.8557407
-1.017843
-0.2700571
-0.4443908
-1.408604
-0.07583058
0.3928835
-0.5120262
-0.1171619
-0.5253406
-0.2272867
-0.1795467
0.01680003
-0.8205153
-0.5933374
-0.1205911
-1.562275
-0.3901103
-1.591717
-1.728461
-0.1211648
-1.313112
-1.471813
-1.533389
-1.635561
-2.336434
0.2988761
0.03944415
-0.4216551
-0.393947
-0.9418676
-0.1309138
-1.347752
-1.292643
-1.538741
-2.064824
-1.925315
-0.2455539
0.08734275
-1.684698
0.3655033
-0.07879596
-1.842032
-2.024908
-1.716784
0.1366146
-0.3598946
-0.2646679
-0.2728071
-0.4527171
-0.7101637
-0.2767085
-0.2934393
-0.3981825
0.1446316
-0.8575225
-0.2190579
-0.3756399
0.2368002
0.6924582
0.2614304
0.1780148
-0.6901621
-0.559146
-0.4748305
-0.1984192
0.3130949
-0.6357818
0.02062411
-0.01959407
-0.2081807
-0.3300643
-0.6099671
-0.5428275
0.02991629
-0.3967625
-0.304333
0.2496998
-0.7166331
-0.3914463
0.295699
-0.9371231
-0.07883604
0.2198512
-0.3961022
0.01865506
0.2490801
-0.2643521
-0.1856227
-0.7820267
0.1119059
-0.2311914
-0.4421605
0.2899736
-0.355101
-0.3728889
0.1421685
-0.5119022
-0.09182861
-0.55935
-0.1881087
0.1145667
0.2805763
0.6000754
0.159216
0.1469792
-0.4918457
-0.4042087
0.03096324
-0.1290857
0.0624161
0.2909506
-0.4353702
-0.1389604
-1.359055
-0.5773844
0.2354055
-0.2836058
-0.004311562
-0.5542489
-0.578429
-1.692388
-0.163958
-0.2186039
0.3207347
-1.413137
-0.3667499
-0.3034951
-0.8115962
-1.397385
-0.7954886
-0.7615278
-0.8972405
-0.9006053
0.04715601
-0.4498395
-0.06397888
0.1506181
-1.471092
-0.6985711
0.06712928
-0.1154526
0.2596323
0.5418954
-0.2243094
-0.06545258
-0.5540724
-0.1399957
0.0627874
-1.689611
0.1282836
-0.1526668
-0.1633347
-0.9371522
0.5833153
-0.498857
-0.280019
-0.264426
-0.4569358
0.2381546
-0.363379
-0.9353895
-0.09159833
-0.9172604
-0.5340599
-0.2395272
-0.4058707
-0.5439608
-0.3405421
-0.06626064
-0.5061762
0.6471128
0.1580966
0.162279
-0.3292556
-0.01631092
-0.8220358
-0.7029316
-1.590552
-1.340657
0.3548011
-1.382126
-1.09223
-1.694327
-1.257712
-1.962032
-0.2692789
-0.5395118
-0.874607
0.3446836
-1.692752
0.1259481
-0.9754241
-1.725194
-1.210388
-1.61129
-1.795763
-0.955977
-0.5563662
-1.67832
-0.5703179
-0.3326313
-1.107592
-1.205444
-0.8879589
0.1551971
-0.7770314
-0.1481483
-0.8461239
0.8454024
-1.616789
-1.680726
-0.05137788
-0.8826257
-1.199423
-1.174768
-1.3226
-1.771806
-1.018846
-1.011131
-0.468817
-0.0829972
-1.6015
-0.4829528
-1.359129
-1.104749
-2.221728
-2.627526
-0.9067467
-0.1902527
-0.4375175
-1.847747
-0.1008789
-0.5501851
-1.568064
-1.517402
-1.690987
0.6064973
0.1826899
-0.4419741
-0.2471491
0.2953115
-0.5642945
0.02451882
0.3582389
-0.2483417
-0.4358398
-0.8093838
0.1465262
-0.2194871
-0.529546
-0.6779156
-0.02532516
-0.1588012
-0.04577112
-1.059613
-0.5021725
-0.5930836
0.08913267
-0.3118787
-0.3107316
-0.4425095
0.05001308
-0.3602026
-0.004827907
0.6310768
-0.5214983
-0.350259
0.4501445
-0.1694247
0.2490458
-4.555347
0.2061208
-4.639255
-3.342142
0.04999425
-4.56577
0.4557951
0.6179424
-3.865912
-3.776241
-3.700674
-3.859116
0.4962591
0.8885583
0.04109628
-3.925272
-4.366875
-3.143541
-4.226271
0.6805432
-3.55126
-4.459247
-4.635692
0.2100694
0.7522157
-5.096419
-4.065055
-3.698614
0.2464985
0.275614
-0.4095342
0.09192309
-0.2090839
1.735393
-0.2728947
2.027506
1.806588
1.040441
1.160423
1.012984
1.538462
1.94669
2.031929
0.009677827
0.4219897
0.07700325
0.5411233
1.724222
0.3015087
1.602933
1.829305
1.162962
1.173213
1.90405
0.2386664
0.1887773
2.008519
0.100384
0.3384847
1.610711
1.542239
1.615968
0.05705881
-0.4595262
-0.5301903
-0.2594686
-1.027496
-0.501796
-0.1878785
-0.3310929
0.1081186
-0.7246207
-0.5351523
-0.7970872
-0.5875263
0.4166054
0.05574057
-0.4546382
-0.8835419
-0.584345
-0.5014046
-0.5830661
-0.3619805
-0.9676148
-0.6310491
-0.7476162
0.6240392
0.573088
-0.2427152
-0.04660605
-0.07026798
-0.6204465
-1.045976
-0.09278546
-0.1177615
-0.5120666
-0.6243302
0.2900298
0.1161273
0.5627613
0.1026487
-0.4079501
-0.1174884
-0.06734056
-0.6295554
-0.6543067
-0.1588816
-0.7610928
0.9850782
-0.04830933
0.3084368
-0.5634158
-1.056817
-1.742057
-0.090498
0.3765283
-0.3502119
0.0742577
-0.7624485
-0.290141
-0.4248994
-0.5652141
-0.2549591
0.2393255
0.5603323
0.6807428
-0.7930598
-0.3781707
-0.3268126
-0.8085218
0.09517297
-0.2412637
-0.1677792
-0.008621842
0.1910301
-0.4682737
-0.2609471
-1.136378
-0.776273
-0.5101641
0.07407132
-0.3026733
-0.8849731
-0.6639016
0.5896889
-0.5258488
-0.6200836
-0.615606
-0.7595862
-1.00956
-0.4468122
-0.04943056
-1.051806
-0.06770054
-0.5652414
-1.265793
-0.6261606
-0.3128986
-0.3670589
-0.3551174
-0.1352153
0.6389701
0.8535264
0.8187033
0.7790818
-0.02642065
0.6812623
1.271705
1.56462
1.650757
0.3291161
0.5508268
0.6283153
-0.4823591
0.6528503
1.145861
-0.1615078
0.8887693
1.289569
0.6166472
1.423496
1.166471
0.6996714
0.1345719
0.7000102
0.1297634
0.6825596
1.957914
2.208785
1.688083
0.5281216
-0.4427718
-0.3751702
-2.130062
0.4524703
-3.628684
-2.506912
0.7413976
-2.847529
-1.957568
-2.733963
-3.011231
-3.232418
-0.08055663
-1.270046
-0.1734225
-0.9227006
-2.626525
-0.2264213
-2.310946
-2.570159
-3.63732
-2.518113
-3.033057
-0.7988177
-0.04202485
-3.484004
-0.842334
-0.7489951
-2.743086
-3.807983
-3.190668
-0.3342171
0.1984567
-0.3302428
-0.2841101
0.06239137
-1.296429
-0.3753482
-0.3257346
-1.547492
0.3359163
-1.146743
-0.8835216
-1.759554
-0.6622834
-0.933651
-0.9927478
-0.05677152
-0.7402216
-0.8997861
0.04663482
-0.5965425
-0.9745173
-0.7201067
-1.083576
-1.105273
0.01276475
-0.6100614
0.229721
0.1186851
-0.7068989
-1.270216
-1.00389
-0.04000218
-1.046906
-0.653171
-1.540357
-0.7249607
-2.69926
-1.2542
0.4280238
-2.309678
-1.288182
-1.92084
-2.507523
-1.785446
-0.4162351
-0.246733
-0.2554768
-0.6565216
-0.8005838
-0.25251
-1.084279
-1.851635
-1.410437
-1.551134
-2.220407
-0.4828112
-0.004637957
-1.514159
0.2186588
-0.5057243
-1.991229
-2.010896
-1.086668
-0.2505265
-1.444819
0.01013888
-0.8907049
-0.7895985
-1.127398
-0.570354
-0.2246319
-1.293577
-0.8706686
-0.8321079
-0.999374
-0.8219354
0.02995899
-0.04339505
0.1630728
0.2209843
-1.435363
-0.1771154
-1.071892
-0.6447179
-0.9608042
-0.8036934
-1.617583
-1.226274
0.2671157
-0.8786235
0.2389679
0.07474285
-0.6246858
-1.370693
-1.355108
-0.1084268
-0.1590888
-0.5502038
0.1662965
-0.03577697
-0.5637685
0.1754925
0.2300581
0.5108401
0.05643821
-0.3098878
0.2278649
-0.1319837
-0.907452
0.4756223
0.8504658
0.303581
-0.0002534587
0.2055287
0.2845038
-0.1762375
-0.2438342
0.05962893
0.2161401
0.3063762
-0.172097
-0.4409733
0.4852684
-0.4415872
-0.366415
0.3204228
-0.07050669
-0.2499834
-0.03559627
0.1546557
0.6923823
-0.1529327
-0.2663228
0.07845709
0.0717124
0.2099129
-0.1774767
-0.01548514
-0.4585109
-0.3584851
-0.3617446
-0.01065942
-0.1244294
-0.3136021
-0.1434132
0.1661083
0.5017663
0.6043432
-0.4518887
0.04890349
0.6426982
-0.08141568
0.2152472
0.1148207
-0.2796405
0.4353242
-0.3126155
-0.1735613
-0.09300712
-0.2624187
0.1732988
-0.1420369
-0.0129954
0.08226334
1.132676
-0.3973223
-0.1997662
0.06828951
-0.4301091
0.2574193
0.4648912
-0.148315
-0.253085
-0.2836168
0.6773838
0.2731642
0.2977751
-0.5635672
0.1892708
0.2423161
-0.01383735
-0.01154958
-0.2790034
-0.577342
-0.5175802
0.08838636
-0.3476298
-0.7212102
0.1731027
0.5903351
1.151823
-0.06107007
