-0.1666136
0.4436195
0.1993677
-33.74119
-27.15105
6.850391
2.051628
-10.16988
-1.831087
0.9288717
-8.027527
5.582896
13.33333
-0.3960827
-100.8664
7.816047
-7.157794
-1.814787
-14.62595
15.79086
-1.890004
-3.203248
-28.11618
-33.22429
-1.296605
-5.685754
-56.49682
-8.765151
-21.02028
37.87787
0.665957
5.2591
-21.72149
4.643437
15.5802
-1.439017
-1.380629
-1.472495
-3.373158
-1.909605
-0.914269
-2.874261
-1.012048
-4.7628
-5.153364
-0.6014512
-0.7687287
-3.250035
-1.620439
-1.571763
-0.6595338
-2.903942
-3.77858
-0.6873555
-3.363493
-1.183066
-1.60506
-2.313952
-3.866198
-2.815204
0.3974866
-2.878556
-4.836793
-2.114368
-1.343977
-4.528189
-1.862031
-0.002909865
-0.008161337
-0.001169627
8.891174E-05
-53.18159
-234.1319
-25.35723
-45.60493
-188.6343
-20.13312
11.54697
58.30889
6.199361
3.970479
14.95425
1.918814
-17.79666
-61.04278
-7.901956
-2.802847
-6.183262
-0.7307312
1.520564
6.913906
0.5778045
-14.49874
-47.3479
-6.964906
9.42227
20.86904
4.565858
22.7506
51.90947
9.561764
-1.183331
-2.48471
-0.1134055
-165.0127
-1076.333
-81.44135
13.54342
37.21045
5.878386
-12.3544
-27.27576
-6.002564
-2.371157
-6.654964
-0.9114805
-24.63128
-73.90009
-11.76716
26.1115
115.2643
10.42262
-2.763389
-6.005085
-0.9770712
-5.600801
-27.90615
-1.612401
-46.38627
-202.1705
-20.12532
-53.23087
-306.8486
-25.85208
-2.858458
-6.147346
-1.194529
-9.70461
-16.96093
-3.658797
-93.75861
-603.3465
-45.61593
-14.43267
-50.3288
-7.22324
-35.18006
-105.4615
-16.38526
61.90136
432.1835
32.02258
1.666073
6.079466
0.4469927
8.495893
22.96425
3.767743
-36.42189
-231.735
-15.90506
9.377303
15.38446
4.254597
26.42723
69.24394
11.11283
-0.8045806
-1.06857
-0.7485024
-0.2944716
-1.013624
-0.9807263
-0.2772337
-1.086053
-1.037659
-0.4971831
-0.6378388
-0.8682988
-0.2952183
-0.7887483
-0.1329729
0.2535298
-0.5450042
-0.9586578
0.05007317
-1.101813
-0.8014414
-0.3249289
-0.6727734
-0.8537765
0.2170308
-0.1030379
-0.05754372
0.1020915
-0.06398517
-0.5176455
-0.09267079
-0.5919615
-0.8627474
-1.063245
-0.9665128
-0.06213965
-1.015824
-1.403184
-0.04135237
-1.434628
-1.425738
0.1139618
-0.7147601
-0.7512709
-0.51787
-1.171416
0.2618579
-0.1089798
-0.7458315
-1.367774
-0.03680748
-0.6694897
-1.133993
-0.152044
-1.527658
-0.4709395
-0.1880002
-0.2052331
-0.9786283
-0.00263164
-0.2606066
-0.8178661
-0.0371378
-0.4224675
-0.4013038
-0.6788999
-1.056629
-0.3960104
-0.5621591
-1.100816
-0.2578377
-0.5484312
-0.7852926
-0.6151735
-0.06007674
-0.198737
-0.4373039
-0.7886785
-0.07673125
-0.5321274
0.01462719
-0.5764058
0.1049844
-0.7968391
-0.948535
0.1145069
-0.7941963
-0.7494676
-0.4153676
-0.02820251
-0.3363111
-0.1550234
-0.3836034
-0.1315937
0.2021048
-0.118297
-2.865099
-2.43534
-1.966395
-0.8197495
-2.99009
-3.410653
-0.2926905
-2.839074
-3.076258
-0.1447778
-0.8905498
-2.236627
0.01351278
-2.752426
-0.8271419
-0.1833335
-0.76598
-3.137392
-0.5704167
-2.901063
-2.624983
-0.2257914
-2.87435
-2.027483
-0.07295052
-0.8796259
-1.545526
-0.8183215
-0.6047418
-2.192424
-0.3977951
-0.4412341
0.1103072
-0.2872578
-1.713744
-1.647502
-0.1166614
-0.01601745
-1.909464
-0.6699471
-1.881078
-1.72909
0.02951388
0.08612844
-1.115196
-0.3822934
0.2269963
-0.2149347
-1.573823
-0.5331838
-0.2884812
0.1041221
-0.06311824
-0.2551689
-0.7971748
-0.1142855
-0.1322085
0.07751668
-1.672332
-1.113282
-1.683715
-0.07531081
-1.206041
-1.498967
-0.8004921
-0.01858776
-0.2745408
-0.5408719
-0.5278336
-0.8338048
-0.5716757
-0.3589807
-0.6525632
-0.3565636
0.1120333
-0.4415009
-0.7047511
-0.124193
0.04500135
-0.4414211
-0.5488899
-0.9217948
-0.2859516
-0.7950407
-0.6369078
0.06712931
-0.8115903
-0.7397811
-0.3360134
-0.4279558
-0.8583312
-0.1785274
-0.02669154
-0.2301408
-0.4574058
-0.1802273
-2.089879
-2.044948
-1.605349
-0.134213
-1.852642
-2.385287
-0.3312838
-2.031712
-2.693491
-0.02428307
-0.3676833
-1.179314
-0.208838
-2.78787
-0.4143892
-0.5983222
-0.5138034
-2.909811
-1.050766
-1.634162
-2.119621
-0.2108785
-2.923109
-1.265141
-0.6941175
-0.004113815
-1.190055
-0.07489748
-0.6897179
-1.261062
-0.3671707
-0.7265745
-0.9079121
-0.7302594
-0.3284178
-0.3112454
-0.9257631
-0.4297488
-0.04907327
-0.4803331
-1.263903
-0.5687389
-0.2950336
-0.4138369
-0.5384848
-0.546847
-0.3913734
-0.3864611
-0.07887088
-0.2465026
0.1998056
-0.2752087
-0.3213712
-0.4734859
-0.9564914
-0.7992108
0.04326797
0.2391126
-0.5650924
-0.1355153
-0.4205927
-0.4128202
0.01029971
-0.06814399
-3.770314
-3.162753
-3.489581
-1.023204
-3.594669
-3.881714
-0.9083254
-3.621016
-4.075429
-1.019118
-0.7987279
-2.356556
-0.3622915
-3.765447
-0.5659683
-0.5781382
-1.115442
-3.788568
-1.127009
-3.784821
-3.884894
-0.597333
-3.898553
-2.201166
-0.4704446
-0.304451
-2.098556
-0.4434367
-0.09025331
-2.514088
-0.03540709
-1.037802
0.1994715
-0.210694
-5.072587
-5.016401
-0.05374426
0.3688358
-5.652291
0.3513661
-5.484734
-4.902493
0.2212268
0.4216957
-5.268052
0.1886892
0.2687193
-0.111134
-5.573732
0.05087774
-0.009429387
-0.2824987
-0.1667304
0.1707663
-0.004356612
0.2397142
0.3084882
0.3228368
-4.883086
-5.525408
-4.947163
0.4110882
-5.169359
-5.431764
-0.7189848
-0.09146515
-0.6349114
-0.575949
-0.5379776
-0.1135229
0.1952816
-0.4636079
-0.7833964
-0.5214953
-0.4723705
-0.6739305
-0.5404871
-0.7271635
-0.3023771
-0.3098018
-0.6605214
-0.720679
-0.145917
-0.05981139
-0.4416979
-0.2703419
-0.597912
-0.06751592
-0.3764759
-0.08453251
-0.4444281
-0.3720861
0.09106708
-0.04759394
-0.2219189
-0.651191
-0.7150414
-0.5076532
-1.240486
-0.1650768
-0.283735
-0.6845155
-0.3132176
-0.9863178
-0.7702954
-0.5624574
-0.317527
-0.184524
-0.7921146
-0.6072534
-0.09152548
0.2937867
-0.1337623
-0.3865727
-0.3108145
-0.8704173
-0.321345
0.241914
-1.066468
-0.743306
-0.09169632
-0.4190935
-0.4273073
-0.1932362
-0.6090292
-0.04364026
-0.1888731
-0.85679
0.4687499
0.4548136
-3.729288
-3.391793
0.6776907
0.3865811
-3.842785
0.5267935
-3.153001
-4.037413
0.2551149
-0.08369635
-3.887285
0.5223857
-0.20371
0.212469
-4.106302
0.5448122
0.3022099
0.380694
0.6870749
0.3280197
0.05235756
0.1476962
-0.3776707
-0.1685465
-3.764821
-4.09311
-3.905708
0.6207421
-3.443642
-3.680995
-0.287015
-0.5151542
-1.446416
-1.010094
0.04793934
0.1790894
-1.559033
-0.3350648
-1.389333
-0.8383073
-0.137199
-0.3509049
-0.8163594
-0.2303972
-0.2954531
0.1593903
-1.332225
-0.585541
0.1021322
-0.2155676
0.176833
0.3717006
-0.1147457
-0.4127156
0.1111447
-0.4560267
-1.653201
-0.7977797
-1.503851
-0.5258678
-0.8345342
-1.004583
-0.3777227
-0.5556045
-1.201393
-1.130982
-0.1621366
-0.6103126
-0.8907896
-0.8689224
-1.529973
-1.727582
0.06001187
-0.5427215
-1.624665
-0.5739039
-0.3214424
-0.2492081
-1.128258
-0.375866
-0.3430345
0.01599501
-0.4388023
-0.4522916
-0.1189838
-0.03541257
0.0482178
-0.3710885
-1.80547
-1.73313
-0.8425856
0.02325016
-1.284572
-1.687038
-0.4943258
-0.2988555
-0.4975763
-0.5948352
-0.5946837
-0.6290619
-0.5126354
-0.6985814
-0.4255581
-0.755493
-0.483959
0.08172093
-0.09369525
-0.5707008
0.1576972
0.05316671
-0.8547018
-0.05758718
0.2785449
-0.6399264
-0.2083531
-0.4834242
-0.7850874
-0.004442482
-0.1248729
0.09605005
-0.3122215
-0.7931855
-0.1692678
-0.2599593
-0.4378589
-0.5146551
-2.715093
-2.768404
-1.948415
-0.2115648
-3.002237
-3.177684
0.002867818
-2.489372
-2.51882
-0.3500534
-0.7101211
-1.504582
-0.6397618
-3.161328
-0.4468605
-0.9530591
-0.4232441
-2.812934
-0.5779242
-2.210401
-2.60894
-0.39584
-3.048679
-2.20054
-0.4645714
-0.370997
-1.230969
-0.2567705
0.07461331
-2.035362
-0.4246305
-0.3111298
-2.701147
-2.689811
-2.768537
-0.7601542
-2.668333
-3.193626
-0.7911534
-2.539925
-3.520927
-0.737352
-1.052296
-1.592222
-0.1124691
-3.537237
-0.7941226
-0.2706574
-0.8366413
-2.860748
-0.4856249
-2.538682
-2.51512
-0.4956896
-3.089929
-2.035195
-0.3991425
-0.2273157
-1.491206
-0.6454911
-0.7331392
-1.990658
-0.6063642
-0.3354397
-1.002156
-0.4870778
-0.7975416
0.004444151
-0.8551883
-0.5947664
0.01176041
-0.8779651
-0.5572342
-0.2271774
0.02744362
-0.4242314
-0.4561172
-0.4343573
0.2337191
-0.3619385
-0.6835367
-0.8699818
-0.03395204
-0.228926
-0.2539335
-0.4553687
-0.7953361
-0.4701374
0.01462147
-0.2071701
-0.5490064
-0.7712198
-0.6020929
-0.379077
-0.6757835
-0.7736108
-2.321316
-2.621582
-2.7627
-1.046889
-2.405602
-2.845321
-0.5992582
-2.606854
-3.430596
-0.5611073
-0.5882358
-1.656362
0.07516165
-2.764079
-0.6315671
-0.2495801
-0.3866298
-3.103172
-1.227589
-2.581569
-2.822951
-0.1183697
-2.845435
-1.417366
-0.3434199
-0.2646792
-1.41241
-0.2211835
-0.6741665
-1.75964
-0.02106065
-0.1228226
0.1865954
0.2044246
-0.6980033
-1.069014
-0.4531669
-0.7002195
-0.5865918
-0.2210448
-1.019688
-0.9205804
0.310573
-0.2569321
-0.7224546
-0.473524
0.02739771
-0.4291733
-1.145066
-0.6638298
0.11508
0.2069567
-0.05251769
0.1735523
-0.253949
-0.4680455
0.1174412
0.04266262
-0.6800185
-1.001746
-0.5988284
-0.437621
-0.6613758
-0.5477378
-0.9264409
-0.7583767
-0.9306722
-0.6216246
-1.218875
-1.151343
0.2156694
-1.710972
-1.332723
-0.5434521
-0.510227
-0.7654738
-0.3842974
-1.923939
-0.3930853
-0.3219257
-0.02843838
-1.472955
-0.2127448
-1.049817
-0.8573996
0.05750061
-1.048937
-0.5020899
-0.5864321
0.06398447
-0.8682108
0.1142981
0.02182444
-1.19467
-0.2761152
-0.4662497
-1.598345
-1.289208
-1.830117
-0.3743329
-1.901947
-1.559547
0.1218807
-1.487099
-1.579716
-0.3399951
-0.6225502
-1.038648
-0.2686476
-1.769649
-0.3438687
-0.4868538
-0.7605543
-1.835216
-0.6875107
-1.228694
-1.636419
0.2582755
-1.642514
-0.8389564
-0.4258721
-0.630115
-0.4329531
-0.4051623
-0.4537245
-0.864598
-0.4153885
-0.205199
-2.895041
-3.092305
-2.841149
-0.8922526
-3.087521
-3.416063
-0.6522908
-3.037362
-3.709037
-0.6914462
-0.5986222
-1.795101
-0.02547913
-3.695521
-0.2865355
-0.7628708
-0.3581761
-3.718944
-0.7251421
-2.454529
-3.129212
-0.7339106
-3.902906
-1.853298
-0.2273215
-0.4598328
-1.29141
-0.9423124
-0.8448641
-2.054158
-0.7125393
-0.5606311
-2.692869
-2.483743
-1.814117
-0.7579017
-2.413987
-2.261408
-0.05892892
-2.753814
-2.724989
-0.06103989
-0.8547097
-1.28644
-0.4086899
-2.223222
-0.56256
-0.2144248
-0.2535505
-2.268551
-1.054347
-2.135994
-2.166311
0.03704
-2.263285
-1.665277
-0.6837683
-0.7469673
-0.6843935
0.106262
-0.1603571
-1.446962
-0.3305184
-0.1131659
0.3668933
0.4807536
-0.185161
-0.5250244
0.873278
0.4159858
-0.6429333
0.295347
0.3347848
-0.7278396
0.3343335
0.01403056
-0.9212018
0.5433592
-0.05503889
0.2107763
-0.4894643
0.313435
0.1795185
0.9275805
0.4758455
0.3035717
0.5641179
0.2987329
-0.1573187
0.2446487
0.1169055
-0.8227063
-0.825063
0.108599
-0.2678905
-0.3832485
-2.076892
-1.955119
-1.396413
-0.8818414
-2.510884
-2.052713
-0.2945897
-2.436882
-2.46178
-0.2985881
-1.080059
-1.373884
0.1157914
-2.046844
-0.5243025
-0.04258009
-0.9078534
-2.219106
-0.8836196
-1.646921
-1.825296
-0.4536864
-2.437548
-1.349215
-0.2618486
-0.5846485
-0.8434976
0.0313363
-0.5832613
-1.48059
-0.5260936
-0.4185912
-3.617913
-3.334391
-3.460695
-0.5638211
-3.472046
-4.361507
-0.2431615
-3.649337
-4.141691
-1.085904
-1.433194
-2.755268
-0.7855976
-4.473201
-0.3982119
-0.72167
-1.227801
-4.342471
-1.165451
-3.392326
-3.983783
-0.141776
-4.025302
-2.971659
-0.3437028
-0.8352585
-2.177706
-0.9131109
-0.1433612
-2.203527
-0.004100657
-0.7265607
-1.737874
-1.70302
-0.9480354
-0.676589
-1.494346
-2.158305
-0.1148742
-1.290042
-1.361626
-0.5813487
-0.6118599
-0.6416396
-0.2011085
-2.105772
0.04867702
-0.7229388
-0.4877499
-1.50599
-0.5899534
-1.060981
-1.119075
-0.5753672
-1.804026
-1.119943
-0.2846592
-0.1697325
-1.086391
-0.1539073
-0.5512697
-1.181607
-0.440747
-0.05810112
-1.139698
-0.5039435
-0.4816259
-0.2837971
-0.78623
-1.216469
-0.3514456
-1.256053
-0.6120608
-0.5330902
0.135363
-0.9182041
-0.4443651
-1.260783
0.2635995
-0.1713523
-0.5211362
-0.6795493
0.1669561
-0.7549902
-1.101081
-0.4796398
-1.157415
-0.336068
-0.4718722
0.1477877
-0.7401305
-0.1271399
0.2245608
-0.4790725
0.2029292
-0.3338017
-4.029854
-3.513408
-3.833158
-0.7660815
-4.128785
-4.531641
-0.414999
-4.327975
-4.89324
-0.4445179
-1.258978
-2.460818
-0.2586528
-4.480004
-0.2824845
-0.7359549
-1.042472
-4.950557
-1.476731
-3.389095
-3.780367
-0.06075444
-4.910371
-2.535722
-0.7449399
-0.2755132
-2.14863
-0.6303235
-0.3697194
-2.211643
-0.4958981
-1.02076
-1.027542
-0.7158739
-1.495511
-0.1365146
-0.9988188
-1.583378
-0.3599195
-1.23665
-1.679608
-0.170998
-0.05859033
-0.5235498
-0.3279803
-1.542176
0.09440206
-0.01554654
-0.40727
-1.536719
-0.269078
-1.118986
-1.053683
-0.01624325
-1.182234
-0.4713865
-0.4840692
0.2127869
-0.5647838
-0.1266986
0.2670532
-0.5321137
-0.4524116
-0.657142
0.1328014
0.3058839
0.07186329
0.100777
0.3145963
0.4431982
-0.08328556
-0.2242862
-0.1269411
0.5934777
0.5066295
0.02042223
0.244599
0.4217997
0.1848147
0.001087492
-0.01255802
0.06048521
0.03292594
0.1576512
-0.1832371
0.3894201
-0.1520239
-0.1435987
0.01145789
0.1655142
0.0974792
-0.1105463
-0.1066251
-0.261653
-0.1520049
0.3443678
0.2422957
-0.3288054
0.3362312
-0.1101954
-0.3613281
-0.2189931
0.206077
0.4222798
0.05523102
-0.2419114
0.2703873
0.3799192
-0.1950723
0.004667799
0.4533347
0.2363727
-0.2205813
0.199042
0.1482287
-0.04124626
0.2069478
-0.08991035
-0.1674165
0.4180514
-0.2009314
0.2208942
-0.4265096
0.1783278
0.3955227
0.4582158
0.07788211
-0.3844213
0.03968357
0.0416425
0.463319
-0.1589893
0.2743828
-0.4056164
0.1527996
0.3221516
-0.09252177
-0.003912697
-0.3054129
0.4856882
0.3031202
-0.3464909
0.5208496
0.2087092
0.05565042
-0.1105884
0.6007158
-0.0729691
0.4830679
0.05448528
0.4368412
0.03834735
0.1185216
-0.4560398
0.07739882
-0.1023482
0.435315
0.3067399
-0.2627984
0.09786134
-0.173915
-0.3661548
-0.3624595
-0.1692597
-0.3139653
0.06709613
-0.2656935
0.1285363
-0.05392617
-0.01541281
-0.01591557
0.3788508
-0.1203206
-0.3381796
0.3592899
-0.3552375
-0.1148898
-0.130918
-0.03214263
0.2873253
-0.4381246
0.06035713
-0.1681682
0.2688594
-0.03276152
-0.07940693
-0.1755624
0.2559971
0.214916
0.4128637
-0.3011593
-0.1453554
