-0.3004919
-0.007255971
-0.4675223
-9.879358
9.76333
-11.85103
3.608813
1.635631
-30.17564
4.790781
-37.35604
-49.86946
0.342735
19.23972
2.601838
9.623389
-27.71092
-5.764102
-30.97637
19.17501
4.729497
39.97999
9.214931
-2.241875
13.23549
5.635175
13.45433
-1.475455
-4.869463
6.735028
8.000835
14.09503
-9.553404
-1.470041
-7.088274
-3.063337
-3.620044
-3.084622
-0.9469742
-3.845962
-0.9360626
-0.3615361
-1.945217
-0.7035518
-0.7400042
-2.40133
-0.3203347
-3.654361
-0.302817
-1.883515
-0.5848694
-0.2723072
-1.294489
-0.3732063
-1.858221
-2.057266
-0.294645
-3.834507
1.673165
-0.5388756
-0.5796431
-0.6231402
1.363997
-3.231746
-1.014877
-1.934491
-1.000828
-0.3233552
-0.1009806
0.2828235
-14.17579
-54.75061
-7.493084
13.5317
49.59126
8.056713
-16.67771
-111.084
-10.69749
5.957808
14.71463
1.770081
2.165013
8.095522
1.681984
-44.41863
-238.449
-23.73839
6.823346
15.81011
2.971114
-54.38547
-335.976
-31.56385
-72.28786
-465.4483
-39.45286
1.404696
8.283804
3.46075
27.86915
119.6938
16.89927
3.428393
9.555444
2.248779
12.62363
32.63096
7.821771
-39.86852
-220.1242
-21.11855
-8.400417
-23.42143
-4.563337
-44.96081
-284.2795
-27.62833
27.919
172.4463
18.63806
7.383914
21.12078
2.965877
59.94546
382.4103
33.35595
13.2454
74.85049
5.622894
-3.873881
-10.24203
-2.492797
18.66268
81.50926
10.71664
7.889764
33.76505
4.778316
18.33995
89.26617
9.962024
-2.513755
-5.208336
-0.4853345
-7.116105
-16.50236
-2.991988
8.765453
41.21513
5.30162
10.61046
27.38666
5.931243
19.64746
84.35721
12.07194
-13.40268
-61.05649
-6.188055
-1.604901
-6.201428
0.8954791
-9.796883
-35.89608
-6.982332
-0.8975431
-0.1569043
-2.171703
0.05557495
-3.398642
-2.901292
-0.706918
-2.376354
-2.178497
-2.292903
-3.129254
-3.581058
-0.08565994
-0.5427584
-0.1057621
-1.067359
-2.622548
-0.3055438
-1.749206
-2.772026
-3.333839
-2.931302
-2.662521
-0.7077327
-0.5272247
-3.260568
-0.437343
-0.01114807
-3.014689
-2.620172
-2.766161
-0.08831286
-0.4477082
-0.7828224
-2.181559
-0.3073805
-2.828043
-2.141775
-0.5656503
-2.015295
-1.466082
-2.809947
-2.732755
-2.841168
-0.4370867
-0.8018862
-0.1615892
-0.9146283
-2.344819
-0.1504215
-1.343424
-2.682123
-2.607637
-3.104102
-3.011578
-0.7567127
-0.4322366
-2.451206
-0.3940637
-0.2259689
-2.604105
-2.687439
-3.007906
-0.04366156
-0.3674397
-0.8325453
-1.937757
-0.6096013
-2.532533
-2.413709
-0.2595857
-1.904429
-2.11976
-2.102876
-2.731035
-2.809591
-0.4012154
-0.993385
0.03165746
-0.6408317
-2.114334
-0.1692573
-2.050628
-2.398783
-3.290228
-2.614884
-2.444591
-0.9223223
-0.2655628
-2.621513
-0.4099445
-0.04266702
-2.61939
-3.122647
-2.425818
-0.8127485
-0.1792296
-0.5877393
-0.7897575
-0.5139471
-0.7489789
-0.6620917
-0.2374419
-0.4923551
-0.6368464
-0.7957779
-1.412671
-1.136435
-0.1367656
-0.2219513
-0.3754156
-0.7266414
-0.7545388
-0.0112818
-0.4525468
-1.140903
-0.8753545
-1.489633
-0.7780844
0.07070725
0.2658385
-1.109522
0.1964747
-0.02546469
-0.6570382
-0.8831494
-0.8854021
0.1232414
-0.9101953
-0.930832
-2.271471
-0.316193
-3.217104
-2.26101
0.09945834
-2.583648
-1.883948
-2.894589
-2.996176
-3.069188
-0.4753807
-0.5262695
0.09358507
-0.8728876
-2.412562
-0.43427
-1.819039
-2.250972
-2.955034
-3.371419
-2.569185
-0.5426847
-0.5034493
-3.389283
-0.7536435
-0.2902348
-3.34555
-2.833388
-3.24171
-0.1829694
0.1818812
-0.06922472
-0.6629808
-0.4319444
-0.3297482
-0.8084654
-0.2420702
-0.5294526
-0.1923855
-0.2539901
-0.2928964
-0.5300541
-0.2006237
0.1955498
0.3353517
-0.501931
-0.3913922
0.07501838
-0.2694023
-0.8439735
-0.467742
-0.6461895
-0.8876332
-0.3126127
0.2797045
-0.771777
-0.2432703
-0.18523
-0.8666399
-0.6322932
-0.3283814
-0.4686358
0.04493193
-0.05312414
-0.5587773
-0.3279297
-0.4013523
-0.5607442
-0.4400467
-0.3064117
-0.8772955
-0.2288112
-0.2952659
-1.034493
-0.2514443
-0.1482098
-0.03666307
-0.6313511
-0.8098539
-0.06828258
-0.1199309
-0.8555419
-1.116991
-0.5222725
-0.7669197
0.2378909
0.07583683
-0.4988845
-0.06398255
-0.4651533
-0.854188
-0.3898192
-0.7632431
-0.4809419
-0.538462
0.1063395
-1.537627
-0.004624267
-1.932446
-0.9562883
-0.5904552
-1.164104
-0.8228851
-1.439209
-1.501994
-1.692827
0.06154766
-0.3996172
0.2397752
-0.2666984
-1.123331
-0.4814047
-0.7208167
-0.9660521
-1.803864
-1.461543
-1.755134
-0.6877407
0.0187837
-1.557159
-0.5755102
-0.4709437
-1.281662
-1.384115
-1.653917
-0.08601521
0.2775253
-0.500566
-0.8438159
-0.1969415
-0.2043586
-0.1910039
-0.1906438
-0.8324694
-0.4627253
-0.2280649
-0.3583706
-0.2231428
-0.3503729
-0.4454518
0.01194629
-0.2395237
-0.04222057
-0.2814354
-0.6655003
-0.4350337
-0.7214492
-1.005421
-0.3756786
0.2460042
0.3721047
-0.8988324
-0.3014733
-0.2682743
-0.5284371
-0.2293571
-0.4035793
-0.2046344
0.4107324
-0.8001144
0.3034699
-1.238445
-0.7090233
0.2283007
-0.5204885
-0.1591907
-0.133536
-1.076603
-0.3142494
-0.9670982
-0.4011264
0.3957033
-0.2136745
0.2029997
-1.0149
-0.8685662
-1.14364
-1.017666
0.3030714
-1.07201
-1.00779
-0.9045504
0.09185742
-0.258577
-1.236782
-0.4055071
-0.3886072
-0.1370497
0.1200947
-0.3879753
-0.4221131
-0.1872516
-1.361444
-0.1606544
-1.926168
-1.490618
-0.4662075
-1.423314
-0.841756
-1.67149
-1.391039
-2.215377
-0.06186387
-0.6550841
0.2219102
-0.5815052
-1.070354
-0.2189591
-1.520468
-1.385331
-1.551748
-2.17276
-1.76632
-0.8272716
-0.1485357
-1.862247
-0.07903174
-0.364422
-2.251085
-2.103353
-1.830561
-0.6119664
-0.3532114
-0.1066875
-0.2886171
0.0176162
-0.2467277
-0.2284389
-0.5098156
-0.394184
-0.4485113
-0.6391308
-0.5240382
-0.2314442
-0.2816205
0.08464441
0.2278337
-0.4276321
-0.01603785
0.1553628
-0.6178998
-0.5873565
-0.6341776
-0.3589486
-0.3219618
-0.5973065
-0.3013265
-0.745523
0.0122608
-0.490283
-0.5281173
-0.1108906
-0.8827131
-0.05197502
0.529187
-4.462767
-0.1922319
-4.443673
-3.725714
0.1551084
-4.449764
-0.151463
0.3438329
-3.583582
-3.374251
-3.789606
-4.517371
0.1041083
0.1881568
0.5911947
-3.872385
-4.07627
-3.668057
-4.139301
-0.05311893
-3.50487
-3.699642
-4.296061
0.2233024
0.2896781
-4.039541
-3.974203
-4.019929
0.06094788
0.5181622
0.1682614
-0.172086
0.01966624
0.1785377
-0.5136929
-0.6898043
-0.2974955
-0.04787631
-0.1384334
0.1761948
-0.8500355
-0.9841697
-0.4176476
-0.7845742
0.2369219
0.00354428
-0.3628146
-0.3298725
-0.7938443
-0.7014663
-0.8098311
0.02440627
-0.8837839
-0.5916241
-0.5620154
0.3928835
-0.1678963
-0.1171619
-0.5253406
-0.3040859
-0.02703721
0.01680003
-0.4305064
-0.5933374
-0.2307496
-1.363017
-0.4004371
-1.74233
-1.472137
-0.2083607
-1.300305
-0.9802783
-1.533389
-1.847489
-2.162785
0.1495224
-0.3854267
-0.4216551
-0.6020543
-0.9418676
-0.08423433
-1.347752
-1.292643
-1.996633
-2.064824
-1.925315
-0.3599611
-0.3998836
-1.661021
0.233839
-0.07879596
-1.806983
-1.977234
-1.716784
0.1366146
-0.3598946
-0.1564643
-0.2728071
-0.4527171
-0.5908273
-0.09883282
0.1450047
-0.3981825
0.1446316
-0.2719434
0.09068624
-0.3756399
0.10269
0.2978532
-0.1671815
0.1780148
-0.63039
-0.5894699
-0.4748305
-0.4764382
0.07030528
-0.6027073
0.02062411
-0.1529157
-0.213149
-0.2846587
-0.6232073
-0.5428275
0.07434679
-0.3967625
-0.03558685
0.1561175
0.1469526
-0.4664961
-0.1411866
-0.5118632
-0.1015885
0.2241386
-0.4164302
-0.4470272
0.2490801
-0.2643521
-0.1856227
-0.3961203
-0.1283844
-0.4574096
-0.4421605
-0.4312167
-0.355101
-0.3728889
0.002650916
-0.4092957
-0.09182861
-0.55935
-0.5781725
0.1145667
0.4163258
0.2210908
0.1492611
0.1469792
-0.4918457
0.1041557
-0.3332019
-0.1290857
0.0624161
0.2909506
-0.4353702
0.1168594
-1.359055
-0.6235322
0.053716
-0.350957
-0.4918754
-0.5542489
-0.578429
-1.373727
-0.163958
-0.01572162
-0.1200391
-0.6897768
-0.3667499
-0.3572893
-0.9925041
-1.239931
-0.7954886
-0.7615278
-0.8972405
-0.4775345
0.2456859
-0.7211157
-0.06397888
0.1506181
-1.015453
-0.6985711
-0.5337003
-0.2624852
0.2596323
0.06628063
-0.474116
-0.4460894
-0.5540724
-0.647837
0.0627874
-0.666824
-0.2813712
-0.1102723
-0.6532155
-1.053992
0.1609313
-0.2378354
-0.3064832
-0.5422879
-0.4569358
-0.07508315
-0.363379
-0.9353895
-0.5045097
-0.9172604
-0.5721577
-0.152844
-0.3579641
-0.5495874
-0.0362431
0.3225605
-0.5061762
-0.2131256
-0.2082334
-0.1638401
-0.3292556
0.05801733
-0.8220358
-0.4833811
-1.590552
-0.9445638
0.002975533
-1.111966
-0.5650026
-1.694327
-1.257712
-1.780379
0.1004789
-0.452312
-0.4171761
-0.1443775
-1.471413
-0.1670021
-0.9754241
-1.614874
-1.254982
-1.61129
-1.482862
-0.4614777
-0.5563662
-1.940839
-0.4535862
-0.4175894
-1.719766
-1.205444
-1.19061
-0.1312084
-0.5872579
-0.1481483
-0.8461239
0.1920425
-1.94139
-1.681028
0.006028563
-1.248405
-1.104552
-1.68826
-1.583933
-1.771806
-0.5798815
-0.8973435
-0.468817
-0.5645845
-1.6015
-0.1437346
-1.256037
-1.104749
-2.221728
-2.156261
-1.398649
-0.285522
-0.4375175
-1.847747
-0.08543951
-0.5501851
-1.568064
-1.817385
-2.030733
0.1474234
0.1826899
-0.4419741
-0.5146099
0.2953115
-0.5642945
-0.2464942
0.2190761
-0.4713974
-0.4358398
-0.5640128
0.08817435
-0.3204463
-0.3948959
-0.4199014
-0.02532516
-0.1588012
-0.1049934
-0.4863671
-0.4805337
-0.5930836
0.07545811
-0.3118787
-0.2794663
-0.4425095
0.1430331
-0.3602026
-0.004827907
0.0638358
-0.5214983
-0.05360958
0.02488301
-0.3824163
0.2490458
-4.555347
0.2061208
-4.639255
-3.571693
0.04999425
-4.56577
0.4557951
0.6516294
-3.743379
-3.776241
-3.502467
-3.947103
0.4792877
0.4482429
0.04109628
-4.173354
-4.366875
-3.744109
-4.229346
0.6805432
-3.931911
-4.10429
-4.635692
0.2100694
0.7818352
-4.654212
-4.456109
-3.591982
0.1979467
0.110101
0.009419133
0.08318887
0.02010748
1.378926
-0.193069
2.027506
1.298552
0.4125456
1.583647
1.012984
1.538462
1.94669
2.191628
0.3091219
0.3096184
0.07700325
0.5411233
1.724222
0.3015087
1.328991
1.444446
1.629625
1.400187
1.90405
0.06994436
0.1887773
1.569824
0.100384
0.3384847
1.505587
1.989998
1.615968
-0.002895176
-0.4595262
-0.5301903
-0.4973255
-0.5200272
-0.6040246
-0.2363814
-0.26466
-0.1795645
-0.2892326
-0.1797168
-0.7970872
-0.7773919
0.3104131
0.1968393
-0.4546382
-0.4389607
-0.584345
-0.1752376
-0.3601243
-0.6350504
-0.9676148
-0.4004044
-0.3099845
0.2501526
0.2137951
-0.1760246
-0.04660605
0.2268216
-0.1682939
-0.7049225
-0.2061769
-0.1177615
0.03360849
-0.5567935
0.2070395
-0.1393801
0.1437231
0.2474344
-0.4079501
-0.1174884
-0.06734056
-0.2774586
-0.6676622
-0.08462566
-0.3251016
0.5079848
-0.3702953
0.3084368
-0.5634158
-0.8525637
-0.752558
-0.090498
0.3625092
-0.4574829
-0.3730916
-0.7624485
-0.1267263
-0.05324654
-0.2039302
-0.2170295
-0.03071247
0.7115847
0.6807428
-0.2726375
-0.271513
-0.477673
-0.6936291
-0.2821882
-0.64329
-0.2933408
-0.2568544
-0.5788323
-0.3323942
-0.620255
-1.136378
-1.017995
-0.4303054
0.07407132
0.1497446
-0.1435347
-0.6639016
0.09535501
-0.3391376
-0.6200836
-0.7863602
-0.6037313
-1.00956
-0.4468122
-0.1454313
-0.7479603
-0.4266694
-0.5652414
-1.265793
-0.6261606
-0.7573027
-0.3670589
0.01116551
0.2212633
0.6389701
0.5211243
1.027211
0.8435759
-0.02642065
0.6812623
1.271705
1.130413
1.612868
1.052158
0.5508268
0.6283153
-0.1919317
0.6942618
1.439084
-0.08834463
0.8887693
1.428051
1.02252
1.423496
1.166471
0.2973362
0.1345719
1.021909
0.5643719
0.5687507
1.728159
1.289862
1.648703
0.1868904
-0.4427718
-0.3751702
-1.831622
-0.4167846
-3.183379
-2.506912
-0.0811012
-2.847529
-1.872424
-2.779206
-2.787934
-3.232418
-0.5051712
-1.300825
-0.4413569
-1.386219
-2.112492
-0.2264213
-2.227494
-2.319466
-3.385497
-3.220264
-2.891755
-0.7988177
-0.04202485
-3.484004
-0.6349576
-0.7489951
-3.129193
-3.436702
-2.952304
-0.3342171
-0.01676795
-0.3660903
-0.1960264
0.2192299
-1.296429
-0.7139395
-0.05669543
-1.05381
-0.3250125
-1.146743
-0.8835216
-1.3026
-0.4352697
-0.5506689
-0.3072496
-0.07992456
-0.4851386
-0.4005924
-0.3197399
-0.5965425
-0.8813904
-0.7201067
-0.8368519
-0.5495337
0.01276475
-0.6728727
0.2759633
0.1186851
-1.208647
-1.284767
-0.9433812
-0.08103204
-0.8416992
-0.653171
-1.540357
-0.004473906
-2.285635
-1.2542
-0.01915536
-1.810302
-1.533963
-1.752368
-2.204446
-1.598412
-0.4162351
-0.246733
-0.5714716
-0.3861017
-1.208899
-0.25251
-1.084279
-1.976861
-2.100437
-1.564037
-2.220407
-0.8389738
0.268813
-1.951222
0.2186588
-0.5055997
-1.946559
-1.547362
-1.467445
-0.2505265
-0.5652872
-0.207854
-0.7588953
-0.4366925
-1.127398
-0.570354
-0.3490346
-1.293577
-0.8706686
-1.230159
-0.999374
-0.7982112
0.08295736
-0.04339505
0.1630728
-0.2862314
-1.075953
-0.1771154
-0.7672746
-0.5620286
-1.480013
-1.29681
-1.409122
-0.6497011
0.1565486
-0.9189699
0.2389679
-0.3635698
-0.8929678
-0.9615174
-1.089823
-0.2040105
-0.1590888
-0.1938958
-0.2113775
0.3611307
-0.3008596
-0.07432091
0.2300581
0.5108401
-0.001523792
-0.3098878
0.06819934
0.05265611
-0.4752867
0.4756223
0.2532592
0.303581
-0.0002534587
0.005904626
0.2845038
-0.1316908
-0.3789022
0.05962893
0.2161401
0.3063762
-0.172097
-0.4581506
0.4852684
0.01606995
-0.1138034
0.3917846
0.1274463
-0.2499834
-0.03559627
0.2170989
-0.1341234
-0.2166472
-0.2663228
-0.2117321
0.3514425
0.2274725
-0.1774767
-0.2991583
-0.2777601
-0.3584851
-0.3132218
-0.01065942
-0.1244294
-0.2965679
-0.1434132
0.1661083
0.218494
0.2621584
-0.4178724
0.04890349
0.3000503
-0.08141568
0.2152472
0.3988314
0.0287091
0.1834669
-0.3126155
-0.1735613
-0.07346807
-0.2624187
0.1732988
0.2481712
-0.0129954
0.00218087
0.314801
-0.214883
-0.3978553
0.08467918
-0.4301091
-0.2151505
0.1138721
-0.4398122
-0.253085
-0.2836168
0.3335614
0.166716
-0.0413398
-0.4379072
-0.2573838
0.04496011
0.09030776
-0.08048838
-0.2790034
-0.09901151
-0.5175802
-0.3896801
-0.17693
-0.1799271
0.1731027
0.3503049
0.1019014
-0.06107007
