-0.3004919
-0.007255971
-0.4675223
-9.879358
9.127419
-11.19702
3.608813
1.635631
-30.17564
4.790781
-37.52514
-49.98251
0.4092993
19.07283
2.306467
9.623389
-27.43611
-5.764102
-30.55652
19.08714
4.729497
39.63985
8.976641
-2.340102
13.23549
5.635175
13.45433
-1.475455
-4.990301
6.735028
8.000835
13.59685
-9.553404
-1.298748
-6.773582
-3.063337
-3.620044
-3.084622
-1.129629
-4.064134
-0.9360626
-0.3615361
-1.945217
-0.7035518
-0.3453415
-2.40133
-0.3203347
-3.297771
-0.302817
-1.883515
-0.5848694
-0.2723072
-1.294489
-0.3732063
-1.858221
-2.141565
-0.294645
-3.834507
1.673165
-0.5388756
-0.5796431
-1.199684
1.363997
-3.411797
-1.494676
-1.808555
-1.000828
-0.7089415
-0.1009806
-0.1108165
-14.22452
-54.31731
-7.493084
13.31216
50.45537
8.054399
-16.29981
-111.084
-10.57864
5.555999
15.17717
2.071017
2.432003
8.095522
1.681984
-44.41863
-238.449
-24.60574
6.615157
16.20013
2.560316
-54.38547
-335.976
-31.9422
-72.23831
-465.4483
-39.58316
1.404696
8.283804
3.46075
27.86915
119.6938
16.89927
3.428393
9.555444
2.248779
12.62363
32.68971
7.668354
-39.37628
-220.1242
-20.94943
-8.400417
-23.42143
-4.563337
-44.96081
-284.2795
-27.61734
27.90977
172.4463
18.63806
7.383914
21.52459
2.412446
60.22588
382.7838
33.35595
13.37538
75.77157
5.795155
-3.636424
-10.24203
-2.740795
18.65708
81.86344
11.10086
8.083686
33.76505
4.61079
17.6942
89.77983
10.00955
-2.513755
-4.965385
-0.05740513
-7.209381
-16.74584
-3.47522
8.765453
41.32744
4.916284
11.09158
27.38666
6.5294
19.31512
83.89852
12.07194
-13.54608
-61.05649
-6.760543
-1.604901
-6.487504
0.8954791
-9.796883
-35.89608
-6.727475
-1.425073
-0.1569043
-1.939506
0.05557495
-3.456005
-2.901292
-0.706918
-2.376354
-2.178497
-2.690739
-2.924714
-3.900654
-0.08565994
-0.9729022
-0.1057621
-1.856117
-2.30645
-0.3055438
-1.749206
-2.867564
-3.179028
-3.156062
-2.68327
-0.7684668
-0.9696557
-3.260568
-0.437343
-0.4320082
-2.93649
-3.101963
-2.766161
-0.08831286
-0.8203917
-0.5318285
-2.181559
0.1272017
-3.282095
-2.22791
-0.5656503
-2.315005
-1.466082
-2.809947
-2.950569
-2.841168
-0.8214636
-0.8018862
-0.4348388
-1.028879
-2.344819
-0.4204386
-1.343424
-2.682123
-2.872732
-3.104102
-3.011578
-0.7567127
0.2492749
-2.573109
-0.3940637
-0.2259689
-2.604105
-2.687439
-3.007906
0.4513796
-0.3997226
-0.8325453
-1.937757
-0.6096013
-3.181411
-2.413709
-0.2595857
-1.904429
-2.11976
-2.102876
-2.819726
-2.58883
-0.6700458
-0.7946689
0.03165746
-0.648364
-2.114334
-0.1692573
-1.835877
-2.514749
-2.939357
-2.21276
-2.474476
-0.9223223
-0.4167943
-2.621513
-0.08252236
-0.1001661
-2.509045
-3.122647
-2.764461
-1.035545
-0.1816271
-0.5877393
-0.7897575
-0.5139471
-0.7489789
-0.7282805
-0.2374419
-0.4923551
-0.6368464
-0.8077252
-1.412671
-1.342343
-0.1158724
-0.2219513
-0.3754156
-0.7266414
-0.3778423
0.4112157
-0.4525468
-0.8254859
-0.8753545
-1.232269
-0.6875697
0.6958347
0.247447
-1.109522
0.1964747
0.09485307
-0.6570382
-0.8831494
-0.6035083
0.1232414
-0.6259822
-1.203755
-2.271471
-0.316193
-3.217104
-2.26101
0.09945834
-2.939709
-1.877435
-2.894589
-2.996176
-3.993932
-0.2395273
0.08502774
0.8382242
-0.8728876
-2.984054
-0.43427
-1.819039
-2.022894
-2.500208
-3.371419
-2.569185
-0.5426847
-0.7849001
-3.389283
-0.7536435
-0.2902348
-3.34555
-2.833388
-3.24171
-0.1829694
0.1818812
-0.06922472
-0.6629808
-0.4319444
-0.3297482
-0.5273003
-0.4083607
-0.847222
-0.2295342
0.2413617
-0.2532142
-0.7491986
-0.2006237
0.5852416
0.232206
-0.501931
-0.3913922
-0.1528605
-0.05133526
-0.8439735
-0.467742
-0.5544518
-0.8876332
-0.7640414
-0.1950808
-0.771777
0.03242145
-0.2142272
-1.254166
-1.004734
0.291624
-0.525027
0.1381258
-0.05312414
-0.5587773
-0.4698569
-0.6028339
-0.09731603
-0.9317956
-0.07844447
0.04458964
-0.04388316
-0.7106609
-1.075469
-0.2514443
-0.1482098
0.154585
-0.6313511
-0.8098539
0.2810465
-0.1199309
-0.5259667
-1.116991
-0.7708849
-1.093277
0.4869867
0.4704317
-0.4988845
-0.06398255
-0.4651533
-0.854188
-0.1034558
-0.5437412
-0.4809419
-0.538462
0.1063395
-1.537627
0.1163049
-1.932446
-0.9562883
-0.2366576
-1.606474
-0.8228851
-1.439209
-1.086947
-1.259236
0.4301546
-0.557416
0.2397752
-0.2745893
-1.44559
-0.4814047
-0.7208167
-0.9660521
-1.803864
-1.71121
-1.462691
-0.757795
0.0187837
-1.071957
-0.5755102
-0.1798364
-0.9188449
-1.283784
-1.653917
-0.1825513
0.5112736
-0.8894225
-1.090647
-0.1969415
0.005764157
-0.1910039
-0.2823698
-0.8324694
-0.4627253
-0.6699374
-0.3583706
-0.2554165
-0.4789905
-0.4454518
0.01194629
-0.2395237
0.3230192
-0.2814354
-0.6655003
-0.4350337
-0.7214492
-1.268107
-0.3756786
-0.2380421
0.3721047
-1.066471
-0.3014733
-0.2682743
-0.1468034
-0.3474241
-0.4035793
-0.4445427
0.4107324
-0.8001144
0.1342306
-1.546359
-0.7090233
0.2283007
-0.5204885
-0.1591907
-0.722688
-1.228184
-0.3142494
-0.5423917
-0.4011264
0.3957033
-0.2136745
0.3879209
-1.0149
0.09219271
-1.14364
-1.509914
0.2433049
-1.477921
-1.00779
-1.486682
0.1491057
-0.4279494
-1.236782
-0.1893376
-0.04164451
-0.1370497
0.2713692
-0.3879753
-0.5847875
-0.3097328
-1.280665
-0.2328276
-1.926168
-0.9985421
-0.8673978
-0.7672662
-0.841756
-1.693939
-1.317577
-2.197747
0.2201836
-0.9715762
0.2219102
-0.5815052
-0.7578843
-0.5147992
-1.520468
-1.215069
-1.235155
-1.808279
-1.76632
-0.8272716
-0.1485357
-1.862247
-0.07903174
-0.364422
-2.400096
-2.103353
-1.565362
-0.6119664
-0.3532114
0.1623975
-0.3224465
-0.1821689
-0.1376724
-0.2284389
-0.5125367
-0.394184
-0.3676375
-0.6391308
-0.5240382
0.2264281
-0.2816205
0.08464441
-0.01094852
-0.4276321
-0.01603785
0.3882068
-0.03541678
-0.8177722
-0.6341776
-0.3589486
0.314972
-0.1370468
-0.2714991
-0.745523
0.006665057
-0.5354231
-0.3158251
-0.1108906
-1.110595
-0.05197502
0.529187
-4.902168
-0.6546156
-4.421607
-4.011437
0.2379383
-4.449764
-0.3495891
0.3438329
-3.583582
-3.685619
-3.404292
-4.517371
0.1041083
0.5385987
0.5911947
-3.608984
-4.015834
-3.668057
-4.139301
-0.01622288
-3.109137
-3.699642
-4.682379
0.5899304
0.5495747
-4.458
-3.974203
-4.019929
0.04581234
0.2186288
0.1682614
0.2855402
0.4458931
0.1765936
-0.5136929
-0.770273
-0.469724
0.1581391
-0.1384334
-0.2960143
-0.8500355
-1.647753
-0.4176476
-0.7845742
0.358375
0.1455156
-0.4705151
-0.3298725
-0.4985506
-0.3520013
-0.8098311
0.03143257
-1.206963
-0.5916241
-0.5620154
0.2557371
-0.136659
-0.1795535
-0.5253406
0.1794862
-0.02703721
-0.107854
-0.4305064
-0.4592307
-0.2307496
-0.887103
-0.4004371
-2.287638
-1.408776
0.1505093
-1.300305
-1.194389
-1.256496
-1.955703
-2.36746
0.1495224
-0.3854267
-0.4869379
-0.9249805
-0.944378
0.1329367
-0.7004119
-1.562363
-2.202645
-2.56055
-1.925315
-0.4569609
0.5266968
-1.661021
0.233839
0.07787108
-1.668014
-1.514188
-1.716784
0.1366146
-0.5219769
-0.1609093
-0.4225446
-0.453104
-0.4538866
-0.003706731
-0.004628882
-0.5893807
-0.2756149
-0.1267306
0.5450163
-0.3449384
0.006082132
0.3375053
-0.1671815
-0.02926101
-0.63039
-1.034634
-0.4748305
-0.4764382
-0.3600916
-0.2577879
0.02062411
-0.1529157
-0.2361357
0.1584058
-0.6232073
-0.5428275
0.4825826
-0.8692886
-0.03558685
0.1561175
0.1469526
-0.3675215
0.05052893
-0.5118632
-0.1015885
0.2241386
-0.8718865
0.1724392
0.04185484
-0.9448215
-0.1856227
-0.1328152
-0.1283844
-0.4399213
-0.801842
-0.8674445
-0.355101
-0.5206512
0.002650916
-0.3470717
0.2109604
-0.4737118
-0.5781725
0.1145667
0.4163258
0.2210908
-0.1496509
0.1469792
-0.9063519
0.0588368
-0.3332019
-1.034087
0.001428209
0.3175911
-0.4353702
0.1168594
-1.575631
-0.7647265
-0.1714691
-0.350957
-0.2390561
-0.5458658
-0.578429
-1.13045
-0.07214426
0.1717007
-0.1200391
-0.4999645
-0.3667499
-0.3572893
-1.273883
-1.213427
-0.7954886
-0.6893795
-0.8972405
-0.4775345
-0.01869503
-0.5861413
-0.06397888
0.1683092
-1.468582
-0.05623257
-0.5337003
0.1425837
0.2596323
0.06628063
-0.474116
-0.4460894
-0.5540724
-0.5685189
0.4121727
-0.666824
-0.2813712
0.2992635
-0.6865942
-1.053992
0.1609313
0.3755155
-0.6449198
-0.05906194
-1.290846
-0.5018511
-0.1541851
-1.036367
-0.7160609
-0.7140272
-0.6479751
-0.152844
0.00481087
-0.5495874
-0.0362431
-0.04180187
-0.5777007
-0.2131256
-0.5346732
-0.1638401
-0.6258519
0.05801733
-0.8220358
-0.1570681
-1.590552
-1.057491
-0.01290416
-1.111966
-0.4586781
-1.442101
-1.257712
-1.588436
0.1004789
-0.8853989
-0.4171761
0.05499502
-1.206077
-0.6602904
-0.9635733
-1.614874
-1.503834
-1.277843
-1.482862
-0.2510781
-0.8126208
-2.063765
-0.4859989
-0.4175894
-1.748713
-0.9545516
-1.19061
-0.1312084
-0.5872579
-0.1481483
-0.8461239
0.1920425
-2.186821
-1.681028
0.006028563
-1.248405
-1.483056
-1.68826
-1.583933
-2.089641
-0.5798815
-0.7710799
-0.468817
-0.4127388
-1.959166
-0.6232195
-1.352086
-1.104749
-2.221728
-1.288456
-1.398649
-0.1629897
-0.4375175
-1.966883
-0.08543951
-0.9496351
-1.276391
-1.817385
-2.33959
0.4203147
0.4150691
-0.4841877
-0.5447143
-0.4166949
-0.4296039
-0.2464942
0.2440836
-0.0004767179
-0.4358398
-1.050227
0.08817435
-0.1432607
-0.870232
-0.2238067
-0.02532516
-0.1588012
-0.1049934
-1.197992
-0.01153883
-0.5930836
0.07545811
-0.6065314
-0.2794663
-0.4425095
0.1430331
-0.5728563
0.4833857
0.7556332
-0.8868483
0.4109373
0.02488301
-0.8663054
0.2490458
-4.742153
-0.04495089
-4.639255
-3.571693
0.04999425
-5.037858
-0.09759462
0.9392857
-3.743379
-3.776241
-3.502467
-3.947103
0.4233996
0.4023622
0.04109628
-4.044751
-4.366875
-3.978264
-4.487379
0.6805432
-3.359427
-4.10429
-4.635692
-0.2235415
0.7818352
-4.654212
-4.458931
-3.591982
0.1300308
0.110101
-0.2073375
-0.01200434
0.02010748
1.434713
-0.193069
2.027506
1.298552
0.4125456
1.583647
1.45735
1.538462
2.322981
2.204478
0.3203946
-0.08778949
0.04531819
0.5411233
1.848235
0.3015087
1.328991
0.851246
1.903689
1.400187
2.407348
0.2871334
0.1887773
1.569824
0.4406112
0.6248669
1.946235
1.944877
1.149788
-0.002895176
-0.4595262
-0.6973509
-0.579222
-0.2873472
-0.1408008
0.1523197
-0.26466
-0.4606406
-0.2892326
0.2864159
-0.7970872
-0.5406727
0.3104131
-0.613718
-0.4546382
-0.4389607
-0.584345
-0.3783889
-1.209784
-0.6204466
-0.9676148
-0.2438693
-0.834232
0.2501526
0.2137951
-0.6221291
0.3975545
0.2268216
-0.1682939
-0.2235588
0.07974532
-0.1177615
0.2880934
-0.3455257
0.2070395
0.4272588
0.1437231
0.2474344
-0.4079501
-0.1174884
-0.06734056
-0.2774586
-0.6676622
-0.07794327
-0.3712083
0.9444306
-0.1163053
0.3084368
-0.5634158
-1.180749
-0.752558
-0.090498
0.01511639
-0.4574829
-0.8093243
-0.9803717
-0.1267263
0.2783273
-0.2039302
0.2080795
0.3550633
0.384064
0.4120614
-0.6387024
-0.7568196
-0.9423367
-0.6936291
-0.1115306
-0.6751066
-0.2933408
-0.2568544
-0.1559441
-0.3323942
-0.4992809
-1.136378
-0.9187767
-0.4303054
0.07407132
0.7560123
-0.4367757
-1.158243
-0.7967466
-0.5237222
-0.6200836
-0.7863602
-0.6037313
-0.6886185
-0.4468122
-0.6015754
-0.3155036
-0.3880994
-0.6384176
-1.265793
-0.8814058
-0.4228566
-0.3670589
0.01116551
0.2703382
0.9379041
0.7822401
1.194855
0.9951039
-0.1632804
0.7750667
1.733605
1.130413
1.565367
1.052158
0.5508268
0.8946718
-0.2511781
0.9361243
1.439084
-0.1360404
1.102785
2.009948
1.252552
1.423496
1.166471
0.4334012
0.1345719
1.006159
0.5643719
1.0088
1.728159
1.289862
1.154351
0.0296354
-0.4427718
-0.3751702
-1.508778
-0.4167846
-3.539339
-2.363336
-0.0811012
-2.847529
-1.375939
-2.778404
-3.13587
-3.723391
-0.8364671
-1.300825
-0.4413569
-1.386219
-2.112492
-0.2686743
-1.936876
-1.891876
-3.7862
-3.220264
-2.419997
-0.9087917
0.3321574
-3.484004
-0.6349576
-0.7489951
-3.129193
-3.436702
-2.952304
0.05913791
-0.01676795
-0.3738399
-0.1960264
0.2192299
-1.296429
-0.741978
-0.05669543
-0.583972
-0.65979
-1.337116
-0.8835216
-1.3026
-0.4352697
-0.5506689
-0.2548487
0.3877385
-0.8313254
-0.4005924
-0.3197399
-0.3660734
-0.3982756
-0.9079607
-0.1714229
-0.8384844
-0.4840126
-0.3684064
0.4638363
0.3552667
-1.35997
-1.736208
-1.141016
0.04004174
-1.25899
-0.2082869
-1.540357
-0.004473906
-2.285635
-1.734268
-0.4680994
-1.810302
-1.704695
-1.535123
-2.526285
-1.598412
-0.4162351
0.006302074
-0.5929595
-0.03885791
-1.208899
-0.5562263
-1.237707
-1.871448
-2.345781
-1.190368
-2.160527
-0.4699878
0.4283113
-1.876216
-0.109236
-0.7313912
-1.946559
-1.572074
-1.467445
-0.2505265
-0.5652872
0.4453565
-0.7588953
-0.4366925
-1.588924
-0.570354
-0.09800607
-1.293577
-1.216004
-1.230159
-0.999374
-0.7982112
-0.0004867911
-0.04339505
0.1630728
-0.2862314
-1.075953
-0.1771154
-0.7672746
-0.3172115
-1.244894
-1.068617
-1.409122
-0.50605
0.1565486
-0.9189699
0.2389679
-0.3635698
-0.8929678
-0.9615174
-0.4000338
-0.2040105
-0.1188883
-0.1599609
-0.2113775
0.3611307
-0.3008596
-0.07432091
0.2300581
0.6101897
0.4701093
-0.2944233
-0.1306382
0.05265611
-0.03201947
0.7191427
0.6134956
0.5141222
0.2609234
-0.4706663
1.064587
-0.1316908
-0.3789022
0.05962893
0.2575463
0.06014112
-0.172097
-0.1238054
0.4852684
0.05623543
1.037747
0.3917846
-0.3487059
-0.1726739
-0.2062212
0.2170989
-0.1341234
-0.2166472
-0.2663228
-0.5049993
0.2397482
0.9211549
-0.7476177
-0.3362011
-0.561025
-0.3584851
-0.3132218
0.1944233
0.08591836
-0.2965679
-0.4273071
0.1661083
0.6706498
0.04976076
-0.4178724
0.04890349
0.6627558
-0.08141568
0.2152472
0.3988314
0.3010122
0.3577819
0.2815928
-0.1735613
0.01226452
-0.2624187
0.1732988
-0.1789148
-0.0129954
-0.0490247
0.314801
-0.214883
-0.3978553
0.3630044
-0.4301091
-0.2151505
0.9338058
-0.6534005
-0.08221589
-0.2836168
0.6723044
0.166716
-0.3090884
-0.7640563
0.09864077
0.5386876
0.3333049
-0.08048838
-0.2953868
-0.09901151
-0.5175802
-0.76388
-0.17693
-0.3660466
0.7822125
0.3503049
0.1019014
-0.523703
